geneID	DGRP.177	SP.159N	Total.Count	Fraction.DGRP
FBgn0000003	0	0	0	NA
FBgn0000008	432	430	862	0.501160092807425
FBgn0000014	194	203	397	0.488664987405542
FBgn0000015	798	787	1585	0.503470031545741
FBgn0000017	193	224	417	0.462829736211031
FBgn0000018	105	89	194	0.541237113402062
FBgn0000022	0	0	0	NA
FBgn0000024	381	374	755	0.504635761589404
FBgn0000028	265	249	514	0.51556420233463
FBgn0000032	124	131	255	0.486274509803922
FBgn0000036	632	693	1325	0.476981132075472
FBgn0000037	222	252	474	0.468354430379747
FBgn0000038	295	297	592	0.498310810810811
FBgn0000039	272	269	541	0.502772643253235
FBgn0000042	87	79	166	0.524096385542169
FBgn0000043	54	41	95	0.568421052631579
FBgn0000044	84	73	157	0.535031847133758
FBgn0000045	10	17	27	0.37037037037037
FBgn0000046	52	52	104	0.5
FBgn0000047	52	71	123	0.422764227642276
FBgn0000052	293	297	590	0.496610169491525
FBgn0000053	419	388	807	0.519206939281289
FBgn0000055	0	0	0	NA
FBgn0000056	0	0	0	NA
FBgn0000057	102	86	188	0.542553191489362
FBgn0000061	132	120	252	0.523809523809524
FBgn0000063	144	181	325	0.443076923076923
FBgn0000064	194	181	375	0.517333333333333
FBgn0000071	40	39	79	0.506329113924051
FBgn0000075	178	196	374	0.475935828877005
FBgn0000077	66	63	129	0.511627906976744
FBgn0000078	80	96	176	0.454545454545455
FBgn0000079	92	90	182	0.505494505494505
FBgn0000083	231	197	428	0.539719626168224
FBgn0000084	53	30	83	0.63855421686747
FBgn0000092	62	66	128	0.484375
FBgn0000094	91	72	163	0.558282208588957
FBgn0000097	256	251	507	0.504930966469428
FBgn0000100	0	0	0	NA
FBgn0000108	217	189	406	0.53448275862069
FBgn0000109	88	82	170	0.517647058823529
FBgn0000114	688	790	1478	0.465493910690122
FBgn0000115	81	91	172	0.47093023255814
FBgn0000116	272	240	512	0.53125
FBgn0000117	127	118	245	0.518367346938776
FBgn0000119	514	479	993	0.517623363544814
FBgn0000120	233	244	477	0.488469601677149
FBgn0000121	78	98	176	0.443181818181818
FBgn0000137	122	109	231	0.528138528138528
FBgn0000139	143	124	267	0.535580524344569
FBgn0000140	453	445	898	0.50445434298441
FBgn0000146	184	223	407	0.452088452088452
FBgn0000147	94	112	206	0.456310679611651
FBgn0000150	14	7	21	0.666666666666667
FBgn0000152	132	140	272	0.485294117647059
FBgn0000153	153	154	307	0.498371335504886
FBgn0000157	172	151	323	0.532507739938081
FBgn0000158	64	65	129	0.496124031007752
FBgn0000163	602	605	1207	0.498757249378625
FBgn0000166	61	60	121	0.504132231404959
FBgn0000173	89	83	172	0.517441860465116
FBgn0000179	483	475	958	0.504175365344468
FBgn0000180	215	194	409	0.525672371638142
FBgn0000181	61	51	112	0.544642857142857
FBgn0000182	3	1	4	0.75
FBgn0000183	295	312	607	0.485996705107084
FBgn0000206	90	103	193	0.466321243523316
FBgn0000212	279	264	543	0.513812154696133
FBgn0000216	47	43	90	0.522222222222222
FBgn0000221	133	96	229	0.580786026200873
FBgn0000227	126	95	221	0.570135746606335
FBgn0000228	382	445	827	0.461910519951632
FBgn0000229	155	173	328	0.472560975609756
FBgn0000233	145	163	308	0.470779220779221
FBgn0000239	24	28	52	0.461538461538462
FBgn0000241	207	204	411	0.503649635036496
FBgn0000244	62	65	127	0.488188976377953
FBgn0000246	63	71	134	0.470149253731343
FBgn0000247	381	398	779	0.489088575096277
FBgn0000250	257	290	547	0.469835466179159
FBgn0000251	127	111	238	0.533613445378151
FBgn0000253	311	321	632	0.492088607594937
FBgn0000256	457	526	983	0.464903357070193
FBgn0000257	171	220	391	0.437340153452685
FBgn0000259	303	294	597	0.507537688442211
FBgn0000261	33	32	65	0.507692307692308
FBgn0000273	357	355	712	0.501404494382023
FBgn0000274	97	99	196	0.494897959183673
FBgn0000276	53	73	126	0.420634920634921
FBgn0000277	66	71	137	0.481751824817518
FBgn0000278	74	86	160	0.4625
FBgn0000279	60	58	118	0.508474576271186
FBgn0000280	37	45	82	0.451219512195122
FBgn0000281	64	55	119	0.53781512605042
FBgn0000283	19	9	28	0.678571428571429
FBgn0000286	170	195	365	0.465753424657534
FBgn0000287	436	384	820	0.531707317073171
FBgn0000289	241	260	501	0.481037924151697
FBgn0000299	319	299	618	0.516181229773463
FBgn0000303	188	232	420	0.447619047619048
FBgn0000307	247	231	478	0.51673640167364
FBgn0000308	141	162	303	0.465346534653465
FBgn0000316	43	43	86	0.5
FBgn0000317	614	666	1280	0.4796875
FBgn0000318	32	46	78	0.41025641025641
FBgn0000319	289	290	579	0.499136442141624
FBgn0000320	294	317	611	0.481178396072013
FBgn0000326	190	163	353	0.538243626062323
FBgn0000330	186	156	342	0.543859649122807
FBgn0000337	27	10	37	0.72972972972973
FBgn0000339	60	32	92	0.652173913043478
FBgn0000346	218	192	410	0.531707317073171
FBgn0000351	54	53	107	0.504672897196262
FBgn0000352	197	196	393	0.501272264631043
FBgn0000355	650	673	1323	0.491307634164777
FBgn0000356	615	699	1314	0.468036529680365
FBgn0000357	986	960	1946	0.506680369989723
FBgn0000358	1146	1225	2371	0.483340362716154
FBgn0000359	224	234	458	0.489082969432314
FBgn0000360	414	435	849	0.487632508833922
FBgn0000370	84	85	169	0.497041420118343
FBgn0000376	247	267	514	0.480544747081712
FBgn0000377	105	100	205	0.51219512195122
FBgn0000382	394	354	748	0.526737967914438
FBgn0000384	54	39	93	0.580645161290323
FBgn0000392	0	0	0	NA
FBgn0000394	40	40	80	0.5
FBgn0000395	242	222	464	0.521551724137931
FBgn0000404	255	290	545	0.467889908256881
FBgn0000405	167	162	329	0.507598784194529
FBgn0000406	103	82	185	0.556756756756757
FBgn0000411	113	116	229	0.493449781659389
FBgn0000412	80	76	156	0.512820512820513
FBgn0000414	464	400	864	0.537037037037037
FBgn0000416	135	154	289	0.467128027681661
FBgn0000422	143	160	303	0.471947194719472
FBgn0000426	0	0	0	NA
FBgn0000427	293	265	558	0.525089605734767
FBgn0000439	144	138	282	0.51063829787234
FBgn0000442	42	40	82	0.51219512195122
FBgn0000447	50	44	94	0.531914893617021
FBgn0000448	134	121	255	0.525490196078431
FBgn0000449	166	168	334	0.497005988023952
FBgn0000451	273	234	507	0.538461538461538
FBgn0000454	96	95	191	0.50261780104712
FBgn0000455	53	41	94	0.563829787234043
FBgn0000459	198	203	401	0.493765586034913
FBgn0000463	343	370	713	0.481065918653576
FBgn0000464	123	125	248	0.495967741935484
FBgn0000473	100	106	206	0.485436893203884
FBgn0000477	104	123	227	0.458149779735683
FBgn0000479	1089	1184	2273	0.479102507699076
FBgn0000482	190	222	412	0.461165048543689
FBgn0000489	263	213	476	0.552521008403361
FBgn0000490	259	294	553	0.468354430379747
FBgn0000492	163	206	369	0.441734417344173
FBgn0000499	121	112	233	0.51931330472103
FBgn0000500	15	8	23	0.652173913043478
FBgn0000504	279	302	581	0.480206540447504
FBgn0000520	118	112	230	0.51304347826087
FBgn0000524	168	188	356	0.471910112359551
FBgn0000527	277	289	566	0.489399293286219
FBgn0000529	170	171	341	0.498533724340176
FBgn0000533	38	53	91	0.417582417582418
FBgn0000535	795	745	1540	0.516233766233766
FBgn0000536	275	249	524	0.524809160305344
FBgn0000541	56	49	105	0.533333333333333
FBgn0000542	684	709	1393	0.49102656137832
FBgn0000543	252	244	496	0.508064516129032
FBgn0000546	295	296	591	0.499153976311337
FBgn0000547	586	542	1128	0.519503546099291
FBgn0000551	60	65	125	0.48
FBgn0000552	55	33	88	0.625
FBgn0000557	63	72	135	0.466666666666667
FBgn0000559	12	8	20	0.6
FBgn0000560	23	20	43	0.534883720930233
FBgn0000562	352	352	704	0.5
FBgn0000564	67	78	145	0.462068965517241
FBgn0000565	137	134	271	0.505535055350554
FBgn0000566	119	113	232	0.512931034482759
FBgn0000567	429	450	879	0.488054607508532
FBgn0000568	625	633	1258	0.496820349761526
FBgn0000575	125	134	259	0.482625482625483
FBgn0000576	145	128	273	0.531135531135531
FBgn0000577	182	165	347	0.524495677233429
FBgn0000578	576	527	1103	0.522212148685403
FBgn0000579	184	233	417	0.441247002398082
FBgn0000581	535	516	1051	0.509039010466223
FBgn0000588	207	147	354	0.584745762711864
FBgn0000591	91	94	185	0.491891891891892
FBgn0000592	142	168	310	0.458064516129032
FBgn0000594	0	0	0	NA
FBgn0000606	41	31	72	0.569444444444444
FBgn0000611	183	177	360	0.508333333333333
FBgn0000615	30	46	76	0.394736842105263
FBgn0000617	98	88	186	0.526881720430108
FBgn0000618	19	12	31	0.612903225806452
FBgn0000625	237	251	488	0.485655737704918
FBgn0000629	246	222	468	0.525641025641026
FBgn0000633	641	621	1262	0.507923930269414
FBgn0000635	313	305	618	0.506472491909385
FBgn0000636	449	415	864	0.519675925925926
FBgn0000639	220	214	434	0.506912442396313
FBgn0000640	99	107	206	0.480582524271845
FBgn0000644	79	81	160	0.49375
FBgn0000658	162	172	334	0.48502994011976
FBgn0000659	204	253	457	0.446389496717724
FBgn0000662	139	153	292	0.476027397260274
FBgn0000667	100	119	219	0.45662100456621
FBgn0000709	266	311	577	0.461005199306759
FBgn0000711	203	193	396	0.512626262626263
FBgn0000715	114	122	236	0.483050847457627
FBgn0000719	376	451	827	0.454655380894801
FBgn0000721	604	595	1199	0.503753127606339
FBgn0000723	244	235	479	0.509394572025052
FBgn0000808	195	168	363	0.537190082644628
FBgn0000810	106	126	232	0.456896551724138
FBgn0000826	0	0	0	NA
FBgn0000927	139	130	269	0.516728624535316
FBgn0000928	293	216	509	0.575638506876228
FBgn0000964	121	122	243	0.497942386831276
FBgn0000996	76	78	154	0.493506493506494
FBgn0001075	1328	1474	2802	0.473947180585296
FBgn0001077	61	78	139	0.438848920863309
FBgn0001078	99	121	220	0.45
FBgn0001079	191	178	369	0.517615176151762
FBgn0001083	464	501	965	0.480829015544041
FBgn0001084	89	107	196	0.454081632653061
FBgn0001085	226	209	435	0.519540229885057
FBgn0001086	150	135	285	0.526315789473684
FBgn0001087	365	365	730	0.5
FBgn0001089	35	41	76	0.460526315789474
FBgn0001090	115	127	242	0.475206611570248
FBgn0001091	50	33	83	0.602409638554217
FBgn0001092	38	36	74	0.513513513513513
FBgn0001098	206	208	414	0.497584541062802
FBgn0001099	0	0	0	NA
FBgn0001104	212	199	411	0.515815085158151
FBgn0001105	141	140	281	0.501779359430605
FBgn0001108	379	343	722	0.524930747922438
FBgn0001112	113	138	251	0.450199203187251
FBgn0001114	169	160	329	0.513677811550152
FBgn0001120	17	14	31	0.548387096774194
FBgn0001122	429	412	841	0.510107015457788
FBgn0001123	152	160	312	0.487179487179487
FBgn0001124	201	203	404	0.497524752475248
FBgn0001125	175	174	349	0.501432664756447
FBgn0001128	201	178	379	0.530343007915567
FBgn0001133	161	186	347	0.463976945244957
FBgn0001134	214	228	442	0.484162895927602
FBgn0001137	84	86	170	0.494117647058824
FBgn0001138	114	123	237	0.481012658227848
FBgn0001139	386	334	720	0.536111111111111
FBgn0001142	86	47	133	0.646616541353383
FBgn0001145	191	185	376	0.507978723404255
FBgn0001147	61	61	122	0.5
FBgn0001148	44	49	93	0.473118279569892
FBgn0001149	115	90	205	0.560975609756098
FBgn0001150	58	61	119	0.487394957983193
FBgn0001168	240	226	466	0.515021459227468
FBgn0001169	309	323	632	0.488924050632911
FBgn0001170	198	202	400	0.495
FBgn0001174	67	65	132	0.507575757575758
FBgn0001179	195	155	350	0.557142857142857
FBgn0001180	106	90	196	0.540816326530612
FBgn0001185	78	86	164	0.475609756097561
FBgn0001186	146	153	299	0.488294314381271
FBgn0001187	83	93	176	0.471590909090909
FBgn0001189	48	62	110	0.436363636363636
FBgn0001197	148	118	266	0.556390977443609
FBgn0001202	82	82	164	0.5
FBgn0001206	185	156	341	0.542521994134897
FBgn0001208	221	216	437	0.505720823798627
FBgn0001215	144	155	299	0.481605351170569
FBgn0001216	199	224	423	0.470449172576832
FBgn0001217	41	38	79	0.518987341772152
FBgn0001218	186	218	404	0.46039603960396
FBgn0001220	187	193	380	0.492105263157895
FBgn0001222	223	294	517	0.431334622823985
FBgn0001223	0	0	0	NA
FBgn0001224	72	103	175	0.411428571428571
FBgn0001225	113	79	192	0.588541666666667
FBgn0001226	12	10	22	0.545454545454545
FBgn0001227	15	17	32	0.46875
FBgn0001228	17	27	44	0.386363636363636
FBgn0001229	73	51	124	0.588709677419355
FBgn0001230	107	107	214	0.5
FBgn0001233	103	94	197	0.522842639593909
FBgn0001234	593	557	1150	0.515652173913044
FBgn0001235	691	655	1346	0.513372956909361
FBgn0001247	99	123	222	0.445945945945946
FBgn0001248	162	154	316	0.512658227848101
FBgn0001250	548	531	1079	0.50787766450417
FBgn0001253	455	482	937	0.485592315901814
FBgn0001254	135	154	289	0.467128027681661
FBgn0001255	66	92	158	0.417721518987342
FBgn0001256	139	145	284	0.48943661971831
FBgn0001257	145	161	306	0.473856209150327
FBgn0001258	124	128	252	0.492063492063492
FBgn0001259	131	119	250	0.524
FBgn0001263	187	227	414	0.451690821256039
FBgn0001269	379	356	735	0.515646258503401
FBgn0001276	0	0	0	NA
FBgn0001280	65	37	102	0.637254901960784
FBgn0001281	56	54	110	0.509090909090909
FBgn0001285	27	25	52	0.519230769230769
FBgn0001291	63	51	114	0.552631578947368
FBgn0001296	190	181	371	0.512129380053908
FBgn0001297	467	485	952	0.490546218487395
FBgn0001301	347	347	694	0.5
FBgn0001308	151	166	317	0.476340694006309
FBgn0001311	118	115	233	0.506437768240343
FBgn0001313	0	0	0	NA
FBgn0001316	886	953	1839	0.481783578031539
FBgn0001319	335	337	672	0.498511904761905
FBgn0001320	45	46	91	0.494505494505495
FBgn0001321	48	32	80	0.6
FBgn0001323	51	58	109	0.467889908256881
FBgn0001324	253	245	498	0.508032128514056
FBgn0001325	320	257	577	0.554592720970537
FBgn0001330	246	236	482	0.510373443983402
FBgn0001341	124	118	242	0.512396694214876
FBgn0001404	302	295	597	0.505862646566164
FBgn0001491	71	58	129	0.550387596899225
FBgn0001565	136	127	263	0.517110266159696
FBgn0001612	292	332	624	0.467948717948718
FBgn0001624	857	841	1698	0.504711425206125
FBgn0001941	176	202	378	0.465608465608466
FBgn0001942	130	162	292	0.445205479452055
FBgn0001961	72	53	125	0.576
FBgn0001965	242	248	490	0.493877551020408
FBgn0001967	0	0	0	NA
FBgn0001970	16	19	35	0.457142857142857
FBgn0001977	101	125	226	0.446902654867257
FBgn0001978	274	317	591	0.463620981387479
FBgn0001981	165	157	322	0.512422360248447
FBgn0001983	159	145	304	0.523026315789474
FBgn0001986	206	178	384	0.536458333333333
FBgn0001987	430	414	844	0.509478672985782
FBgn0001989	157	141	298	0.526845637583893
FBgn0001990	191	182	373	0.512064343163539
FBgn0001991	921	929	1850	0.497837837837838
FBgn0001992	145	133	278	0.52158273381295
FBgn0001994	257	269	526	0.488593155893536
FBgn0001995	60	83	143	0.41958041958042
FBgn0002021	58	49	107	0.542056074766355
FBgn0002022	41	50	91	0.450549450549451
FBgn0002023	274	313	587	0.466780238500852
FBgn0002031	199	176	375	0.530666666666667
FBgn0002036	122	93	215	0.567441860465116
FBgn0002044	61	84	145	0.420689655172414
FBgn0002069	89	68	157	0.56687898089172
FBgn0002121	257	183	440	0.584090909090909
FBgn0002174	139	131	270	0.514814814814815
FBgn0002183	260	316	576	0.451388888888889
FBgn0002283	16	28	44	0.363636363636364
FBgn0002284	10	10	20	0.5
FBgn0002306	223	219	442	0.504524886877828
FBgn0002354	56	52	108	0.518518518518518
FBgn0002413	282	272	554	0.509025270758123
FBgn0002431	23	21	44	0.522727272727273
FBgn0002440	106	102	208	0.509615384615385
FBgn0002441	375	368	743	0.50471063257066
FBgn0002466	443	422	865	0.512138728323699
FBgn0002521	16	13	29	0.551724137931034
FBgn0002522	131	125	256	0.51171875
FBgn0002524	222	238	460	0.482608695652174
FBgn0002525	229	232	461	0.496746203904555
FBgn0002526	474	486	960	0.49375
FBgn0002531	59	62	121	0.487603305785124
FBgn0002533	75	81	156	0.480769230769231
FBgn0002534	41	31	72	0.569444444444444
FBgn0002535	100	93	193	0.518134715025907
FBgn0002542	46	43	89	0.51685393258427
FBgn0002543	339	312	651	0.52073732718894
FBgn0002552	27	37	64	0.421875
FBgn0002561	2	0	2	1
FBgn0002562	200	223	423	0.472813238770686
FBgn0002563	152	151	303	0.501650165016502
FBgn0002564	34	37	71	0.47887323943662
FBgn0002565	28	33	61	0.459016393442623
FBgn0002566	203	200	403	0.503722084367246
FBgn0002567	213	194	407	0.523341523341523
FBgn0002569	65	112	177	0.367231638418079
FBgn0002570	88	120	208	0.423076923076923
FBgn0002571	94	88	182	0.516483516483517
FBgn0002573	198	195	393	0.50381679389313
FBgn0002576	336	358	694	0.484149855907781
FBgn0002577	269	254	523	0.51434034416826
FBgn0002578	62	54	116	0.53448275862069
FBgn0002579	42	36	78	0.538461538461538
FBgn0002590	106	102	208	0.509615384615385
FBgn0002592	63	44	107	0.588785046728972
FBgn0002593	46	52	98	0.469387755102041
FBgn0002609	86	96	182	0.472527472527473
FBgn0002622	92	71	163	0.56441717791411
FBgn0002626	65	77	142	0.457746478873239
FBgn0002629	51	44	95	0.536842105263158
FBgn0002631	60	71	131	0.458015267175573
FBgn0002632	106	109	215	0.493023255813954
FBgn0002633	61	50	111	0.54954954954955
FBgn0002638	176	180	356	0.49438202247191
FBgn0002641	206	218	424	0.485849056603774
FBgn0002643	574	603	1177	0.48768054375531
FBgn0002645	88	82	170	0.517647058823529
FBgn0002673	109	122	231	0.471861471861472
FBgn0002707	233	231	464	0.502155172413793
FBgn0002709	58	67	125	0.464
FBgn0002715	114	109	223	0.511210762331839
FBgn0002716	87	112	199	0.437185929648241
FBgn0002719	167	161	328	0.509146341463415
FBgn0002723	334	299	633	0.527646129541864
FBgn0002732	66	56	122	0.540983606557377
FBgn0002733	61	79	140	0.435714285714286
FBgn0002734	87	97	184	0.472826086956522
FBgn0002735	56	56	112	0.5
FBgn0002736	49	53	102	0.480392156862745
FBgn0002772	90	92	182	0.494505494505495
FBgn0002773	82	96	178	0.460674157303371
FBgn0002774	154	148	302	0.509933774834437
FBgn0002775	173	164	337	0.513353115727003
FBgn0002778	211	211	422	0.5
FBgn0002780	16	11	27	0.592592592592593
FBgn0002781	447	449	896	0.498883928571429
FBgn0002783	30	41	71	0.422535211267606
FBgn0002787	98	89	187	0.524064171122995
FBgn0002789	56	60	116	0.482758620689655
FBgn0002791	205	185	390	0.525641025641026
FBgn0002838	29	27	56	0.517857142857143
FBgn0002842	27	26	53	0.509433962264151
FBgn0002855	65	51	116	0.560344827586207
FBgn0002856	39	50	89	0.438202247191011
FBgn0002862	39	33	72	0.541666666666667
FBgn0002863	0	0	0	NA
FBgn0002865	68	77	145	0.468965517241379
FBgn0002868	1	0	1	1
FBgn0002869	27	31	58	0.46551724137931
FBgn0002872	348	278	626	0.55591054313099
FBgn0002873	381	365	746	0.510723860589812
FBgn0002878	352	334	686	0.513119533527697
FBgn0002887	247	241	488	0.506147540983607
FBgn0002891	334	342	676	0.494082840236686
FBgn0002899	210	198	408	0.514705882352941
FBgn0002901	222	283	505	0.43960396039604
FBgn0002905	200	198	398	0.50251256281407
FBgn0002906	101	103	204	0.495098039215686
FBgn0002909	0	0	0	NA
FBgn0002914	115	107	222	0.518018018018018
FBgn0002917	622	603	1225	0.507755102040816
FBgn0002921	414	435	849	0.487632508833922
FBgn0002922	134	136	270	0.496296296296296
FBgn0002924	162	158	320	0.50625
FBgn0002926	397	385	782	0.5076726342711
FBgn0002930	54	71	125	0.432
FBgn0002931	71	57	128	0.5546875
FBgn0002932	24	27	51	0.470588235294118
FBgn0002933	54	44	98	0.551020408163265
FBgn0002936	0	0	0	NA
FBgn0002937	133	149	282	0.471631205673759
FBgn0002938	472	474	946	0.498942917547569
FBgn0002939	64	64	128	0.5
FBgn0002940	169	190	359	0.47075208913649
FBgn0002941	147	139	286	0.513986013986014
FBgn0002945	340	327	667	0.509745127436282
FBgn0002948	100	91	191	0.523560209424084
FBgn0002962	96	82	178	0.539325842696629
FBgn0002973	417	380	797	0.523212045169385
FBgn0002985	67	88	155	0.432258064516129
FBgn0002989	175	142	317	0.55205047318612
FBgn0003002	44	34	78	0.564102564102564
FBgn0003008	25	47	72	0.347222222222222
FBgn0003009	285	302	587	0.485519591141397
FBgn0003011	196	167	363	0.539944903581267
FBgn0003015	0	0	0	NA
FBgn0003016	383	347	730	0.524657534246575
FBgn0003023	814	839	1653	0.492437991530551
FBgn0003028	340	410	750	0.453333333333333
FBgn0003034	20	16	36	0.555555555555556
FBgn0003041	595	609	1204	0.494186046511628
FBgn0003042	41	39	80	0.5125
FBgn0003044	271	275	546	0.496336996336996
FBgn0003046	63	70	133	0.473684210526316
FBgn0003048	443	463	906	0.488962472406181
FBgn0003053	355	394	749	0.473965287049399
FBgn0003057	130	128	258	0.503875968992248
FBgn0003060	53	64	117	0.452991452991453
FBgn0003062	106	106	212	0.5
FBgn0003065	17	22	39	0.435897435897436
FBgn0003067	0	0	0	NA
FBgn0003068	350	346	696	0.502873563218391
FBgn0003071	243	189	432	0.5625
FBgn0003074	106	118	224	0.473214285714286
FBgn0003076	73	64	137	0.532846715328467
FBgn0003079	256	255	511	0.500978473581213
FBgn0003082	87	85	172	0.505813953488372
FBgn0003086	69	66	135	0.511111111111111
FBgn0003087	97	109	206	0.470873786407767
FBgn0003089	567	551	1118	0.507155635062612
FBgn0003090	377	417	794	0.474811083123426
FBgn0003091	620	506	1126	0.550621669626998
FBgn0003093	377	352	729	0.517146776406036
FBgn0003114	76	72	148	0.513513513513513
FBgn0003116	54	57	111	0.486486486486487
FBgn0003117	319	303	622	0.512861736334405
FBgn0003118	334	361	695	0.480575539568345
FBgn0003124	85	109	194	0.438144329896907
FBgn0003129	73	61	134	0.544776119402985
FBgn0003130	212	193	405	0.523456790123457
FBgn0003132	166	215	381	0.435695538057743
FBgn0003134	90	81	171	0.526315789473684
FBgn0003137	401	409	810	0.495061728395062
FBgn0003139	113	119	232	0.487068965517241
FBgn0003140	109	128	237	0.459915611814346
FBgn0003141	102	97	199	0.512562814070352
FBgn0003145	150	167	317	0.473186119873817
FBgn0003149	5288	5442	10730	0.4928238583411
FBgn0003159	375	375	750	0.5
FBgn0003162	219	191	410	0.534146341463415
FBgn0003165	665	609	1274	0.521978021978022
FBgn0003169	210	223	433	0.484988452655889
FBgn0003174	164	146	310	0.529032258064516
FBgn0003175	903	869	1772	0.509593679458239
FBgn0003187	241	206	447	0.539149888143177
FBgn0003189	373	464	837	0.445639187574671
FBgn0003204	124	89	213	0.582159624413146
FBgn0003205	55	52	107	0.514018691588785
FBgn0003206	122	110	232	0.525862068965517
FBgn0003209	482	481	963	0.500519210799585
FBgn0003210	381	394	775	0.491612903225806
FBgn0003218	821	733	1554	0.528314028314028
FBgn0003227	48	56	104	0.461538461538462
FBgn0003231	60	79	139	0.431654676258993
FBgn0003248	143	152	295	0.484745762711864
FBgn0003249	28	32	60	0.466666666666667
FBgn0003250	79	78	157	0.503184713375796
FBgn0003254	251	290	541	0.463955637707948
FBgn0003255	429	396	825	0.52
FBgn0003256	47	67	114	0.412280701754386
FBgn0003257	123	133	256	0.48046875
FBgn0003261	110	81	191	0.575916230366492
FBgn0003267	85	75	160	0.53125
FBgn0003268	277	265	542	0.511070110701107
FBgn0003270	47	56	103	0.456310679611651
FBgn0003274	67	45	112	0.598214285714286
FBgn0003275	18	15	33	0.545454545454545
FBgn0003277	287	336	623	0.460674157303371
FBgn0003278	93	104	197	0.472081218274112
FBgn0003279	113	121	234	0.482905982905983
FBgn0003285	498	480	978	0.50920245398773
FBgn0003292	216	205	421	0.513064133016627
FBgn0003295	214	211	425	0.503529411764706
FBgn0003300	154	180	334	0.461077844311377
FBgn0003301	683	715	1398	0.488555078683834
FBgn0003302	104	99	203	0.512315270935961
FBgn0003308	280	259	539	0.519480519480519
FBgn0003310	359	395	754	0.476127320954907
FBgn0003312	99	76	175	0.565714285714286
FBgn0003313	0	0	0	NA
FBgn0003317	83	86	169	0.49112426035503
FBgn0003319	172	196	368	0.467391304347826
FBgn0003321	171	204	375	0.456
FBgn0003326	268	236	504	0.531746031746032
FBgn0003330	120	114	234	0.512820512820513
FBgn0003334	45	39	84	0.535714285714286
FBgn0003339	183	192	375	0.488
FBgn0003345	451	455	906	0.497792494481236
FBgn0003346	104	117	221	0.470588235294118
FBgn0003353	232	204	436	0.532110091743119
FBgn0003356	61	29	90	0.677777777777778
FBgn0003357	64	31	95	0.673684210526316
FBgn0003358	102	82	184	0.554347826086957
FBgn0003360	122	150	272	0.448529411764706
FBgn0003366	718	651	1369	0.524470416362308
FBgn0003371	878	893	1771	0.495765104460757
FBgn0003372	94	113	207	0.454106280193237
FBgn0003373	7	17	24	0.291666666666667
FBgn0003374	88	87	175	0.502857142857143
FBgn0003375	91	103	194	0.469072164948454
FBgn0003377	15	20	35	0.428571428571429
FBgn0003378	41	46	87	0.471264367816092
FBgn0003380	1338	1256	2594	0.515805705474171
FBgn0003382	479	458	937	0.511205976520811
FBgn0003386	333	312	645	0.516279069767442
FBgn0003388	189	159	348	0.543103448275862
FBgn0003390	123	154	277	0.444043321299639
FBgn0003391	454	433	887	0.511837655016911
FBgn0003392	426	424	850	0.501176470588235
FBgn0003396	597	568	1165	0.51244635193133
FBgn0003401	78	90	168	0.464285714285714
FBgn0003410	179	170	349	0.512893982808023
FBgn0003411	36	50	86	0.418604651162791
FBgn0003415	195	209	404	0.482673267326733
FBgn0003416	406	422	828	0.490338164251208
FBgn0003423	311	312	623	0.499197431781701
FBgn0003429	807	775	1582	0.510113780025284
FBgn0003430	137	112	249	0.550200803212851
FBgn0003435	909	891	1800	0.505
FBgn0003444	80	67	147	0.54421768707483
FBgn0003447	215	194	409	0.525672371638142
FBgn0003448	107	128	235	0.45531914893617
FBgn0003449	70	63	133	0.526315789473684
FBgn0003450	135	142	277	0.487364620938628
FBgn0003459	210	239	449	0.467706013363029
FBgn0003460	208	154	362	0.574585635359116
FBgn0003462	81	75	156	0.519230769230769
FBgn0003463	495	535	1030	0.480582524271845
FBgn0003464	337	321	658	0.512158054711246
FBgn0003475	481	419	900	0.534444444444444
FBgn0003479	81	86	167	0.48502994011976
FBgn0003480	98	99	197	0.49746192893401
FBgn0003482	74	68	142	0.52112676056338
FBgn0003483	24	21	45	0.533333333333333
FBgn0003486	162	167	329	0.492401215805471
FBgn0003495	162	182	344	0.47093023255814
FBgn0003499	535	526	1061	0.504241281809614
FBgn0003502	671	682	1353	0.495934959349593
FBgn0003507	170	174	344	0.494186046511628
FBgn0003510	0	0	0	NA
FBgn0003511	0	0	0	NA
FBgn0003512	75	74	149	0.503355704697987
FBgn0003513	385	380	765	0.503267973856209
FBgn0003514	102	147	249	0.409638554216867
FBgn0003515	216	230	446	0.484304932735426
FBgn0003517	12	18	30	0.4
FBgn0003520	327	358	685	0.477372262773723
FBgn0003525	240	274	514	0.466926070038911
FBgn0003527	74	74	148	0.5
FBgn0003545	76	83	159	0.477987421383648
FBgn0003557	75	73	148	0.506756756756757
FBgn0003559	60	58	118	0.508474576271186
FBgn0003567	231	238	469	0.492537313432836
FBgn0003575	131	125	256	0.51171875
FBgn0003598	80	70	150	0.533333333333333
FBgn0003607	64	75	139	0.460431654676259
FBgn0003612	137	145	282	0.485815602836879
FBgn0003638	103	106	209	0.492822966507177
FBgn0003651	308	264	572	0.538461538461538
FBgn0003654	96	133	229	0.419213973799127
FBgn0003655	81	85	166	0.487951807228916
FBgn0003656	233	212	445	0.523595505617978
FBgn0003660	101	75	176	0.573863636363636
FBgn0003676	21	11	32	0.65625
FBgn0003683	26	34	60	0.433333333333333
FBgn0003687	123	102	225	0.546666666666667
FBgn0003701	205	198	403	0.508684863523573
FBgn0003710	183	175	358	0.511173184357542
FBgn0003714	96	110	206	0.466019417475728
FBgn0003716	367	394	761	0.482260183968463
FBgn0003719	315	311	626	0.503194888178914
FBgn0003720	172	139	311	0.553054662379421
FBgn0003721	509	522	1031	0.493695441319108
FBgn0003731	349	349	698	0.5
FBgn0003733	239	197	436	0.548165137614679
FBgn0003741	46	34	80	0.575
FBgn0003742	94	113	207	0.454106280193237
FBgn0003744	7	6	13	0.538461538461538
FBgn0003747	18	15	33	0.545454545454545
FBgn0003748	369	341	710	0.519718309859155
FBgn0003751	48	45	93	0.516129032258065
FBgn0003861	406	381	787	0.515883100381194
FBgn0003862	603	626	1229	0.490642799023596
FBgn0003863	34	22	56	0.607142857142857
FBgn0003865	71	77	148	0.47972972972973
FBgn0003866	61	61	122	0.5
FBgn0003867	168	142	310	0.541935483870968
FBgn0003870	156	169	325	0.48
FBgn0003882	70	66	136	0.514705882352941
FBgn0003884	9	18	27	0.333333333333333
FBgn0003885	0	0	0	NA
FBgn0003886	28	15	43	0.651162790697674
FBgn0003888	181	203	384	0.471354166666667
FBgn0003889	90	87	177	0.508474576271186
FBgn0003890	196	217	413	0.474576271186441
FBgn0003891	559	537	1096	0.510036496350365
FBgn0003892	189	211	400	0.4725
FBgn0003896	217	219	436	0.497706422018349
FBgn0003900	143	122	265	0.539622641509434
FBgn0003916	25	17	42	0.595238095238095
FBgn0003920	25	33	58	0.431034482758621
FBgn0003922	88	46	134	0.656716417910448
FBgn0003923	0	1	1	0
FBgn0003926	31	24	55	0.563636363636364
FBgn0003930	25	27	52	0.480769230769231
FBgn0003931	38	26	64	0.59375
FBgn0003933	6	10	16	0.375
FBgn0003934	16	10	26	0.615384615384615
FBgn0003935	29	21	50	0.58
FBgn0003936	72	37	109	0.660550458715596
FBgn0003938	12	17	29	0.413793103448276
FBgn0003941	46	38	84	0.547619047619048
FBgn0003942	37	40	77	0.480519480519481
FBgn0003943	117	99	216	0.541666666666667
FBgn0003944	128	148	276	0.463768115942029
FBgn0003950	233	211	444	0.524774774774775
FBgn0003961	112	113	225	0.497777777777778
FBgn0003963	377	410	787	0.479034307496823
FBgn0003964	48	65	113	0.424778761061947
FBgn0003965	152	149	301	0.504983388704319
FBgn0003969	335	385	720	0.465277777777778
FBgn0003975	360	344	704	0.511363636363636
FBgn0003977	422	398	820	0.514634146341463
FBgn0003978	81	105	186	0.435483870967742
FBgn0003979	13	14	27	0.481481481481481
FBgn0003980	26	52	78	0.333333333333333
FBgn0003983	98	87	185	0.52972972972973
FBgn0003984	149	149	298	0.5
FBgn0003996	160	186	346	0.46242774566474
FBgn0003997	37	36	73	0.506849315068493
FBgn0004003	109	119	228	0.478070175438596
FBgn0004034	14	23	37	0.378378378378378
FBgn0004045	57	56	113	0.504424778761062
FBgn0004047	146	157	303	0.481848184818482
FBgn0004049	249	229	478	0.52092050209205
FBgn0004050	88	98	186	0.473118279569892
FBgn0004052	13	20	33	0.393939393939394
FBgn0004053	43	31	74	0.581081081081081
FBgn0004054	51	49	100	0.51
FBgn0004055	145	159	304	0.476973684210526
FBgn0004057	148	143	291	0.508591065292096
FBgn0004066	42	36	78	0.538461538461538
FBgn0004087	33	24	57	0.578947368421053
FBgn0004101	171	188	359	0.476323119777159
FBgn0004102	338	360	698	0.484240687679083
FBgn0004103	50	60	110	0.454545454545455
FBgn0004106	31	17	48	0.645833333333333
FBgn0004107	40	46	86	0.465116279069767
FBgn0004108	150	175	325	0.461538461538462
FBgn0004110	147	134	281	0.523131672597865
FBgn0004117	176	178	354	0.497175141242938
FBgn0004118	447	481	928	0.481681034482759
FBgn0004132	43	41	84	0.511904761904762
FBgn0004133	144	129	273	0.527472527472527
FBgn0004143	99	94	193	0.512953367875648
FBgn0004167	928	916	1844	0.503253796095445
FBgn0004168	350	338	688	0.508720930232558
FBgn0004169	115	114	229	0.502183406113537
FBgn0004170	59	56	115	0.51304347826087
FBgn0004171	59	58	117	0.504273504273504
FBgn0004172	2	0	2	1
FBgn0004173	25	18	43	0.581395348837209
FBgn0004174	6	5	11	0.545454545454545
FBgn0004175	15	10	25	0.6
FBgn0004177	211	217	428	0.492990654205608
FBgn0004179	42	38	80	0.525
FBgn0004181	85	62	147	0.578231292517007
FBgn0004183	0	0	0	NA
FBgn0004185	29	25	54	0.537037037037037
FBgn0004186	39	43	82	0.475609756097561
FBgn0004187	33	38	71	0.464788732394366
FBgn0004188	10	8	18	0.555555555555556
FBgn0004189	13	23	36	0.361111111111111
FBgn0004190	10	16	26	0.384615384615385
FBgn0004191	18	20	38	0.473684210526316
FBgn0004192	19	20	39	0.487179487179487
FBgn0004197	494	511	1005	0.491542288557214
FBgn0004198	401	434	835	0.480239520958084
FBgn0004227	596	559	1155	0.516017316017316
FBgn0004228	52	66	118	0.440677966101695
FBgn0004237	66	78	144	0.458333333333333
FBgn0004240	55	70	125	0.44
FBgn0004242	273	279	552	0.494565217391304
FBgn0004244	513	510	1023	0.501466275659824
FBgn0004359	152	161	313	0.485623003194888
FBgn0004360	141	170	311	0.453376205787781
FBgn0004362	161	138	299	0.538461538461538
FBgn0004363	157	137	294	0.534013605442177
FBgn0004364	332	362	694	0.478386167146974
FBgn0004367	589	587	1176	0.500850340136054
FBgn0004368	469	463	932	0.503218884120172
FBgn0004369	763	839	1602	0.476279650436954
FBgn0004370	656	680	1336	0.491017964071856
FBgn0004372	202	244	446	0.452914798206278
FBgn0004373	221	226	447	0.494407158836689
FBgn0004374	208	203	411	0.506082725060827
FBgn0004378	132	133	265	0.49811320754717
FBgn0004379	216	192	408	0.529411764705882
FBgn0004380	59	38	97	0.608247422680412
FBgn0004381	142	173	315	0.450793650793651
FBgn0004387	453	474	927	0.488673139158576
FBgn0004389	22	18	40	0.55
FBgn0004390	310	298	608	0.509868421052632
FBgn0004391	410	391	801	0.511860174781523
FBgn0004394	373	368	741	0.503373819163293
FBgn0004395	551	500	1051	0.524262607040913
FBgn0004396	163	151	314	0.519108280254777
FBgn0004397	101	108	209	0.483253588516746
FBgn0004400	78	85	163	0.478527607361963
FBgn0004401	90	84	174	0.517241379310345
FBgn0004403	0	0	0	NA
FBgn0004404	17	9	26	0.653846153846154
FBgn0004406	283	322	605	0.467768595041322
FBgn0004407	0	0	0	NA
FBgn0004414	14	16	30	0.466666666666667
FBgn0004419	113	118	231	0.489177489177489
FBgn0004425	53	58	111	0.477477477477477
FBgn0004426	10	19	29	0.344827586206897
FBgn0004427	0	0	0	NA
FBgn0004428	84	55	139	0.60431654676259
FBgn0004429	68	66	134	0.507462686567164
FBgn0004430	23	26	49	0.469387755102041
FBgn0004431	75	81	156	0.480769230769231
FBgn0004432	39	34	73	0.534246575342466
FBgn0004435	282	265	547	0.515539305301645
FBgn0004436	32	27	59	0.542372881355932
FBgn0004449	241	251	492	0.489837398373984
FBgn0004456	396	391	787	0.503176620076239
FBgn0004463	259	283	542	0.477859778597786
FBgn0004465	50	67	117	0.427350427350427
FBgn0004507	192	207	399	0.481203007518797
FBgn0004509	732	698	1430	0.511888111888112
FBgn0004510	147	150	297	0.494949494949495
FBgn0004511	264	291	555	0.475675675675676
FBgn0004512	465	424	889	0.523059617547806
FBgn0004513	354	362	716	0.494413407821229
FBgn0004514	100	87	187	0.53475935828877
FBgn0004516	384	401	785	0.489171974522293
FBgn0004552	25	35	60	0.416666666666667
FBgn0004554	86	72	158	0.544303797468354
FBgn0004556	47	47	94	0.5
FBgn0004567	62	59	121	0.512396694214876
FBgn0004569	121	107	228	0.530701754385965
FBgn0004573	317	314	631	0.502377179080824
FBgn0004574	166	157	323	0.513931888544892
FBgn0004575	119	116	235	0.506382978723404
FBgn0004577	109	109	218	0.5
FBgn0004580	377	356	733	0.514324693042292
FBgn0004581	293	320	613	0.477977161500816
FBgn0004583	207	203	410	0.504878048780488
FBgn0004584	103	84	187	0.550802139037433
FBgn0004587	61	48	109	0.559633027522936
FBgn0004588	43	48	91	0.472527472527473
FBgn0004589	95	85	180	0.527777777777778
FBgn0004590	39	50	89	0.438202247191011
FBgn0004591	81	87	168	0.482142857142857
FBgn0004592	118	97	215	0.548837209302326
FBgn0004593	58	56	114	0.508771929824561
FBgn0004594	66	79	145	0.455172413793103
FBgn0004595	1024	1137	2161	0.473854696899584
FBgn0004597	13	14	27	0.481481481481481
FBgn0004598	455	447	902	0.504434589800443
FBgn0004606	568	595	1163	0.488392089423904
FBgn0004607	96	79	175	0.548571428571429
FBgn0004611	355	441	796	0.445979899497487
FBgn0004618	293	294	587	0.499148211243612
FBgn0004619	316	313	629	0.502384737678855
FBgn0004620	264	251	515	0.512621359223301
FBgn0004622	323	309	632	0.511075949367089
FBgn0004623	123	134	257	0.478599221789883
FBgn0004629	0	0	0	NA
FBgn0004635	226	247	473	0.477801268498943
FBgn0004636	79	92	171	0.461988304093567
FBgn0004638	207	181	388	0.533505154639175
FBgn0004643	91	104	195	0.466666666666667
FBgn0004644	211	181	392	0.538265306122449
FBgn0004646	342	299	641	0.533541341653666
FBgn0004647	763	735	1498	0.509345794392523
FBgn0004648	180	181	361	0.498614958448753
FBgn0004649	434	462	896	0.484375
FBgn0004650	220	211	431	0.510440835266821
FBgn0004652	1318	1272	2590	0.508880308880309
FBgn0004654	66	51	117	0.564102564102564
FBgn0004655	318	272	590	0.538983050847458
FBgn0004656	515	485	1000	0.515
FBgn0004657	333	318	651	0.511520737327189
FBgn0004666	196	195	391	0.501278772378517
FBgn0004687	103	77	180	0.572222222222222
FBgn0004698	329	306	635	0.518110236220472
FBgn0004777	18	15	33	0.545454545454545
FBgn0004778	29	25	54	0.537037037037037
FBgn0004779	34	37	71	0.47887323943662
FBgn0004780	35	22	57	0.614035087719298
FBgn0004781	16	21	37	0.432432432432432
FBgn0004782	47	61	108	0.435185185185185
FBgn0004783	26	34	60	0.433333333333333
FBgn0004784	285	287	572	0.498251748251748
FBgn0004795	451	407	858	0.525641025641026
FBgn0004797	130	154	284	0.457746478873239
FBgn0004811	128	125	253	0.505928853754941
FBgn0004828	163	136	299	0.545150501672241
FBgn0004832	76	73	149	0.51006711409396
FBgn0004837	186	209	395	0.470886075949367
FBgn0004838	217	220	437	0.496567505720824
FBgn0004839	439	439	878	0.5
FBgn0004841	266	258	524	0.50763358778626
FBgn0004842	255	311	566	0.450530035335689
FBgn0004852	333	334	667	0.499250374812594
FBgn0004854	212	223	435	0.48735632183908
FBgn0004855	61	63	124	0.491935483870968
FBgn0004856	222	212	434	0.511520737327189
FBgn0004858	184	175	359	0.512534818941504
FBgn0004859	50	51	101	0.495049504950495
FBgn0004860	96	120	216	0.444444444444444
FBgn0004861	36	51	87	0.413793103448276
FBgn0004862	101	134	235	0.429787234042553
FBgn0004863	206	207	413	0.498789346246973
FBgn0004864	433	461	894	0.484340044742729
FBgn0004865	204	166	370	0.551351351351351
FBgn0004867	61	45	106	0.575471698113208
FBgn0004868	241	236	477	0.505241090146751
FBgn0004870	223	238	461	0.483731019522777
FBgn0004872	223	186	409	0.545232273838631
FBgn0004875	525	544	1069	0.4911131898971
FBgn0004876	422	396	818	0.515892420537897
FBgn0004878	26	25	51	0.509803921568627
FBgn0004880	290	316	606	0.478547854785479
FBgn0004882	383	447	830	0.46144578313253
FBgn0004885	593	557	1150	0.515652173913044
FBgn0004888	153	157	310	0.493548387096774
FBgn0004889	211	185	396	0.532828282828283
FBgn0004892	226	246	472	0.478813559322034
FBgn0004893	313	324	637	0.491365777080063
FBgn0004895	137	168	305	0.449180327868852
FBgn0004896	177	194	371	0.477088948787062
FBgn0004897	114	116	230	0.495652173913044
FBgn0004898	91	106	197	0.461928934010152
FBgn0004901	0	0	0	NA
FBgn0004903	176	156	332	0.530120481927711
FBgn0004907	162	182	344	0.47093023255814
FBgn0004908	0	0	0	NA
FBgn0004910	341	343	684	0.498538011695906
FBgn0004911	79	86	165	0.478787878787879
FBgn0004913	39	36	75	0.52
FBgn0004914	401	402	803	0.499377334993773
FBgn0004915	67	63	130	0.515384615384615
FBgn0004919	130	127	257	0.505836575875486
FBgn0004921	65	57	122	0.532786885245902
FBgn0004924	207	191	398	0.520100502512563
FBgn0004926	113	82	195	0.57948717948718
FBgn0004956	122	127	249	0.48995983935743
FBgn0004957	115	106	221	0.520361990950226
FBgn0004959	148	150	298	0.496644295302013
FBgn0005198	160	171	331	0.483383685800604
FBgn0005278	88	67	155	0.567741935483871
FBgn0005322	112	110	222	0.504504504504504
FBgn0005355	44	37	81	0.54320987654321
FBgn0005386	274	254	528	0.518939393939394
FBgn0005390	413	432	845	0.488757396449704
FBgn0005391	90	94	184	0.489130434782609
FBgn0005411	107	122	229	0.467248908296943
FBgn0005427	125	155	280	0.446428571428571
FBgn0005533	63	52	115	0.547826086956522
FBgn0005536	666	649	1315	0.506463878326996
FBgn0005558	38	44	82	0.463414634146341
FBgn0005561	122	144	266	0.458646616541353
FBgn0005564	199	224	423	0.470449172576832
FBgn0005585	67	64	131	0.511450381679389
FBgn0005586	295	291	586	0.503412969283277
FBgn0005590	141	143	284	0.496478873239437
FBgn0005593	39	21	60	0.65
FBgn0005596	213	177	390	0.546153846153846
FBgn0005612	140	151	291	0.481099656357388
FBgn0005613	128	127	255	0.501960784313725
FBgn0005614	336	348	684	0.491228070175439
FBgn0005616	232	237	469	0.494669509594883
FBgn0005617	182	169	351	0.518518518518518
FBgn0005619	350	397	747	0.468540829986613
FBgn0005624	360	344	704	0.511363636363636
FBgn0005626	300	311	611	0.490998363338789
FBgn0005631	437	445	882	0.49546485260771
FBgn0005632	222	236	458	0.48471615720524
FBgn0005633	31	23	54	0.574074074074074
FBgn0005636	273	294	567	0.481481481481481
FBgn0005638	135	140	275	0.490909090909091
FBgn0005640	567	503	1070	0.529906542056075
FBgn0005642	76	85	161	0.472049689440994
FBgn0005648	84	95	179	0.46927374301676
FBgn0005649	143	163	306	0.467320261437909
FBgn0005654	0	0	0	NA
FBgn0005655	72	72	144	0.5
FBgn0005658	403	403	806	0.5
FBgn0005659	209	243	452	0.462389380530973
FBgn0005660	322	299	621	0.518518518518518
FBgn0005664	173	143	316	0.54746835443038
FBgn0005666	234	223	457	0.512035010940919
FBgn0005670	179	171	350	0.511428571428571
FBgn0005671	129	132	261	0.494252873563218
FBgn0005672	101	132	233	0.433476394849785
FBgn0005674	422	372	794	0.531486146095718
FBgn0005677	293	263	556	0.526978417266187
FBgn0005683	143	138	281	0.508896797153025
FBgn0005694	126	104	230	0.547826086956522
FBgn0005695	51	59	110	0.463636363636364
FBgn0005696	87	98	185	0.47027027027027
FBgn0005771	186	204	390	0.476923076923077
FBgn0005775	348	340	688	0.505813953488372
FBgn0005777	24	14	38	0.631578947368421
FBgn0005778	112	140	252	0.444444444444444
FBgn0005779	93	90	183	0.508196721311475
FBgn0008635	171	178	349	0.489971346704871
FBgn0008636	209	203	412	0.507281553398058
FBgn0008646	106	125	231	0.458874458874459
FBgn0008651	186	193	379	0.490765171503958
FBgn0010014	124	126	250	0.496
FBgn0010015	284	291	575	0.493913043478261
FBgn0010019	18	23	41	0.439024390243902
FBgn0010038	43	27	70	0.614285714285714
FBgn0010039	49	61	110	0.445454545454545
FBgn0010040	93	96	189	0.492063492063492
FBgn0010041	96	77	173	0.554913294797688
FBgn0010042	83	87	170	0.488235294117647
FBgn0010043	74	74	148	0.5
FBgn0010044	75	66	141	0.531914893617021
FBgn0010051	194	204	398	0.487437185929648
FBgn0010052	273	263	536	0.509328358208955
FBgn0010053	112	97	209	0.535885167464115
FBgn0010078	53	51	104	0.509615384615385
FBgn0010097	137	132	269	0.509293680297398
FBgn0010100	56	76	132	0.424242424242424
FBgn0010105	99	107	206	0.480582524271845
FBgn0010109	23	9	32	0.71875
FBgn0010113	936	1014	1950	0.48
FBgn0010114	163	172	335	0.486567164179104
FBgn0010173	37	42	79	0.468354430379747
FBgn0010194	106	122	228	0.464912280701754
FBgn0010197	525	481	1006	0.521868787276342
FBgn0010198	93	89	182	0.510989010989011
FBgn0010213	131	102	233	0.562231759656652
FBgn0010215	49	43	92	0.532608695652174
FBgn0010217	1	0	1	1
FBgn0010220	101	101	202	0.5
FBgn0010222	31	31	62	0.5
FBgn0010223	123	120	243	0.506172839506173
FBgn0010225	8	15	23	0.347826086956522
FBgn0010226	96	89	185	0.518918918918919
FBgn0010228	133	129	262	0.50763358778626
FBgn0010235	187	218	405	0.461728395061728
FBgn0010238	141	146	287	0.491289198606272
FBgn0010240	109	96	205	0.531707317073171
FBgn0010241	361	359	720	0.501388888888889
FBgn0010246	378	354	732	0.516393442622951
FBgn0010247	28	24	52	0.538461538461538
FBgn0010258	0	0	0	NA
FBgn0010263	326	308	634	0.514195583596215
FBgn0010265	71	89	160	0.44375
FBgn0010269	110	125	235	0.468085106382979
FBgn0010278	118	133	251	0.470119521912351
FBgn0010280	244	226	470	0.519148936170213
FBgn0010282	14	9	23	0.608695652173913
FBgn0010287	78	68	146	0.534246575342466
FBgn0010288	26	37	63	0.412698412698413
FBgn0010292	109	108	217	0.502304147465438
FBgn0010294	63	88	151	0.417218543046358
FBgn0010295	42	34	76	0.552631578947368
FBgn0010296	53	43	96	0.552083333333333
FBgn0010300	403	425	828	0.486714975845411
FBgn0010303	408	412	820	0.497560975609756
FBgn0010309	175	177	352	0.497159090909091
FBgn0010313	235	224	459	0.5119825708061
FBgn0010314	97	122	219	0.442922374429224
FBgn0010315	204	197	401	0.508728179551122
FBgn0010316	122	132	254	0.480314960629921
FBgn0010317	120	87	207	0.579710144927536
FBgn0010323	258	275	533	0.484052532833021
FBgn0010328	207	233	440	0.470454545454545
FBgn0010329	383	318	701	0.546362339514979
FBgn0010333	0	1	1	0
FBgn0010339	82	84	166	0.493975903614458
FBgn0010340	53	54	107	0.495327102803738
FBgn0010341	112	117	229	0.489082969432314
FBgn0010342	91	96	187	0.486631016042781
FBgn0010348	45	31	76	0.592105263157895
FBgn0010350	105	118	223	0.47085201793722
FBgn0010352	358	321	679	0.527245949926362
FBgn0010355	239	237	476	0.502100840336134
FBgn0010356	78	125	203	0.38423645320197
FBgn0010357	19	15	34	0.558823529411765
FBgn0010358	1	20	21	0.0476190476190476
FBgn0010359	0	0	0	NA
FBgn0010379	88	99	187	0.470588235294118
FBgn0010380	185	188	373	0.49597855227882
FBgn0010382	344	302	646	0.532507739938081
FBgn0010383	173	173	346	0.5
FBgn0010385	60	66	126	0.476190476190476
FBgn0010387	80	79	159	0.50314465408805
FBgn0010388	62	89	151	0.410596026490066
FBgn0010389	203	193	396	0.512626262626263
FBgn0010391	66	103	169	0.390532544378698
FBgn0010395	108	120	228	0.473684210526316
FBgn0010397	208	237	445	0.467415730337079
FBgn0010398	84	63	147	0.571428571428571
FBgn0010399	116	121	237	0.489451476793249
FBgn0010401	0	0	0	NA
FBgn0010403	1	0	1	1
FBgn0010406	116	119	235	0.493617021276596
FBgn0010407	186	189	375	0.496
FBgn0010408	59	54	113	0.52212389380531
FBgn0010409	41	43	84	0.488095238095238
FBgn0010411	57	79	136	0.419117647058824
FBgn0010412	95	82	177	0.536723163841808
FBgn0010414	228	244	472	0.483050847457627
FBgn0010415	354	330	684	0.517543859649123
FBgn0010416	157	161	318	0.493710691823899
FBgn0010417	20	21	41	0.48780487804878
FBgn0010421	37	32	69	0.536231884057971
FBgn0010422	113	95	208	0.543269230769231
FBgn0010423	128	118	246	0.520325203252033
FBgn0010424	93	101	194	0.479381443298969
FBgn0010425	36	48	84	0.428571428571429
FBgn0010431	84	70	154	0.545454545454545
FBgn0010433	17	18	35	0.485714285714286
FBgn0010434	619	613	1232	0.502435064935065
FBgn0010435	153	136	289	0.529411764705882
FBgn0010438	29	30	59	0.491525423728814
FBgn0010441	132	146	278	0.474820143884892
FBgn0010452	195	234	429	0.454545454545455
FBgn0010453	197	194	391	0.50383631713555
FBgn0010470	195	200	395	0.493670886075949
FBgn0010473	768	815	1583	0.485154769425142
FBgn0010482	359	341	700	0.512857142857143
FBgn0010488	295	279	574	0.513937282229965
FBgn0010497	242	249	491	0.492871690427699
FBgn0010501	56	56	112	0.5
FBgn0010504	76	68	144	0.527777777777778
FBgn0010516	127	122	249	0.51004016064257
FBgn0010520	61	88	149	0.409395973154362
FBgn0010531	72	65	137	0.525547445255474
FBgn0010548	214	247	461	0.464208242950108
FBgn0010549	243	236	479	0.507306889352818
FBgn0010551	181	155	336	0.538690476190476
FBgn0010583	230	185	415	0.55421686746988
FBgn0010590	62	47	109	0.568807339449541
FBgn0010591	133	180	313	0.424920127795527
FBgn0010602	135	130	265	0.509433962264151
FBgn0010607	47	51	98	0.479591836734694
FBgn0010611	164	208	372	0.440860215053763
FBgn0010612	51	66	117	0.435897435897436
FBgn0010620	62	63	125	0.496
FBgn0010621	0	0	0	NA
FBgn0010622	62	63	125	0.496
FBgn0010638	40	47	87	0.459770114942529
FBgn0010651	248	279	527	0.470588235294118
FBgn0010660	161	143	304	0.529605263157895
FBgn0010741	79	72	151	0.52317880794702
FBgn0010747	113	147	260	0.434615384615385
FBgn0010750	48	50	98	0.489795918367347
FBgn0010762	338	329	667	0.506746626686657
FBgn0010768	276	266	542	0.509225092250922
FBgn0010770	114	110	224	0.508928571428571
FBgn0010772	96	78	174	0.551724137931034
FBgn0010774	110	93	203	0.541871921182266
FBgn0010786	169	155	324	0.521604938271605
FBgn0010803	97	74	171	0.567251461988304
FBgn0010808	75	92	167	0.449101796407186
FBgn0010812	120	114	234	0.512820512820513
FBgn0010825	629	686	1315	0.478326996197719
FBgn0010830	48	36	84	0.571428571428571
FBgn0010877	322	263	585	0.55042735042735
FBgn0010894	124	159	283	0.438162544169611
FBgn0010905	828	794	1622	0.510480887792848
FBgn0010909	570	535	1105	0.515837104072398
FBgn0010926	199	207	406	0.490147783251232
FBgn0011016	23	30	53	0.433962264150943
FBgn0011020	60	64	124	0.483870967741935
FBgn0011202	299	284	583	0.512864493996569
FBgn0011204	180	160	340	0.529411764705882
FBgn0011205	99	119	218	0.454128440366972
FBgn0011206	568	518	1086	0.523020257826888
FBgn0011207	212	210	422	0.502369668246445
FBgn0011211	152	138	290	0.524137931034483
FBgn0011217	123	138	261	0.471264367816092
FBgn0011224	679	671	1350	0.502962962962963
FBgn0011225	523	493	1016	0.514763779527559
FBgn0011227	2	1	3	0.666666666666667
FBgn0011230	1261	1183	2444	0.515957446808511
FBgn0011232	293	318	611	0.479541734860884
FBgn0011236	94	85	179	0.525139664804469
FBgn0011239	114	93	207	0.550724637681159
FBgn0011244	153	133	286	0.534965034965035
FBgn0011259	906	827	1733	0.522792844777842
FBgn0011260	490	454	944	0.519067796610169
FBgn0011270	60	66	126	0.476190476190476
FBgn0011272	108	87	195	0.553846153846154
FBgn0011273	0	0	0	NA
FBgn0011274	379	412	791	0.479140328697851
FBgn0011276	149	102	251	0.593625498007968
FBgn0011277	115	121	236	0.48728813559322
FBgn0011278	146	154	300	0.486666666666667
FBgn0011279	60	53	113	0.530973451327434
FBgn0011280	95	86	181	0.524861878453039
FBgn0011281	27	11	38	0.710526315789474
FBgn0011282	13	5	18	0.722222222222222
FBgn0011283	48	42	90	0.533333333333333
FBgn0011284	94	135	229	0.410480349344978
FBgn0011286	619	607	1226	0.50489396411093
FBgn0011288	126	115	241	0.522821576763486
FBgn0011289	170	160	330	0.515151515151515
FBgn0011290	34	35	69	0.492753623188406
FBgn0011291	56	48	104	0.538461538461538
FBgn0011293	23	37	60	0.383333333333333
FBgn0011294	72	102	174	0.413793103448276
FBgn0011296	35	51	86	0.406976744186047
FBgn0011297	111	104	215	0.516279069767442
FBgn0011300	125	123	248	0.504032258064516
FBgn0011305	105	109	214	0.490654205607477
FBgn0011327	51	55	106	0.481132075471698
FBgn0011335	106	105	211	0.502369668246445
FBgn0011336	141	147	288	0.489583333333333
FBgn0011361	70	63	133	0.526315789473684
FBgn0011455	61	52	113	0.539823008849557
FBgn0011474	164	139	303	0.541254125412541
FBgn0011476	10	18	28	0.357142857142857
FBgn0011481	207	196	403	0.513647642679901
FBgn0011509	837	839	1676	0.499403341288783
FBgn0011554	85	107	192	0.442708333333333
FBgn0011555	76	87	163	0.466257668711656
FBgn0011556	90	71	161	0.559006211180124
FBgn0011559	176	167	343	0.513119533527697
FBgn0011566	111	89	200	0.555
FBgn0011569	264	285	549	0.480874316939891
FBgn0011570	128	128	256	0.5
FBgn0011573	82	68	150	0.546666666666667
FBgn0011576	0	0	0	NA
FBgn0011581	92	127	219	0.420091324200913
FBgn0011582	1073	1052	2125	0.504941176470588
FBgn0011584	223	232	455	0.49010989010989
FBgn0011586	125	143	268	0.466417910447761
FBgn0011589	610	609	1219	0.500410172272354
FBgn0011591	85	76	161	0.527950310559006
FBgn0011592	450	480	930	0.483870967741935
FBgn0011596	223	224	447	0.498881431767338
FBgn0011603	439	465	904	0.485619469026549
FBgn0011604	156	151	307	0.50814332247557
FBgn0011606	237	249	486	0.487654320987654
FBgn0011638	45	28	73	0.616438356164384
FBgn0011640	59	21	80	0.7375
FBgn0011642	40	27	67	0.597014925373134
FBgn0011648	201	230	431	0.466357308584687
FBgn0011653	337	369	706	0.477337110481586
FBgn0011655	97	91	188	0.515957446808511
FBgn0011656	461	455	916	0.503275109170306
FBgn0011659	42	28	70	0.6
FBgn0011660	145	154	299	0.48494983277592
FBgn0011661	449	428	877	0.511972633979475
FBgn0011666	733	741	1474	0.497286295793758
FBgn0011668	50	44	94	0.531914893617021
FBgn0011669	24	26	50	0.48
FBgn0011670	42	54	96	0.4375
FBgn0011672	394	404	798	0.493734335839599
FBgn0011674	267	269	536	0.498134328358209
FBgn0011676	542	590	1132	0.478798586572438
FBgn0011692	180	207	387	0.465116279069767
FBgn0011693	41	33	74	0.554054054054054
FBgn0011694	28	33	61	0.459016393442623
FBgn0011695	58	64	122	0.475409836065574
FBgn0011701	186	210	396	0.46969696969697
FBgn0011703	182	175	357	0.509803921568627
FBgn0011704	77	48	125	0.616
FBgn0011705	159	143	302	0.526490066225166
FBgn0011706	65	72	137	0.474452554744526
FBgn0011708	97	119	216	0.449074074074074
FBgn0011710	139	169	308	0.451298701298701
FBgn0011715	75	70	145	0.517241379310345
FBgn0011722	601	610	1211	0.496284062758051
FBgn0011723	268	302	570	0.470175438596491
FBgn0011725	320	350	670	0.477611940298507
FBgn0011726	40	27	67	0.597014925373134
FBgn0011737	168	179	347	0.484149855907781
FBgn0011739	428	441	869	0.492520138089758
FBgn0011740	116	138	254	0.456692913385827
FBgn0011741	49	53	102	0.480392156862745
FBgn0011742	99	107	206	0.480582524271845
FBgn0011743	102	80	182	0.56043956043956
FBgn0011745	106	98	204	0.519607843137255
FBgn0011746	174	194	368	0.472826086956522
FBgn0011747	145	135	280	0.517857142857143
FBgn0011754	294	266	560	0.525
FBgn0011758	213	227	440	0.484090909090909
FBgn0011760	178	164	342	0.52046783625731
FBgn0011761	65	59	124	0.524193548387097
FBgn0011762	89	97	186	0.478494623655914
FBgn0011763	112	108	220	0.509090909090909
FBgn0011766	401	381	782	0.512787723785166
FBgn0011768	58	37	95	0.610526315789474
FBgn0011769	78	79	157	0.496815286624204
FBgn0011770	49	51	100	0.49
FBgn0011771	77	66	143	0.538461538461538
FBgn0011774	104	75	179	0.581005586592179
FBgn0011785	360	311	671	0.536512667660209
FBgn0011787	17	23	40	0.425
FBgn0011802	451	397	848	0.531839622641509
FBgn0011812	51	65	116	0.439655172413793
FBgn0011817	476	450	926	0.514038876889849
FBgn0011818	250	270	520	0.480769230769231
FBgn0011822	63	85	148	0.425675675675676
FBgn0011824	67	79	146	0.458904109589041
FBgn0011826	182	214	396	0.45959595959596
FBgn0011828	592	544	1136	0.52112676056338
FBgn0011829	196	174	370	0.52972972972973
FBgn0011832	44	28	72	0.611111111111111
FBgn0011834	60	47	107	0.560747663551402
FBgn0011836	277	305	582	0.475945017182131
FBgn0011837	88	96	184	0.478260869565217
FBgn0011840	13	11	24	0.541666666666667
FBgn0011844	19	28	47	0.404255319148936
FBgn0011845	10	5	15	0.666666666666667
FBgn0011848	11	8	19	0.578947368421053
FBgn0011849	1	1	2	0.5
FBgn0011850	11	14	25	0.44
FBgn0011851	3	9	12	0.25
FBgn0011852	0	1	1	0
FBgn0011853	12	0	12	1
FBgn0011854	0	0	0	NA
FBgn0011855	6	9	15	0.4
FBgn0011858	19	20	39	0.487179487179487
FBgn0011859	10	12	22	0.454545454545455
FBgn0011860	26	28	54	0.481481481481481
FBgn0011861	36	24	60	0.6
FBgn0011862	27	42	69	0.391304347826087
FBgn0011863	17	17	34	0.5
FBgn0011864	11	9	20	0.55
FBgn0011865	31	32	63	0.492063492063492
FBgn0011866	21	20	41	0.51219512195122
FBgn0011867	34	29	63	0.53968253968254
FBgn0011868	3	6	9	0.333333333333333
FBgn0011869	37	33	70	0.528571428571429
FBgn0011870	22	19	41	0.536585365853659
FBgn0011871	6	7	13	0.461538461538462
FBgn0011872	17	16	33	0.515151515151515
FBgn0011877	12	13	25	0.48
FBgn0011878	8	6	14	0.571428571428571
FBgn0011879	8	15	23	0.347826086956522
FBgn0011880	10	19	29	0.344827586206897
FBgn0011881	21	19	40	0.525
FBgn0011882	20	8	28	0.714285714285714
FBgn0011883	28	36	64	0.4375
FBgn0011884	29	21	50	0.58
FBgn0011885	13	13	26	0.5
FBgn0011887	14	11	25	0.56
FBgn0011888	6	16	22	0.272727272727273
FBgn0011889	0	0	0	NA
FBgn0011890	22	22	44	0.5
FBgn0011891	16	19	35	0.457142857142857
FBgn0011892	17	28	45	0.377777777777778
FBgn0011893	22	11	33	0.666666666666667
FBgn0011894	1	4	5	0.2
FBgn0011895	11	11	22	0.5
FBgn0011896	46	33	79	0.582278481012658
FBgn0011897	21	32	53	0.39622641509434
FBgn0011902	22	22	44	0.5
FBgn0011904	4	1	5	0.8
FBgn0011905	12	27	39	0.307692307692308
FBgn0011906	10	12	22	0.454545454545455
FBgn0011909	31	29	60	0.516666666666667
FBgn0011910	33	28	61	0.540983606557377
FBgn0011915	9	3	12	0.75
FBgn0011916	22	16	38	0.578947368421053
FBgn0011919	0	0	0	NA
FBgn0011921	27	23	50	0.54
FBgn0011927	28	17	45	0.622222222222222
FBgn0011928	13	18	31	0.419354838709677
FBgn0011931	0	0	0	NA
FBgn0011932	0	0	0	NA
FBgn0011933	0	0	0	NA
FBgn0011934	19	11	30	0.633333333333333
FBgn0011935	10	9	19	0.526315789473684
FBgn0011936	0	0	0	NA
FBgn0011937	15	16	31	0.483870967741935
FBgn0011938	10	7	17	0.588235294117647
FBgn0011944	15	15	30	0.5
FBgn0011945	0	0	0	NA
FBgn0011948	9	15	24	0.375
FBgn0011949	22	13	35	0.628571428571429
FBgn0011950	2	2	4	0.5
FBgn0011951	23	21	44	0.522727272727273
FBgn0011952	25	21	46	0.543478260869565
FBgn0011953	26	24	50	0.52
FBgn0011954	6	8	14	0.428571428571429
FBgn0011955	25	33	58	0.431034482758621
FBgn0011956	14	18	32	0.4375
FBgn0011957	9	15	24	0.375
FBgn0011958	13	15	28	0.464285714285714
FBgn0011959	9	10	19	0.473684210526316
FBgn0011960	15	17	32	0.46875
FBgn0011961	19	13	32	0.59375
FBgn0011962	16	19	35	0.457142857142857
FBgn0011963	19	17	36	0.527777777777778
FBgn0011965	0	0	0	NA
FBgn0011966	10	8	18	0.555555555555556
FBgn0011970	0	2	2	0
FBgn0011971	43	33	76	0.565789473684211
FBgn0011974	25	30	55	0.454545454545455
FBgn0011975	13	19	32	0.40625
FBgn0011976	23	14	37	0.621621621621622
FBgn0011977	23	11	34	0.676470588235294
FBgn0011980	33	39	72	0.458333333333333
FBgn0011981	26	27	53	0.490566037735849
FBgn0011982	18	45	63	0.285714285714286
FBgn0011983	18	15	33	0.545454545454545
FBgn0011984	13	13	26	0.5
FBgn0011985	11	4	15	0.733333333333333
FBgn0011986	3	0	3	1
FBgn0011987	8	12	20	0.4
FBgn0011993	22	26	48	0.458333333333333
FBgn0011994	18	27	45	0.4
FBgn0011998	8	9	17	0.470588235294118
FBgn0011999	20	18	38	0.526315789473684
FBgn0012000	0	0	0	NA
FBgn0012001	0	0	0	NA
FBgn0012002	21	25	46	0.456521739130435
FBgn0012003	29	32	61	0.475409836065574
FBgn0012004	33	37	70	0.471428571428571
FBgn0012009	21	7	28	0.75
FBgn0012010	34	28	62	0.548387096774194
FBgn0012011	1	2	3	0.333333333333333
FBgn0012016	26	31	57	0.456140350877193
FBgn0012017	26	17	43	0.604651162790698
FBgn0012018	0	3	3	0
FBgn0012024	0	0	0	NA
FBgn0012025	0	0	0	NA
FBgn0012026	0	0	0	NA
FBgn0012027	1	4	5	0.2
FBgn0012028	13	2	15	0.866666666666667
FBgn0012034	97	85	182	0.532967032967033
FBgn0012036	168	147	315	0.533333333333333
FBgn0012037	194	201	395	0.491139240506329
FBgn0012042	101	77	178	0.567415730337079
FBgn0012051	433	414	847	0.511216056670602
FBgn0012058	231	177	408	0.566176470588235
FBgn0012344	102	116	218	0.467889908256881
FBgn0013263	79	61	140	0.564285714285714
FBgn0013269	26	24	50	0.52
FBgn0013272	330	337	667	0.494752623688156
FBgn0013275	15	6	21	0.714285714285714
FBgn0013276	17	26	43	0.395348837209302
FBgn0013277	1	0	1	1
FBgn0013278	0	1	1	0
FBgn0013279	11	6	17	0.647058823529412
FBgn0013300	81	77	158	0.512658227848101
FBgn0013301	26	27	53	0.490566037735849
FBgn0013303	0	0	0	NA
FBgn0013305	209	222	431	0.48491879350348
FBgn0013307	91	102	193	0.471502590673575
FBgn0013308	140	160	300	0.466666666666667
FBgn0013323	58	72	130	0.446153846153846
FBgn0013325	97	98	195	0.497435897435897
FBgn0013334	253	253	506	0.5
FBgn0013342	159	159	318	0.5
FBgn0013343	177	162	339	0.52212389380531
FBgn0013347	53	57	110	0.481818181818182
FBgn0013348	155	129	284	0.545774647887324
FBgn0013432	32	23	55	0.581818181818182
FBgn0013433	327	311	638	0.512539184952978
FBgn0013435	88	84	172	0.511627906976744
FBgn0013467	233	237	470	0.495744680851064
FBgn0013469	350	355	705	0.49645390070922
FBgn0013531	66	54	120	0.55
FBgn0013548	145	164	309	0.469255663430421
FBgn0013563	261	278	539	0.484230055658627
FBgn0013576	486	412	898	0.541202672605791
FBgn0013672	10207	51	10258	0.995028270618054
FBgn0013673	0	0	0	NA
FBgn0013674	12342	48	12390	0.996125907990315
FBgn0013675	12697	48	12745	0.996233817183209
FBgn0013676	5228	12	5240	0.997709923664122
FBgn0013678	5	1	6	0.833333333333333
FBgn0013679	14255	171	14426	0.988146402329128
FBgn0013680	11528	35	11563	0.996973103865779
FBgn0013681	2	0	2	1
FBgn0013683	1	1	2	0.5
FBgn0013684	15250	54	15304	0.996471510716153
FBgn0013685	7613	27	7640	0.996465968586387
FBgn0013686	1	6	7	0.142857142857143
FBgn0013687	23700	2564	26264	0.902375875723424
FBgn0013688	2	0	2	1
FBgn0013689	0	0	0	NA
FBgn0013690	0	0	0	NA
FBgn0013691	0	0	0	NA
FBgn0013692	0	0	0	NA
FBgn0013693	0	0	0	NA
FBgn0013694	0	0	0	NA
FBgn0013695	0	0	0	NA
FBgn0013696	1	1	2	0.5
FBgn0013697	0	0	0	NA
FBgn0013698	0	0	0	NA
FBgn0013699	0	0	0	NA
FBgn0013700	0	0	0	NA
FBgn0013701	0	0	0	NA
FBgn0013702	0	0	0	NA
FBgn0013703	0	0	0	NA
FBgn0013704	0	0	0	NA
FBgn0013705	0	0	0	NA
FBgn0013706	0	0	0	NA
FBgn0013707	0	0	0	NA
FBgn0013708	0	0	0	NA
FBgn0013709	0	0	0	NA
FBgn0013710	0	0	0	NA
FBgn0013717	188	222	410	0.458536585365854
FBgn0013718	549	515	1064	0.515977443609023
FBgn0013720	46	31	77	0.597402597402597
FBgn0013725	142	129	271	0.523985239852399
FBgn0013726	41	35	76	0.539473684210526
FBgn0013732	91	74	165	0.551515151515152
FBgn0013733	2501	2580	5081	0.492225939775635
FBgn0013746	156	158	314	0.496815286624204
FBgn0013749	13	15	28	0.464285714285714
FBgn0013750	61	53	114	0.535087719298246
FBgn0013751	202	237	439	0.460136674259681
FBgn0013753	11	9	20	0.55
FBgn0013755	0	0	0	NA
FBgn0013756	255	269	524	0.486641221374046
FBgn0013759	617	548	1165	0.529613733905579
FBgn0013762	131	129	260	0.503846153846154
FBgn0013763	198	189	387	0.511627906976744
FBgn0013764	90	83	173	0.520231213872832
FBgn0013765	480	452	932	0.515021459227468
FBgn0013767	61	90	151	0.403973509933775
FBgn0013770	130	102	232	0.560344827586207
FBgn0013771	134	103	237	0.565400843881857
FBgn0013772	130	124	254	0.511811023622047
FBgn0013773	104	111	215	0.483720930232558
FBgn0013799	37	35	72	0.513888888888889
FBgn0013810	964	953	1917	0.502869066249348
FBgn0013811	573	598	1171	0.48932536293766
FBgn0013812	1033	1038	2071	0.498792853693868
FBgn0013813	1011	1026	2037	0.496318114874816
FBgn0013949	147	145	292	0.503424657534247
FBgn0013953	263	292	555	0.473873873873874
FBgn0013954	70	60	130	0.538461538461538
FBgn0013972	195	204	399	0.488721804511278
FBgn0013973	422	472	894	0.472035794183445
FBgn0013981	19	34	53	0.358490566037736
FBgn0013983	98	120	218	0.44954128440367
FBgn0013987	196	193	389	0.503856041131105
FBgn0013995	646	650	1296	0.498456790123457
FBgn0013997	547	472	1019	0.536800785083415
FBgn0014000	93	100	193	0.481865284974093
FBgn0014006	364	357	721	0.504854368932039
FBgn0014007	335	310	645	0.51937984496124
FBgn0014009	72	61	133	0.541353383458647
FBgn0014010	240	266	506	0.474308300395257
FBgn0014011	174	172	346	0.502890173410405
FBgn0014018	103	96	199	0.517587939698492
FBgn0014019	110	128	238	0.46218487394958
FBgn0014020	123	139	262	0.469465648854962
FBgn0014022	30	19	49	0.612244897959184
FBgn0014023	31	37	68	0.455882352941176
FBgn0014024	225	263	488	0.461065573770492
FBgn0014026	180	178	358	0.502793296089385
FBgn0014028	23	24	47	0.48936170212766
FBgn0014029	58	58	116	0.5
FBgn0014031	152	134	286	0.531468531468531
FBgn0014032	134	128	262	0.511450381679389
FBgn0014033	237	228	465	0.509677419354839
FBgn0014037	118	143	261	0.452107279693487
FBgn0014073	460	453	913	0.503833515881709
FBgn0014075	186	186	372	0.5
FBgn0014076	84	83	167	0.502994011976048
FBgn0014092	58	66	124	0.467741935483871
FBgn0014127	181	156	337	0.537091988130564
FBgn0014133	506	507	1013	0.499506416584403
FBgn0014135	346	358	704	0.491477272727273
FBgn0014141	789	765	1554	0.507722007722008
FBgn0014143	65	75	140	0.464285714285714
FBgn0014163	221	208	429	0.515151515151515
FBgn0014179	79	86	165	0.478787878787879
FBgn0014184	0	2	2	0
FBgn0014189	209	215	424	0.492924528301887
FBgn0014269	129	119	248	0.520161290322581
FBgn0014340	141	135	276	0.510869565217391
FBgn0014342	38	33	71	0.535211267605634
FBgn0014343	344	333	677	0.508124076809453
FBgn0014366	10	12	22	0.454545454545455
FBgn0014368	52	60	112	0.464285714285714
FBgn0014380	31	28	59	0.525423728813559
FBgn0014388	332	323	655	0.506870229007634
FBgn0014391	77	77	154	0.5
FBgn0014395	117	104	221	0.529411764705882
FBgn0014396	636	539	1175	0.541276595744681
FBgn0014411	67	44	111	0.603603603603604
FBgn0014417	167	161	328	0.509146341463415
FBgn0014427	111	121	232	0.478448275862069
FBgn0014454	59	62	121	0.487603305785124
FBgn0014455	163	188	351	0.464387464387464
FBgn0014464	581	609	1190	0.488235294117647
FBgn0014465	596	587	1183	0.503803888419273
FBgn0014466	483	489	972	0.496913580246914
FBgn0014469	92	109	201	0.45771144278607
FBgn0014848	50	59	109	0.458715596330275
FBgn0014849	85	79	164	0.518292682926829
FBgn0014850	42	35	77	0.545454545454545
FBgn0014851	79	63	142	0.556338028169014
FBgn0014857	32	30	62	0.516129032258065
FBgn0014859	394	416	810	0.48641975308642
FBgn0014861	67	60	127	0.52755905511811
FBgn0014863	106	105	211	0.502369668246445
FBgn0014865	47	37	84	0.55952380952381
FBgn0014868	64	76	140	0.457142857142857
FBgn0014869	91	101	192	0.473958333333333
FBgn0014870	236	240	476	0.495798319327731
FBgn0014877	133	119	252	0.527777777777778
FBgn0014879	79	86	165	0.478787878787879
FBgn0014903	0	0	0	NA
FBgn0014906	138	153	291	0.474226804123711
FBgn0014930	17	15	32	0.53125
FBgn0014931	17	14	31	0.548387096774194
FBgn0014949	18	24	42	0.428571428571429
FBgn0015000	137	131	268	0.511194029850746
FBgn0015001	43	43	86	0.5
FBgn0015008	21	39	60	0.35
FBgn0015010	124	111	235	0.527659574468085
FBgn0015011	154	125	279	0.551971326164875
FBgn0015019	54	55	109	0.495412844036697
FBgn0015024	151	140	291	0.518900343642612
FBgn0015025	105	86	191	0.549738219895288
FBgn0015031	27	42	69	0.391304347826087
FBgn0015032	192	172	364	0.527472527472527
FBgn0015033	113	105	218	0.518348623853211
FBgn0015034	75	72	147	0.510204081632653
FBgn0015035	217	227	444	0.488738738738739
FBgn0015036	0	0	0	NA
FBgn0015037	158	192	350	0.451428571428571
FBgn0015038	61	42	103	0.592233009708738
FBgn0015039	129	104	233	0.553648068669528
FBgn0015040	0	0	0	NA
FBgn0015075	17	13	30	0.566666666666667
FBgn0015218	151	153	304	0.496710526315789
FBgn0015221	143	141	284	0.503521126760563
FBgn0015222	119	103	222	0.536036036036036
FBgn0015229	113	99	212	0.533018867924528
FBgn0015230	82	77	159	0.515723270440252
FBgn0015239	10	14	24	0.416666666666667
FBgn0015240	81	81	162	0.5
FBgn0015245	145	135	280	0.517857142857143
FBgn0015247	84	61	145	0.579310344827586
FBgn0015268	41	32	73	0.561643835616438
FBgn0015269	605	585	1190	0.508403361344538
FBgn0015270	73	83	156	0.467948717948718
FBgn0015271	99	110	209	0.473684210526316
FBgn0015277	253	264	517	0.48936170212766
FBgn0015278	478	519	997	0.479438314944835
FBgn0015279	246	253	499	0.492985971943888
FBgn0015282	46	66	112	0.410714285714286
FBgn0015283	39	25	64	0.609375
FBgn0015286	140	183	323	0.43343653250774
FBgn0015288	40	31	71	0.563380281690141
FBgn0015295	247	240	487	0.507186858316222
FBgn0015296	135	124	259	0.521235521235521
FBgn0015298	35	24	59	0.593220338983051
FBgn0015299	16	11	27	0.592592592592593
FBgn0015300	78	105	183	0.426229508196721
FBgn0015316	93	81	174	0.53448275862069
FBgn0015320	81	89	170	0.476470588235294
FBgn0015321	124	106	230	0.539130434782609
FBgn0015331	14	8	22	0.636363636363636
FBgn0015336	271	264	535	0.506542056074766
FBgn0015338	77	48	125	0.616
FBgn0015351	52	63	115	0.452173913043478
FBgn0015359	90	93	183	0.491803278688525
FBgn0015360	326	390	716	0.455307262569832
FBgn0015371	354	367	721	0.490984743411928
FBgn0015372	112	110	222	0.504504504504504
FBgn0015376	272	277	549	0.495446265938069
FBgn0015379	55	59	114	0.482456140350877
FBgn0015380	257	248	505	0.508910891089109
FBgn0015381	308	358	666	0.462462462462462
FBgn0015391	223	214	437	0.510297482837529
FBgn0015396	45	59	104	0.432692307692308
FBgn0015399	373	368	741	0.503373819163293
FBgn0015400	540	520	1060	0.509433962264151
FBgn0015402	58	59	117	0.495726495726496
FBgn0015477	395	429	824	0.479368932038835
FBgn0015509	45	40	85	0.529411764705882
FBgn0015513	635	687	1322	0.480332829046899
FBgn0015519	814	842	1656	0.491545893719807
FBgn0015520	107	120	227	0.47136563876652
FBgn0015521	74	80	154	0.480519480519481
FBgn0015522	142	126	268	0.529850746268657
FBgn0015524	312	272	584	0.534246575342466
FBgn0015527	123	126	249	0.493975903614458
FBgn0015543	14	23	37	0.378378378378378
FBgn0015544	85	86	171	0.497076023391813
FBgn0015546	331	355	686	0.482507288629738
FBgn0015550	81	95	176	0.460227272727273
FBgn0015553	168	163	331	0.507552870090634
FBgn0015558	414	427	841	0.492271105826397
FBgn0015561	77	56	133	0.578947368421053
FBgn0015568	4	9	13	0.307692307692308
FBgn0015569	127	134	261	0.486590038314176
FBgn0015570	52	51	103	0.504854368932039
FBgn0015571	0	0	0	NA
FBgn0015572	56	57	113	0.495575221238938
FBgn0015574	36	35	71	0.507042253521127
FBgn0015575	31	31	62	0.5
FBgn0015576	210	190	400	0.525
FBgn0015577	77	77	154	0.5
FBgn0015582	73	76	149	0.48993288590604
FBgn0015583	50	39	89	0.561797752808989
FBgn0015584	32	36	68	0.470588235294118
FBgn0015585	18	11	29	0.620689655172414
FBgn0015586	120	126	246	0.48780487804878
FBgn0015589	568	529	1097	0.517775752051048
FBgn0015591	112	138	250	0.448
FBgn0015600	518	550	1068	0.48501872659176
FBgn0015602	41	46	87	0.471264367816092
FBgn0015609	993	1030	2023	0.49085516559565
FBgn0015614	115	134	249	0.461847389558233
FBgn0015615	220	221	441	0.498866213151927
FBgn0015618	135	137	272	0.496323529411765
FBgn0015621	54	62	116	0.46551724137931
FBgn0015622	276	265	541	0.510166358595194
FBgn0015623	319	270	589	0.541595925297114
FBgn0015625	123	108	231	0.532467532467532
FBgn0015663	140	140	280	0.5
FBgn0015664	233	251	484	0.481404958677686
FBgn0015714	6	31	37	0.162162162162162
FBgn0015721	243	233	476	0.510504201680672
FBgn0015737	156	143	299	0.521739130434783
FBgn0015754	250	204	454	0.550660792951542
FBgn0015756	76	73	149	0.51006711409396
FBgn0015765	189	164	353	0.535410764872521
FBgn0015766	197	181	378	0.521164021164021
FBgn0015770	87	87	174	0.5
FBgn0015772	338	310	648	0.521604938271605
FBgn0015773	307	325	632	0.485759493670886
FBgn0015774	485	523	1008	0.481150793650794
FBgn0015776	186	188	374	0.497326203208556
FBgn0015777	393	395	788	0.498730964467005
FBgn0015778	187	202	389	0.480719794344473
FBgn0015781	41	47	88	0.465909090909091
FBgn0015789	130	135	265	0.490566037735849
FBgn0015790	190	157	347	0.547550432276657
FBgn0015791	201	148	349	0.575931232091691
FBgn0015793	152	120	272	0.558823529411765
FBgn0015794	31	37	68	0.455882352941176
FBgn0015795	123	105	228	0.539473684210526
FBgn0015797	75	79	154	0.487012987012987
FBgn0015799	80	95	175	0.457142857142857
FBgn0015801	69	56	125	0.552
FBgn0015803	379	370	749	0.506008010680908
FBgn0015805	105	114	219	0.479452054794521
FBgn0015808	93	93	186	0.5
FBgn0015818	137	117	254	0.539370078740158
FBgn0015828	142	144	286	0.496503496503497
FBgn0015829	153	154	307	0.498371335504886
FBgn0015831	9	9	18	0.5
FBgn0015834	72	95	167	0.431137724550898
FBgn0015838	146	125	271	0.538745387453875
FBgn0015872	303	253	556	0.544964028776978
FBgn0015903	314	329	643	0.488335925349922
FBgn0015904	287	262	549	0.522768670309654
FBgn0015905	268	233	501	0.534930139720559
FBgn0015919	294	273	567	0.518518518518518
FBgn0015924	135	132	267	0.50561797752809
FBgn0015925	158	105	263	0.600760456273764
FBgn0015926	105	113	218	0.481651376146789
FBgn0015929	142	179	321	0.442367601246106
FBgn0015946	23	15	38	0.605263157894737
FBgn0015949	307	305	612	0.501633986928105
FBgn0016013	152	154	306	0.496732026143791
FBgn0016031	378	324	702	0.538461538461538
FBgn0016032	117	104	221	0.529411764705882
FBgn0016034	41	46	87	0.471264367816092
FBgn0016036	92	82	174	0.528735632183908
FBgn0016038	29	16	45	0.644444444444444
FBgn0016041	141	144	285	0.494736842105263
FBgn0016047	436	468	904	0.482300884955752
FBgn0016053	44	52	96	0.458333333333333
FBgn0016054	60	68	128	0.46875
FBgn0016059	443	480	923	0.479956663055255
FBgn0016061	840	879	1719	0.488656195462478
FBgn0016070	322	300	622	0.517684887459807
FBgn0016075	453	475	928	0.488146551724138
FBgn0016076	218	243	461	0.472885032537961
FBgn0016078	166	211	377	0.440318302387268
FBgn0016081	1009	1052	2061	0.489568170790878
FBgn0016119	81	81	162	0.5
FBgn0016120	59	51	110	0.536363636363636
FBgn0016122	236	222	458	0.51528384279476
FBgn0016123	225	222	447	0.503355704697987
FBgn0016126	39	39	78	0.5
FBgn0016131	140	149	289	0.484429065743945
FBgn0016641	273	323	596	0.458053691275168
FBgn0016650	337	388	725	0.464827586206897
FBgn0016660	242	255	497	0.48692152917505
FBgn0016672	136	101	237	0.573839662447257
FBgn0016675	61	71	132	0.462121212121212
FBgn0016684	123	139	262	0.469465648854962
FBgn0016685	55	58	113	0.486725663716814
FBgn0016687	75	80	155	0.483870967741935
FBgn0016691	7	4	11	0.636363636363636
FBgn0016693	104	117	221	0.470588235294118
FBgn0016694	756	718	1474	0.512890094979647
FBgn0016696	77	89	166	0.463855421686747
FBgn0016697	60	63	123	0.48780487804878
FBgn0016698	121	161	282	0.429078014184397
FBgn0016701	40	35	75	0.533333333333333
FBgn0016715	93	115	208	0.447115384615385
FBgn0016726	0	0	0	NA
FBgn0016754	507	495	1002	0.505988023952096
FBgn0016756	261	265	526	0.496197718631179
FBgn0016762	48	55	103	0.466019417475728
FBgn0016794	418	424	842	0.496437054631829
FBgn0016797	421	383	804	0.52363184079602
FBgn0016917	164	193	357	0.459383753501401
FBgn0016919	116	96	212	0.547169811320755
FBgn0016920	719	664	1383	0.519884309472162
FBgn0016926	199	219	418	0.476076555023923
FBgn0016930	365	408	773	0.472186287192756
FBgn0016970	54	54	108	0.5
FBgn0016974	110	114	224	0.491071428571429
FBgn0016975	0	0	0	NA
FBgn0016976	0	0	0	NA
FBgn0016977	376	379	755	0.498013245033113
FBgn0016978	132	128	260	0.507692307692308
FBgn0016983	290	288	578	0.501730103806228
FBgn0016984	225	221	446	0.504484304932735
FBgn0017414	48	52	100	0.48
FBgn0017418	344	310	654	0.525993883792049
FBgn0017424	13	31	44	0.295454545454545
FBgn0017429	117	113	230	0.508695652173913
FBgn0017430	138	112	250	0.552
FBgn0017448	71	64	135	0.525925925925926
FBgn0017456	1	1	2	0.5
FBgn0017457	51	57	108	0.472222222222222
FBgn0017482	93	98	191	0.486910994764398
FBgn0017545	0	0	0	NA
FBgn0017550	17	13	30	0.566666666666667
FBgn0017551	175	169	344	0.508720930232558
FBgn0017556	131	123	254	0.515748031496063
FBgn0017558	169	188	357	0.473389355742297
FBgn0017561	346	340	686	0.504373177842566
FBgn0017566	265	289	554	0.478339350180505
FBgn0017567	0	0	0	NA
FBgn0017572	25	24	49	0.510204081632653
FBgn0017577	86	88	174	0.494252873563218
FBgn0017578	84	98	182	0.461538461538462
FBgn0017579	44	20	64	0.6875
FBgn0017581	337	301	638	0.528213166144201
FBgn0017590	410	395	805	0.509316770186335
FBgn0019624	25	19	44	0.568181818181818
FBgn0019637	0	0	0	NA
FBgn0019643	121	129	250	0.484
FBgn0019644	88	94	182	0.483516483516484
FBgn0019650	97	90	187	0.518716577540107
FBgn0019660	7	4	11	0.636363636363636
FBgn0019661	302	360	662	0.45619335347432
FBgn0019662	160	117	277	0.577617328519856
FBgn0019686	107	91	198	0.54040404040404
FBgn0019809	195	230	425	0.458823529411765
FBgn0019828	62	49	111	0.558558558558559
FBgn0019830	54	56	110	0.490909090909091
FBgn0019890	393	429	822	0.478102189781022
FBgn0019925	3	1	4	0.75
FBgn0019928	28	60	88	0.318181818181818
FBgn0019929	190	157	347	0.547550432276657
FBgn0019932	143	141	284	0.503521126760563
FBgn0019936	9	18	27	0.333333333333333
FBgn0019938	366	367	733	0.499317871759891
FBgn0019940	113	121	234	0.482905982905983
FBgn0019949	66	52	118	0.559322033898305
FBgn0019952	203	222	425	0.477647058823529
FBgn0019957	85	87	172	0.494186046511628
FBgn0019960	281	292	573	0.490401396160558
FBgn0019968	667	589	1256	0.531050955414013
FBgn0019972	112	119	231	0.484848484848485
FBgn0019982	113	119	232	0.487068965517241
FBgn0019985	187	186	373	0.501340482573727
FBgn0019990	354	331	685	0.516788321167883
FBgn0020018	101	96	197	0.512690355329949
FBgn0020224	482	414	896	0.537946428571429
FBgn0020235	60	60	120	0.5
FBgn0020236	294	297	591	0.49746192893401
FBgn0020238	83	82	165	0.503030303030303
FBgn0020248	303	252	555	0.545945945945946
FBgn0020249	0	0	0	NA
FBgn0020251	447	466	913	0.489594742606791
FBgn0020255	27	31	58	0.46551724137931
FBgn0020257	128	141	269	0.475836431226766
FBgn0020258	258	237	495	0.521212121212121
FBgn0020261	267	265	532	0.50187969924812
FBgn0020269	173	186	359	0.481894150417827
FBgn0020270	118	114	232	0.508620689655172
FBgn0020272	245	209	454	0.539647577092511
FBgn0020277	54	49	103	0.524271844660194
FBgn0020278	318	302	620	0.512903225806452
FBgn0020279	161	170	331	0.486404833836858
FBgn0020280	47	41	88	0.534090909090909
FBgn0020294	62	56	118	0.525423728813559
FBgn0020299	393	406	799	0.491864831038799
FBgn0020300	161	164	325	0.495384615384615
FBgn0020304	370	364	734	0.50408719346049
FBgn0020305	79	90	169	0.467455621301775
FBgn0020306	409	463	872	0.469036697247706
FBgn0020307	374	388	762	0.490813648293963
FBgn0020309	350	246	596	0.587248322147651
FBgn0020312	349	296	645	0.541085271317829
FBgn0020369	59	40	99	0.595959595959596
FBgn0020370	264	279	543	0.486187845303867
FBgn0020371	80	60	140	0.571428571428571
FBgn0020372	96	99	195	0.492307692307692
FBgn0020376	137	129	266	0.515037593984962
FBgn0020377	220	190	410	0.536585365853659
FBgn0020378	173	217	390	0.443589743589744
FBgn0020379	342	361	703	0.486486486486487
FBgn0020381	40	48	88	0.454545454545455
FBgn0020385	240	243	483	0.496894409937888
FBgn0020386	145	114	259	0.55984555984556
FBgn0020388	125	142	267	0.468164794007491
FBgn0020389	192	159	351	0.547008547008547
FBgn0020391	159	157	316	0.503164556962025
FBgn0020392	133	130	263	0.505703422053232
FBgn0020399	25	13	38	0.657894736842105
FBgn0020407	159	162	321	0.495327102803738
FBgn0020412	429	428	857	0.500583430571762
FBgn0020414	368	279	647	0.568778979907264
FBgn0020415	178	185	363	0.490358126721763
FBgn0020416	146	140	286	0.510489510489511
FBgn0020429	356	333	689	0.516690856313498
FBgn0020440	458	479	937	0.488794023479189
FBgn0020443	260	266	526	0.494296577946768
FBgn0020445	277	273	550	0.503636363636364
FBgn0020493	62	58	120	0.516666666666667
FBgn0020496	237	239	476	0.497899159663866
FBgn0020497	198	146	344	0.575581395348837
FBgn0020503	705	696	1401	0.50321199143469
FBgn0020506	164	153	317	0.517350157728707
FBgn0020508	90	84	174	0.517241379310345
FBgn0020509	75	63	138	0.543478260869565
FBgn0020510	236	249	485	0.48659793814433
FBgn0020513	268	227	495	0.541414141414141
FBgn0020518	0	0	0	NA
FBgn0020521	247	251	498	0.495983935742972
FBgn0020545	98	130	228	0.429824561403509
FBgn0020546	273	246	519	0.526011560693642
FBgn0020556	338	298	636	0.531446540880503
FBgn0020616	216	186	402	0.537313432835821
FBgn0020617	294	290	584	0.503424657534247
FBgn0020618	116	91	207	0.560386473429952
FBgn0020620	197	196	393	0.501272264631043
FBgn0020621	495	467	962	0.514553014553014
FBgn0020622	194	196	390	0.497435897435897
FBgn0020626	110	129	239	0.460251046025105
FBgn0020633	25	34	59	0.423728813559322
FBgn0020637	38	48	86	0.441860465116279
FBgn0020638	27	45	72	0.375
FBgn0020639	67	69	136	0.492647058823529
FBgn0020640	77	73	150	0.513333333333333
FBgn0020641	106	93	199	0.532663316582915
FBgn0020642	25	34	59	0.423728813559322
FBgn0020643	12	3	15	0.8
FBgn0020644	0	0	0	NA
FBgn0020645	2	6	8	0.25
FBgn0020646	0	0	0	NA
FBgn0020647	396	415	811	0.488286066584464
FBgn0020653	185	180	365	0.506849315068493
FBgn0020655	151	152	303	0.498349834983498
FBgn0020660	4	10	14	0.285714285714286
FBgn0020762	524	520	1044	0.501915708812261
FBgn0020764	133	128	261	0.509578544061303
FBgn0020765	16	28	44	0.363636363636364
FBgn0020767	310	271	581	0.533562822719449
FBgn0020880	227	203	430	0.527906976744186
FBgn0020887	134	116	250	0.536
FBgn0020906	49	43	92	0.532608695652174
FBgn0020907	83	69	152	0.546052631578947
FBgn0020908	48	34	82	0.585365853658537
FBgn0020909	140	121	261	0.53639846743295
FBgn0020910	124	126	250	0.496
FBgn0020912	247	221	468	0.527777777777778
FBgn0020930	100	103	203	0.492610837438424
FBgn0021738	75	66	141	0.531914893617021
FBgn0021742	151	155	306	0.493464052287582
FBgn0021750	19	13	32	0.59375
FBgn0021760	11	8	19	0.578947368421053
FBgn0021761	325	314	639	0.508607198748044
FBgn0021764	459	487	946	0.485200845665962
FBgn0021765	108	91	199	0.542713567839196
FBgn0021767	684	634	1318	0.51896813353566
FBgn0021768	191	224	415	0.460240963855422
FBgn0021776	261	267	528	0.494318181818182
FBgn0021795	82	68	150	0.546666666666667
FBgn0021796	33	23	56	0.589285714285714
FBgn0021800	116	121	237	0.489451476793249
FBgn0021814	61	42	103	0.592233009708738
FBgn0021825	74	57	131	0.564885496183206
FBgn0021847	99	82	181	0.546961325966851
FBgn0021856	42	39	81	0.518518518518518
FBgn0021872	108	85	193	0.559585492227979
FBgn0021874	97	102	199	0.487437185929648
FBgn0021875	88	89	177	0.497175141242938
FBgn0021895	84	61	145	0.579310344827586
FBgn0021906	118	116	234	0.504273504273504
FBgn0021944	47	51	98	0.479591836734694
FBgn0021967	54	56	110	0.490909090909091
FBgn0021979	305	276	581	0.524956970740103
FBgn0021995	67	82	149	0.449664429530201
FBgn0022023	67	66	133	0.503759398496241
FBgn0022027	24	27	51	0.470588235294118
FBgn0022029	184	187	371	0.495956873315364
FBgn0022069	172	167	339	0.507374631268437
FBgn0022097	43	35	78	0.551282051282051
FBgn0022153	420	456	876	0.479452054794521
FBgn0022160	386	342	728	0.53021978021978
FBgn0022213	145	140	285	0.508771929824561
FBgn0022224	4	6	10	0.4
FBgn0022238	136	158	294	0.462585034013605
FBgn0022288	81	87	168	0.482142857142857
FBgn0022338	91	59	150	0.606666666666667
FBgn0022343	16	20	36	0.444444444444444
FBgn0022344	73	49	122	0.598360655737705
FBgn0022349	54	56	110	0.490909090909091
FBgn0022355	220	241	461	0.477223427331887
FBgn0022359	50	36	86	0.581395348837209
FBgn0022361	33	34	67	0.492537313432836
FBgn0022382	427	428	855	0.499415204678363
FBgn0022699	80	60	140	0.571428571428571
FBgn0022700	143	160	303	0.471947194719472
FBgn0022702	109	82	191	0.570680628272251
FBgn0022709	98	93	191	0.513089005235602
FBgn0022710	605	550	1155	0.523809523809524
FBgn0022724	92	82	174	0.528735632183908
FBgn0022740	133	143	276	0.481884057971014
FBgn0022764	527	558	1085	0.485714285714286
FBgn0022768	52	62	114	0.456140350877193
FBgn0022770	146	145	291	0.501718213058419
FBgn0022774	70	67	137	0.510948905109489
FBgn0022786	125	120	245	0.510204081632653
FBgn0022787	109	105	214	0.509345794392523
FBgn0022800	294	285	579	0.507772020725389
FBgn0022893	29	25	54	0.537037037037037
FBgn0022935	127	154	281	0.451957295373665
FBgn0022936	21	20	41	0.51219512195122
FBgn0022942	60	62	122	0.491803278688525
FBgn0022943	0	0	0	NA
FBgn0022959	110	100	210	0.523809523809524
FBgn0022960	98	104	202	0.485148514851485
FBgn0022981	18	25	43	0.418604651162791
FBgn0022984	108	112	220	0.490909090909091
FBgn0022985	65	55	120	0.541666666666667
FBgn0022986	114	125	239	0.476987447698745
FBgn0022987	228	226	454	0.502202643171806
FBgn0023000	234	216	450	0.52
FBgn0023001	422	392	814	0.518427518427518
FBgn0023023	91	89	180	0.505555555555556
FBgn0023076	238	276	514	0.463035019455253
FBgn0023081	303	315	618	0.490291262135922
FBgn0023083	291	286	577	0.504332755632582
FBgn0023090	273	229	502	0.543824701195219
FBgn0023091	88	105	193	0.455958549222798
FBgn0023094	46	56	102	0.450980392156863
FBgn0023095	329	319	648	0.507716049382716
FBgn0023096	654	694	1348	0.485163204747774
FBgn0023097	303	298	601	0.504159733777038
FBgn0023129	0	0	0	NA
FBgn0023130	111	115	226	0.491150442477876
FBgn0023143	102	86	188	0.542553191489362
FBgn0023167	5	10	15	0.333333333333333
FBgn0023169	84	68	152	0.552631578947368
FBgn0023170	33	21	54	0.611111111111111
FBgn0023171	57	35	92	0.619565217391304
FBgn0023172	308	263	571	0.539404553415061
FBgn0023174	46	57	103	0.446601941747573
FBgn0023175	29	18	47	0.617021276595745
FBgn0023177	80	56	136	0.588235294117647
FBgn0023178	69	73	142	0.485915492957746
FBgn0023179	404	367	771	0.523994811932555
FBgn0023180	9	9	18	0.5
FBgn0023181	38	44	82	0.463414634146341
FBgn0023197	89	76	165	0.539393939393939
FBgn0023212	107	79	186	0.575268817204301
FBgn0023213	122	111	233	0.523605150214592
FBgn0023214	138	150	288	0.479166666666667
FBgn0023215	255	241	496	0.514112903225806
FBgn0023216	187	189	376	0.497340425531915
FBgn0023388	203	191	394	0.515228426395939
FBgn0023395	107	95	202	0.52970297029703
FBgn0023407	470	415	885	0.531073446327684
FBgn0023415	71	70	141	0.50354609929078
FBgn0023416	300	309	609	0.492610837438424
FBgn0023441	388	439	827	0.469165659008464
FBgn0023458	715	710	1425	0.501754385964912
FBgn0023477	115	102	217	0.529953917050691
FBgn0023479	758	813	1571	0.482495225970719
FBgn0023489	150	130	280	0.535714285714286
FBgn0023495	54	60	114	0.473684210526316
FBgn0023496	171	181	352	0.485795454545455
FBgn0023506	424	420	844	0.502369668246445
FBgn0023507	73	72	145	0.503448275862069
FBgn0023508	180	184	364	0.494505494505495
FBgn0023509	125	145	270	0.462962962962963
FBgn0023510	214	216	430	0.497674418604651
FBgn0023511	193	196	389	0.496143958868895
FBgn0023512	151	149	300	0.503333333333333
FBgn0023513	128	121	249	0.514056224899598
FBgn0023514	67	70	137	0.489051094890511
FBgn0023515	135	128	263	0.513307984790874
FBgn0023516	59	49	108	0.546296296296296
FBgn0023517	30	39	69	0.434782608695652
FBgn0023518	254	242	496	0.512096774193548
FBgn0023519	14	18	32	0.4375
FBgn0023520	49	44	93	0.526881720430108
FBgn0023521	69	76	145	0.475862068965517
FBgn0023522	71	64	135	0.525925925925926
FBgn0023523	94	80	174	0.540229885057471
FBgn0023524	244	202	446	0.547085201793722
FBgn0023525	130	149	279	0.46594982078853
FBgn0023526	205	236	441	0.464852607709751
FBgn0023527	101	94	195	0.517948717948718
FBgn0023528	60	67	127	0.47244094488189
FBgn0023529	66	87	153	0.431372549019608
FBgn0023530	37	51	88	0.420454545454545
FBgn0023531	339	329	668	0.50748502994012
FBgn0023534	36	31	67	0.537313432835821
FBgn0023535	0	0	0	NA
FBgn0023536	62	76	138	0.449275362318841
FBgn0023537	65	60	125	0.52
FBgn0023540	106	111	217	0.488479262672811
FBgn0023541	0	0	0	NA
FBgn0023542	47	47	94	0.5
FBgn0023545	29	34	63	0.46031746031746
FBgn0023549	215	189	404	0.532178217821782
FBgn0023550	118	96	214	0.551401869158878
FBgn0024150	6	14	20	0.3
FBgn0024177	101	103	204	0.495098039215686
FBgn0024179	247	283	530	0.466037735849057
FBgn0024182	0	0	0	NA
FBgn0024183	204	162	366	0.557377049180328
FBgn0024184	194	185	379	0.511873350923483
FBgn0024187	580	628	1208	0.480132450331126
FBgn0024188	57	54	111	0.513513513513513
FBgn0024189	509	540	1049	0.485224022878932
FBgn0024191	196	189	385	0.509090909090909
FBgn0024194	62	83	145	0.427586206896552
FBgn0024196	49	60	109	0.44954128440367
FBgn0024222	105	117	222	0.472972972972973
FBgn0024227	145	124	269	0.539033457249071
FBgn0024230	97	100	197	0.49238578680203
FBgn0024232	585	607	1192	0.490771812080537
FBgn0024234	84	83	167	0.502994011976048
FBgn0024236	324	316	640	0.50625
FBgn0024238	256	246	502	0.50996015936255
FBgn0024244	136	120	256	0.53125
FBgn0024245	226	206	432	0.523148148148148
FBgn0024248	265	269	534	0.49625468164794
FBgn0024249	40	55	95	0.421052631578947
FBgn0024250	87	99	186	0.467741935483871
FBgn0024251	24	32	56	0.428571428571429
FBgn0024273	117	108	225	0.52
FBgn0024277	824	849	1673	0.492528392109982
FBgn0024285	165	165	330	0.5
FBgn0024288	222	220	442	0.502262443438914
FBgn0024289	82	75	157	0.522292993630573
FBgn0024291	37	33	70	0.528571428571429
FBgn0024293	72	90	162	0.444444444444444
FBgn0024294	77	77	154	0.5
FBgn0024314	125	124	249	0.502008032128514
FBgn0024315	355	354	709	0.500705218617772
FBgn0024319	210	182	392	0.535714285714286
FBgn0024320	556	523	1079	0.515291936978684
FBgn0024321	152	177	329	0.462006079027356
FBgn0024326	117	125	242	0.483471074380165
FBgn0024329	335	328	663	0.505279034690799
FBgn0024330	20	8	28	0.714285714285714
FBgn0024352	81	62	143	0.566433566433566
FBgn0024360	71	74	145	0.489655172413793
FBgn0024361	29	38	67	0.432835820895522
FBgn0024362	58	68	126	0.46031746031746
FBgn0024364	40	34	74	0.540540540540541
FBgn0024365	129	123	252	0.511904761904762
FBgn0024366	164	178	342	0.47953216374269
FBgn0024371	69	97	166	0.41566265060241
FBgn0024432	95	42	137	0.693430656934307
FBgn0024491	197	195	392	0.502551020408163
FBgn0024509	139	143	282	0.49290780141844
FBgn0024510	214	243	457	0.468271334792123
FBgn0024542	65	70	135	0.481481481481481
FBgn0024555	162	160	322	0.503105590062112
FBgn0024556	139	156	295	0.471186440677966
FBgn0024558	47	52	99	0.474747474747475
FBgn0024689	106	104	210	0.504761904761905
FBgn0024698	36	58	94	0.382978723404255
FBgn0024728	54	64	118	0.457627118644068
FBgn0024732	214	200	414	0.516908212560386
FBgn0024733	67	70	137	0.489051094890511
FBgn0024734	77	104	181	0.425414364640884
FBgn0024740	305	274	579	0.526770293609672
FBgn0024754	207	184	391	0.529411764705882
FBgn0024804	126	126	252	0.5
FBgn0024806	66	60	126	0.523809523809524
FBgn0024807	130	127	257	0.505836575875486
FBgn0024811	31	19	50	0.62
FBgn0024814	37	41	78	0.474358974358974
FBgn0024833	29	22	51	0.568627450980392
FBgn0024836	971	953	1924	0.504677754677755
FBgn0024841	55	71	126	0.436507936507937
FBgn0024846	95	104	199	0.477386934673367
FBgn0024887	0	0	0	NA
FBgn0024889	35	33	68	0.514705882352941
FBgn0024897	128	117	245	0.522448979591837
FBgn0024909	2	4	6	0.333333333333333
FBgn0024912	41	47	88	0.465909090909091
FBgn0024913	46	37	83	0.55421686746988
FBgn0024920	47	41	88	0.534090909090909
FBgn0024921	290	246	536	0.541044776119403
FBgn0024941	349	392	741	0.470985155195682
FBgn0024943	407	414	821	0.495736906211937
FBgn0024944	459	458	917	0.500545256270447
FBgn0024945	0	0	0	NA
FBgn0024947	37	30	67	0.552238805970149
FBgn0024956	90	82	172	0.523255813953488
FBgn0024957	125	138	263	0.475285171102662
FBgn0024958	62	67	129	0.48062015503876
FBgn0024963	353	247	600	0.588333333333333
FBgn0024973	176	162	338	0.520710059171598
FBgn0024975	117	152	269	0.434944237918216
FBgn0024980	119	93	212	0.561320754716981
FBgn0024983	33	35	68	0.485294117647059
FBgn0024984	38	25	63	0.603174603174603
FBgn0024985	145	128	273	0.531135531135531
FBgn0024986	45	45	90	0.5
FBgn0024987	113	116	229	0.493449781659389
FBgn0024989	115	96	211	0.545023696682464
FBgn0024991	235	248	483	0.486542443064182
FBgn0024992	171	219	390	0.438461538461538
FBgn0024993	134	124	258	0.51937984496124
FBgn0024994	194	204	398	0.487437185929648
FBgn0024995	68	60	128	0.53125
FBgn0024996	152	135	287	0.529616724738676
FBgn0024997	147	136	283	0.519434628975265
FBgn0024998	114	120	234	0.487179487179487
FBgn0025109	73	89	162	0.450617283950617
FBgn0025111	100	84	184	0.543478260869565
FBgn0025115	62	90	152	0.407894736842105
FBgn0025118	21	21	42	0.5
FBgn0025185	101	89	190	0.531578947368421
FBgn0025186	192	181	373	0.514745308310992
FBgn0025334	114	99	213	0.535211267605634
FBgn0025335	99	95	194	0.510309278350515
FBgn0025336	106	115	221	0.479638009049774
FBgn0025352	55	59	114	0.482456140350877
FBgn0025355	0	0	0	NA
FBgn0025360	162	130	292	0.554794520547945
FBgn0025366	68	79	147	0.462585034013605
FBgn0025373	99	113	212	0.466981132075472
FBgn0025378	103	96	199	0.517587939698492
FBgn0025381	73	71	144	0.506944444444444
FBgn0025382	77	67	144	0.534722222222222
FBgn0025383	28	26	54	0.518518518518518
FBgn0025387	232	215	447	0.519015659955257
FBgn0025388	214	210	424	0.504716981132076
FBgn0025390	246	248	494	0.497975708502024
FBgn0025391	277	260	537	0.515828677839851
FBgn0025393	0	0	0	NA
FBgn0025394	167	167	334	0.5
FBgn0025454	0	0	0	NA
FBgn0025455	237	211	448	0.529017857142857
FBgn0025456	95	94	189	0.502645502645503
FBgn0025457	78	91	169	0.461538461538462
FBgn0025463	40	41	81	0.493827160493827
FBgn0025469	98	104	202	0.485148514851485
FBgn0025519	181	200	381	0.4750656167979
FBgn0025525	220	223	443	0.496613995485327
FBgn0025549	228	236	464	0.491379310344828
FBgn0025558	0	0	0	NA
FBgn0025571	271	236	507	0.534516765285996
FBgn0025573	115	124	239	0.481171548117155
FBgn0025574	268	293	561	0.477718360071301
FBgn0025578	2	8	10	0.2
FBgn0025582	42	52	94	0.446808510638298
FBgn0025583	53	45	98	0.540816326530612
FBgn0025592	0	0	0	NA
FBgn0025595	236	274	510	0.462745098039216
FBgn0025608	124	91	215	0.576744186046512
FBgn0025612	41	49	90	0.455555555555556
FBgn0025613	148	128	276	0.536231884057971
FBgn0025615	0	0	0	NA
FBgn0025616	57	63	120	0.475
FBgn0025620	103	70	173	0.595375722543353
FBgn0025621	246	238	484	0.508264462809917
FBgn0025624	37	46	83	0.44578313253012
FBgn0025625	126	121	247	0.510121457489879
FBgn0025626	29	21	50	0.58
FBgn0025627	67	70	137	0.489051094890511
FBgn0025628	16	13	29	0.551724137931034
FBgn0025629	25	18	43	0.581395348837209
FBgn0025630	35	34	69	0.507246376811594
FBgn0025631	132	102	234	0.564102564102564
FBgn0025632	111	118	229	0.48471615720524
FBgn0025633	216	243	459	0.470588235294118
FBgn0025634	54	56	110	0.490909090909091
FBgn0025635	90	80	170	0.529411764705882
FBgn0025637	43	38	81	0.530864197530864
FBgn0025638	0	0	0	NA
FBgn0025639	116	110	226	0.513274336283186
FBgn0025640	51	42	93	0.548387096774194
FBgn0025641	298	286	584	0.51027397260274
FBgn0025642	28	29	57	0.491228070175439
FBgn0025643	247	254	501	0.493013972055888
FBgn0025644	89	96	185	0.481081081081081
FBgn0025645	76	67	143	0.531468531468531
FBgn0025674	239	207	446	0.535874439461883
FBgn0025676	161	158	319	0.504702194357367
FBgn0025678	156	144	300	0.52
FBgn0025679	100	104	204	0.490196078431373
FBgn0025680	158	146	304	0.519736842105263
FBgn0025681	368	373	741	0.496626180836707
FBgn0025682	0	0	0	NA
FBgn0025683	81	64	145	0.558620689655172
FBgn0025684	122	125	247	0.493927125506073
FBgn0025686	30	35	65	0.461538461538462
FBgn0025692	0	0	0	NA
FBgn0025693	207	185	392	0.528061224489796
FBgn0025697	433	420	853	0.507620164126612
FBgn0025700	49	38	87	0.563218390804598
FBgn0025702	155	122	277	0.55956678700361
FBgn0025709	152	158	310	0.490322580645161
FBgn0025712	0	0	0	NA
FBgn0025716	47	41	88	0.534090909090909
FBgn0025720	180	165	345	0.521739130434783
FBgn0025724	161	184	345	0.466666666666667
FBgn0025725	3	2	5	0.6
FBgn0025726	377	406	783	0.481481481481481
FBgn0025739	141	166	307	0.45928338762215
FBgn0025740	47	36	83	0.566265060240964
FBgn0025741	48	54	102	0.470588235294118
FBgn0025742	133	183	316	0.420886075949367
FBgn0025743	143	174	317	0.451104100946372
FBgn0025776	62	52	114	0.543859649122807
FBgn0025777	135	150	285	0.473684210526316
FBgn0025781	134	140	274	0.489051094890511
FBgn0025790	108	117	225	0.48
FBgn0025800	238	195	433	0.549653579676674
FBgn0025802	141	131	272	0.518382352941177
FBgn0025807	63	64	127	0.496062992125984
FBgn0025808	48	42	90	0.533333333333333
FBgn0025809	38	62	100	0.38
FBgn0025814	63	79	142	0.443661971830986
FBgn0025815	187	209	396	0.472222222222222
FBgn0025820	22	17	39	0.564102564102564
FBgn0025821	82	80	162	0.506172839506173
FBgn0025825	0	0	0	NA
FBgn0025827	75	68	143	0.524475524475524
FBgn0025830	255	254	509	0.50098231827112
FBgn0025832	93	125	218	0.426605504587156
FBgn0025833	287	260	547	0.524680073126143
FBgn0025835	22	33	55	0.4
FBgn0025836	42	60	102	0.411764705882353
FBgn0025837	22	17	39	0.564102564102564
FBgn0025838	75	62	137	0.547445255474453
FBgn0025839	35	39	74	0.472972972972973
FBgn0025864	548	547	1095	0.500456621004566
FBgn0025865	258	258	516	0.5
FBgn0025866	202	230	432	0.467592592592593
FBgn0025874	145	128	273	0.531135531135531
FBgn0025878	228	224	452	0.504424778761062
FBgn0025879	10	10	20	0.5
FBgn0025881	0	0	0	NA
FBgn0025882	0	0	0	NA
FBgn0025885	117	113	230	0.508695652173913
FBgn0025936	123	130	253	0.486166007905138
FBgn0026015	222	232	454	0.488986784140969
FBgn0026056	183	204	387	0.472868217054264
FBgn0026058	86	118	204	0.42156862745098
FBgn0026059	494	526	1020	0.484313725490196
FBgn0026060	15	13	28	0.535714285714286
FBgn0026061	173	142	315	0.549206349206349
FBgn0026063	0	0	0	NA
FBgn0026064	0	0	0	NA
FBgn0026076	136	108	244	0.557377049180328
FBgn0026077	108	70	178	0.606741573033708
FBgn0026079	174	162	336	0.517857142857143
FBgn0026080	53	55	108	0.490740740740741
FBgn0026083	349	392	741	0.470985155195682
FBgn0026084	55	51	106	0.518867924528302
FBgn0026085	66	53	119	0.554621848739496
FBgn0026086	557	562	1119	0.497765862377122
FBgn0026088	23	17	40	0.575
FBgn0026089	32	32	64	0.5
FBgn0026090	54	43	97	0.556701030927835
FBgn0026136	91	88	179	0.508379888268156
FBgn0026141	61	66	127	0.480314960629921
FBgn0026143	35	33	68	0.514705882352941
FBgn0026144	242	263	505	0.479207920792079
FBgn0026147	513	517	1030	0.498058252427184
FBgn0026148	77	72	149	0.516778523489933
FBgn0026149	105	87	192	0.546875
FBgn0026150	122	125	247	0.493927125506073
FBgn0026160	553	574	1127	0.490683229813665
FBgn0026162	2	9	11	0.181818181818182
FBgn0026163	0	0	0	NA
FBgn0026164	33	16	49	0.673469387755102
FBgn0026169	1	1	2	0.5
FBgn0026174	3	4	7	0.428571428571429
FBgn0026175	64	51	115	0.556521739130435
FBgn0026176	0	0	0	NA
FBgn0026179	317	287	604	0.524834437086093
FBgn0026181	409	485	894	0.457494407158837
FBgn0026189	455	434	889	0.511811023622047
FBgn0026190	143	186	329	0.434650455927052
FBgn0026192	137	151	288	0.475694444444444
FBgn0026196	113	108	221	0.51131221719457
FBgn0026197	52	36	88	0.590909090909091
FBgn0026199	30	17	47	0.638297872340426
FBgn0026206	991	1069	2060	0.481067961165049
FBgn0026207	207	226	433	0.478060046189376
FBgn0026238	39	49	88	0.443181818181818
FBgn0026239	670	661	1331	0.503380916604057
FBgn0026250	133	137	270	0.492592592592593
FBgn0026252	161	141	302	0.533112582781457
FBgn0026255	90	77	167	0.538922155688623
FBgn0026257	102	104	206	0.495145631067961
FBgn0026259	300	283	583	0.514579759862779
FBgn0026261	54	55	109	0.495412844036697
FBgn0026262	32	21	53	0.60377358490566
FBgn0026263	68	77	145	0.468965517241379
FBgn0026268	87	84	171	0.508771929824561
FBgn0026309	156	170	326	0.478527607361963
FBgn0026313	292	317	609	0.479474548440066
FBgn0026314	124	119	243	0.510288065843621
FBgn0026315	112	117	229	0.489082969432314
FBgn0026316	70	70	140	0.5
FBgn0026317	180	185	365	0.493150684931507
FBgn0026319	211	191	402	0.524875621890547
FBgn0026320	66	62	128	0.515625
FBgn0026323	321	358	679	0.472754050073638
FBgn0026324	12	4	16	0.75
FBgn0026326	54	33	87	0.620689655172414
FBgn0026361	98	83	181	0.541436464088398
FBgn0026369	436	376	812	0.536945812807882
FBgn0026371	121	131	252	0.48015873015873
FBgn0026372	82	75	157	0.522292993630573
FBgn0026373	36	36	72	0.5
FBgn0026374	124	107	231	0.536796536796537
FBgn0026375	517	494	1011	0.51137487636004
FBgn0026376	395	341	736	0.536684782608696
FBgn0026378	145	118	263	0.551330798479088
FBgn0026379	294	284	578	0.508650519031142
FBgn0026380	14	10	24	0.583333333333333
FBgn0026384	98	112	210	0.466666666666667
FBgn0026385	114	128	242	0.471074380165289
FBgn0026386	89	87	176	0.505681818181818
FBgn0026388	0	0	0	NA
FBgn0026389	119	138	257	0.463035019455253
FBgn0026390	111	126	237	0.468354430379747
FBgn0026391	180	184	364	0.494505494505495
FBgn0026392	146	160	306	0.477124183006536
FBgn0026393	50	35	85	0.588235294117647
FBgn0026394	133	120	253	0.525691699604743
FBgn0026395	96	85	181	0.530386740331492
FBgn0026396	161	124	285	0.564912280701754
FBgn0026397	170	127	297	0.572390572390572
FBgn0026398	78	32	110	0.709090909090909
FBgn0026399	20	28	48	0.416666666666667
FBgn0026400	92	88	180	0.511111111111111
FBgn0026401	153	151	304	0.503289473684211
FBgn0026402	103	109	212	0.485849056603774
FBgn0026403	342	323	665	0.514285714285714
FBgn0026404	182	190	372	0.489247311827957
FBgn0026409	182	163	345	0.527536231884058
FBgn0026411	363	338	701	0.517831669044223
FBgn0026415	180	145	325	0.553846153846154
FBgn0026417	39	32	71	0.549295774647887
FBgn0026418	174	159	333	0.522522522522523
FBgn0026427	548	497	1045	0.524401913875598
FBgn0026428	107	116	223	0.479820627802691
FBgn0026430	336	338	674	0.498516320474777
FBgn0026431	108	137	245	0.440816326530612
FBgn0026432	298	337	635	0.469291338582677
FBgn0026433	169	126	295	0.572881355932203
FBgn0026438	343	385	728	0.471153846153846
FBgn0026439	297	350	647	0.459041731066461
FBgn0026441	86	109	195	0.441025641025641
FBgn0026479	36	27	63	0.571428571428571
FBgn0026533	261	257	518	0.503861003861004
FBgn0026562	111	107	218	0.509174311926605
FBgn0026563	147	159	306	0.480392156862745
FBgn0026565	18	12	30	0.6
FBgn0026566	49	51	100	0.49
FBgn0026570	133	126	259	0.513513513513513
FBgn0026573	255	280	535	0.476635514018692
FBgn0026575	529	458	987	0.53596757852077
FBgn0026576	109	148	257	0.424124513618677
FBgn0026577	283	260	543	0.521178637200737
FBgn0026582	60	46	106	0.566037735849057
FBgn0026592	108	111	219	0.493150684931507
FBgn0026593	167	187	354	0.471751412429379
FBgn0026597	371	434	805	0.460869565217391
FBgn0026598	166	183	349	0.475644699140401
FBgn0026602	109	130	239	0.456066945606695
FBgn0026616	238	257	495	0.480808080808081
FBgn0026619	162	148	310	0.52258064516129
FBgn0026620	174	135	309	0.563106796116505
FBgn0026630	87	74	161	0.540372670807453
FBgn0026634	8	17	25	0.32
FBgn0026666	79	67	146	0.541095890410959
FBgn0026679	265	294	559	0.474060822898032
FBgn0026702	220	289	509	0.432220039292731
FBgn0026713	210	207	417	0.503597122302158
FBgn0026718	205	183	388	0.528350515463918
FBgn0026721	114	124	238	0.478991596638655
FBgn0026722	124	108	232	0.53448275862069
FBgn0026737	0	0	0	NA
FBgn0026738	0	0	0	NA
FBgn0026741	2	11	13	0.153846153846154
FBgn0026749	93	62	155	0.6
FBgn0026751	133	158	291	0.457044673539519
FBgn0026754	181	177	358	0.505586592178771
FBgn0026755	154	152	306	0.503267973856209
FBgn0026756	81	66	147	0.551020408163265
FBgn0026760	115	121	236	0.48728813559322
FBgn0026761	103	123	226	0.455752212389381
FBgn0026777	75	85	160	0.46875
FBgn0026778	0	0	0	NA
FBgn0026787	35	39	74	0.472972972972973
FBgn0026869	197	198	395	0.49873417721519
FBgn0026872	90	91	181	0.497237569060773
FBgn0026873	49	34	83	0.590361445783133
FBgn0026874	70	87	157	0.445859872611465
FBgn0026876	178	186	364	0.489010989010989
FBgn0026878	41	28	69	0.594202898550725
FBgn0026879	15	18	33	0.454545454545455
FBgn0027052	125	139	264	0.473484848484849
FBgn0027053	22	40	62	0.354838709677419
FBgn0027054	89	61	150	0.593333333333333
FBgn0027055	14	21	35	0.4
FBgn0027057	87	79	166	0.524096385542169
FBgn0027066	183	206	389	0.470437017994859
FBgn0027070	124	71	195	0.635897435897436
FBgn0027073	150	151	301	0.498338870431894
FBgn0027074	213	207	420	0.507142857142857
FBgn0027079	272	213	485	0.560824742268041
FBgn0027080	162	163	325	0.498461538461538
FBgn0027081	232	206	438	0.529680365296804
FBgn0027082	124	156	280	0.442857142857143
FBgn0027083	243	265	508	0.478346456692913
FBgn0027084	146	143	289	0.505190311418685
FBgn0027085	256	267	523	0.489483747609943
FBgn0027086	150	145	295	0.508474576271186
FBgn0027087	293	262	555	0.527927927927928
FBgn0027088	169	154	323	0.523219814241486
FBgn0027090	107	85	192	0.557291666666667
FBgn0027091	231	241	472	0.489406779661017
FBgn0027093	76	68	144	0.527777777777778
FBgn0027094	178	178	356	0.5
FBgn0027095	48	62	110	0.436363636363636
FBgn0027101	96	96	192	0.5
FBgn0027106	119	137	256	0.46484375
FBgn0027107	125	121	246	0.508130081300813
FBgn0027108	288	259	547	0.526508226691042
FBgn0027109	58	73	131	0.442748091603053
FBgn0027111	56	59	115	0.48695652173913
FBgn0027259	25	13	38	0.657894736842105
FBgn0027279	778	770	1548	0.502583979328165
FBgn0027280	63	47	110	0.572727272727273
FBgn0027287	386	363	749	0.515353805073431
FBgn0027291	164	167	331	0.495468277945619
FBgn0027296	75	70	145	0.517241379310345
FBgn0027329	153	145	298	0.513422818791946
FBgn0027330	183	204	387	0.472868217054264
FBgn0027334	54	69	123	0.439024390243902
FBgn0027335	205	205	410	0.5
FBgn0027338	20	25	45	0.444444444444444
FBgn0027339	349	340	689	0.506531204644412
FBgn0027341	49	57	106	0.462264150943396
FBgn0027342	285	288	573	0.49738219895288
FBgn0027343	249	275	524	0.475190839694656
FBgn0027348	291	298	589	0.494057724957555
FBgn0027356	228	251	479	0.475991649269311
FBgn0027358	0	0	0	NA
FBgn0027359	29	42	71	0.408450704225352
FBgn0027360	0	0	0	NA
FBgn0027363	234	233	467	0.501070663811563
FBgn0027364	104	122	226	0.460176991150442
FBgn0027375	122	147	269	0.453531598513011
FBgn0027376	202	207	409	0.493887530562347
FBgn0027378	3	2	5	0.6
FBgn0027453	110	158	268	0.41044776119403
FBgn0027490	211	213	424	0.497641509433962
FBgn0027491	180	155	335	0.537313432835821
FBgn0027492	465	397	862	0.539443155452436
FBgn0027493	99	78	177	0.559322033898305
FBgn0027494	54	61	115	0.469565217391304
FBgn0027495	74	74	148	0.5
FBgn0027496	78	75	153	0.509803921568627
FBgn0027497	24	26	50	0.48
FBgn0027498	0	0	0	NA
FBgn0027499	284	270	554	0.512635379061372
FBgn0027500	111	114	225	0.493333333333333
FBgn0027503	114	100	214	0.532710280373832
FBgn0027504	93	81	174	0.53448275862069
FBgn0027505	280	313	593	0.472175379426644
FBgn0027506	85	83	168	0.505952380952381
FBgn0027507	18	31	49	0.36734693877551
FBgn0027508	270	251	521	0.518234165067178
FBgn0027509	211	201	412	0.512135922330097
FBgn0027512	73	56	129	0.565891472868217
FBgn0027513	30	43	73	0.410958904109589
FBgn0027514	37	55	92	0.402173913043478
FBgn0027515	219	180	399	0.548872180451128
FBgn0027518	202	197	399	0.506265664160401
FBgn0027521	227	233	460	0.493478260869565
FBgn0027524	31	31	62	0.5
FBgn0027525	150	148	298	0.503355704697987
FBgn0027526	123	77	200	0.615
FBgn0027527	13	17	30	0.433333333333333
FBgn0027528	313	318	631	0.496038034865293
FBgn0027529	345	335	680	0.507352941176471
FBgn0027532	36	34	70	0.514285714285714
FBgn0027535	326	300	626	0.520766773162939
FBgn0027537	180	204	384	0.46875
FBgn0027538	78	55	133	0.586466165413534
FBgn0027539	92	99	191	0.481675392670157
FBgn0027544	0	0	0	NA
FBgn0027546	197	225	422	0.466824644549763
FBgn0027547	29	32	61	0.475409836065574
FBgn0027548	116	91	207	0.560386473429952
FBgn0027549	44	50	94	0.468085106382979
FBgn0027550	214	238	452	0.473451327433628
FBgn0027552	125	125	250	0.5
FBgn0027553	162	167	329	0.492401215805471
FBgn0027554	83	78	161	0.515527950310559
FBgn0027556	240	225	465	0.516129032258065
FBgn0027558	125	98	223	0.560538116591928
FBgn0027560	237	266	503	0.47117296222664
FBgn0027561	204	222	426	0.47887323943662
FBgn0027562	156	151	307	0.50814332247557
FBgn0027563	94	102	196	0.479591836734694
FBgn0027564	153	142	295	0.51864406779661
FBgn0027565	27	43	70	0.385714285714286
FBgn0027567	205	190	395	0.518987341772152
FBgn0027568	259	224	483	0.536231884057971
FBgn0027569	221	250	471	0.469214437367304
FBgn0027570	34	52	86	0.395348837209302
FBgn0027572	167	201	368	0.453804347826087
FBgn0027574	132	127	259	0.50965250965251
FBgn0027575	305	282	587	0.519591141396934
FBgn0027578	107	115	222	0.481981981981982
FBgn0027579	178	216	394	0.451776649746193
FBgn0027580	184	216	400	0.46
FBgn0027581	47	37	84	0.55952380952381
FBgn0027582	203	235	438	0.463470319634703
FBgn0027583	119	112	231	0.515151515151515
FBgn0027584	154	153	307	0.501628664495114
FBgn0027585	236	249	485	0.48659793814433
FBgn0027586	147	140	287	0.51219512195122
FBgn0027587	24	26	50	0.48
FBgn0027588	139	192	331	0.419939577039275
FBgn0027589	166	197	363	0.457300275482094
FBgn0027590	30	31	61	0.491803278688525
FBgn0027592	100	86	186	0.537634408602151
FBgn0027594	266	272	538	0.494423791821561
FBgn0027596	558	569	1127	0.495119787045253
FBgn0027597	18	12	30	0.6
FBgn0027598	469	411	880	0.532954545454545
FBgn0027599	13	5	18	0.722222222222222
FBgn0027600	151	157	308	0.49025974025974
FBgn0027601	265	280	545	0.486238532110092
FBgn0027602	366	362	728	0.502747252747253
FBgn0027603	188	198	386	0.487046632124352
FBgn0027607	33	49	82	0.402439024390244
FBgn0027608	115	120	235	0.48936170212766
FBgn0027609	104	72	176	0.590909090909091
FBgn0027610	86	92	178	0.48314606741573
FBgn0027611	396	412	808	0.49009900990099
FBgn0027615	163	202	365	0.446575342465753
FBgn0027616	122	145	267	0.456928838951311
FBgn0027617	45	32	77	0.584415584415584
FBgn0027619	93	102	195	0.476923076923077
FBgn0027620	110	139	249	0.441767068273092
FBgn0027621	270	279	549	0.491803278688525
FBgn0027654	211	216	427	0.494145199063232
FBgn0027655	1084	1003	2087	0.519405845711548
FBgn0027657	116	109	225	0.515555555555556
FBgn0027660	210	180	390	0.538461538461538
FBgn0027779	179	148	327	0.547400611620795
FBgn0027780	195	191	386	0.505181347150259
FBgn0027783	297	285	582	0.510309278350515
FBgn0027784	70	80	150	0.466666666666667
FBgn0027785	27	29	56	0.482142857142857
FBgn0027786	0	0	0	NA
FBgn0027788	102	104	206	0.495145631067961
FBgn0027790	92	95	187	0.491978609625668
FBgn0027791	51	59	110	0.463636363636364
FBgn0027793	39	51	90	0.433333333333333
FBgn0027794	105	92	197	0.532994923857868
FBgn0027795	40	76	116	0.344827586206897
FBgn0027835	436	413	849	0.513545347467609
FBgn0027836	214	175	389	0.55012853470437
FBgn0027841	100	114	214	0.467289719626168
FBgn0027843	138	135	273	0.505494505494505
FBgn0027844	40	47	87	0.459770114942529
FBgn0027864	31	36	67	0.462686567164179
FBgn0027865	295	327	622	0.47427652733119
FBgn0027866	39	38	77	0.506493506493506
FBgn0027868	92	73	165	0.557575757575758
FBgn0027872	117	107	224	0.522321428571429
FBgn0027873	92	81	173	0.531791907514451
FBgn0027889	94	109	203	0.463054187192118
FBgn0027903	3	3	6	0.5
FBgn0027929	128	122	250	0.512
FBgn0027930	0	0	0	NA
FBgn0027932	245	236	481	0.509355509355509
FBgn0027934	42	32	74	0.567567567567568
FBgn0027945	10	12	22	0.454545454545455
FBgn0027948	244	242	486	0.502057613168724
FBgn0027949	85	97	182	0.467032967032967
FBgn0027950	25	17	42	0.595238095238095
FBgn0027951	23	27	50	0.46
FBgn0028292	85	73	158	0.537974683544304
FBgn0028325	175	160	335	0.522388059701492
FBgn0028327	104	81	185	0.562162162162162
FBgn0028331	273	274	547	0.49908592321755
FBgn0028341	476	502	978	0.486707566462168
FBgn0028342	158	160	318	0.49685534591195
FBgn0028343	237	259	496	0.477822580645161
FBgn0028360	143	172	315	0.453968253968254
FBgn0028369	710	613	1323	0.536659108087679
FBgn0028370	272	288	560	0.485714285714286
FBgn0028371	923	925	1848	0.499458874458874
FBgn0028372	125	151	276	0.452898550724638
FBgn0028374	66	75	141	0.468085106382979
FBgn0028375	137	135	272	0.503676470588235
FBgn0028377	0	0	0	NA
FBgn0028379	24	28	52	0.461538461538462
FBgn0028380	103	106	209	0.492822966507177
FBgn0028381	127	117	244	0.520491803278688
FBgn0028382	50	34	84	0.595238095238095
FBgn0028387	353	309	662	0.533232628398791
FBgn0028394	250	259	509	0.491159135559921
FBgn0028396	57	66	123	0.463414634146341
FBgn0028397	557	575	1132	0.492049469964664
FBgn0028398	29	19	48	0.604166666666667
FBgn0028399	145	159	304	0.476973684210526
FBgn0028400	105	95	200	0.525
FBgn0028402	37	45	82	0.451219512195122
FBgn0028406	74	87	161	0.459627329192547
FBgn0028407	92	119	211	0.436018957345972
FBgn0028408	287	281	568	0.505281690140845
FBgn0028410	27	41	68	0.397058823529412
FBgn0028411	8	10	18	0.444444444444444
FBgn0028412	85	97	182	0.467032967032967
FBgn0028415	4	0	4	1
FBgn0028416	14	34	48	0.291666666666667
FBgn0028418	0	0	0	NA
FBgn0028421	342	348	690	0.495652173913044
FBgn0028422	202	202	404	0.5
FBgn0028424	28	44	72	0.388888888888889
FBgn0028425	172	183	355	0.484507042253521
FBgn0028426	139	159	298	0.466442953020134
FBgn0028427	39	40	79	0.493670886075949
FBgn0028429	145	191	336	0.431547619047619
FBgn0028430	13	22	35	0.371428571428571
FBgn0028434	87	81	168	0.517857142857143
FBgn0028436	8	22	30	0.266666666666667
FBgn0028467	70	85	155	0.451612903225806
FBgn0028468	191	196	387	0.493540051679587
FBgn0028471	143	126	269	0.531598513011152
FBgn0028473	140	138	278	0.503597122302158
FBgn0028474	218	177	395	0.551898734177215
FBgn0028475	162	186	348	0.46551724137931
FBgn0028476	274	271	545	0.502752293577982
FBgn0028479	350	309	659	0.531107738998483
FBgn0028480	107	121	228	0.469298245614035
FBgn0028481	400	378	778	0.51413881748072
FBgn0028482	288	312	600	0.48
FBgn0028484	355	346	701	0.50641940085592
FBgn0028487	209	219	428	0.488317757009346
FBgn0028490	241	215	456	0.528508771929825
FBgn0028491	387	393	780	0.496153846153846
FBgn0028494	89	76	165	0.539393939393939
FBgn0028496	837	791	1628	0.514127764127764
FBgn0028497	233	191	424	0.549528301886792
FBgn0028499	247	239	486	0.508230452674897
FBgn0028500	103	122	225	0.457777777777778
FBgn0028504	182	202	384	0.473958333333333
FBgn0028506	121	97	218	0.555045871559633
FBgn0028507	134	129	263	0.509505703422053
FBgn0028509	384	433	817	0.470012239902081
FBgn0028513	153	164	317	0.482649842271293
FBgn0028514	67	87	154	0.435064935064935
FBgn0028515	89	115	204	0.436274509803922
FBgn0028516	259	279	538	0.481412639405204
FBgn0028517	0	0	0	NA
FBgn0028518	303	311	614	0.493485342019544
FBgn0028520	64	57	121	0.528925619834711
FBgn0028523	194	206	400	0.485
FBgn0028525	189	178	367	0.514986376021798
FBgn0028526	136	112	248	0.548387096774194
FBgn0028527	283	311	594	0.476430976430976
FBgn0028530	103	134	237	0.434599156118143
FBgn0028531	101	115	216	0.467592592592593
FBgn0028532	109	110	219	0.497716894977169
FBgn0028533	106	101	207	0.51207729468599
FBgn0028534	94	108	202	0.465346534653465
FBgn0028537	0	0	0	NA
FBgn0028538	202	212	414	0.48792270531401
FBgn0028539	203	186	389	0.521850899742931
FBgn0028540	127	119	246	0.516260162601626
FBgn0028541	160	150	310	0.516129032258065
FBgn0028542	147	128	275	0.534545454545455
FBgn0028543	150	152	302	0.496688741721854
FBgn0028544	157	152	309	0.508090614886731
FBgn0028546	316	169	485	0.651546391752577
FBgn0028550	401	349	750	0.534666666666667
FBgn0028552	79	77	156	0.506410256410256
FBgn0028554	14	23	37	0.378378378378378
FBgn0028560	82	74	156	0.525641025641026
FBgn0028561	53	69	122	0.434426229508197
FBgn0028562	63	43	106	0.594339622641509
FBgn0028563	55	76	131	0.419847328244275
FBgn0028567	71	78	149	0.476510067114094
FBgn0028569	37	36	73	0.506849315068493
FBgn0028570	82	72	154	0.532467532467532
FBgn0028572	289	274	563	0.513321492007105
FBgn0028573	264	265	529	0.499054820415879
FBgn0028577	295	278	573	0.514834205933682
FBgn0028579	158	148	306	0.516339869281046
FBgn0028581	0	0	0	NA
FBgn0028582	331	341	672	0.492559523809524
FBgn0028583	48	54	102	0.470588235294118
FBgn0028622	191	180	371	0.514824797843666
FBgn0028644	308	273	581	0.530120481927711
FBgn0028645	181	211	392	0.461734693877551
FBgn0028646	307	296	603	0.509121061359867
FBgn0028647	164	202	366	0.448087431693989
FBgn0028648	63	53	116	0.543103448275862
FBgn0028658	128	131	259	0.494208494208494
FBgn0028662	138	133	271	0.509225092250922
FBgn0028663	102	86	188	0.542553191489362
FBgn0028664	91	77	168	0.541666666666667
FBgn0028667	94	92	186	0.505376344086022
FBgn0028668	4	11	15	0.266666666666667
FBgn0028669	226	239	465	0.486021505376344
FBgn0028670	189	187	376	0.502659574468085
FBgn0028671	299	273	572	0.522727272727273
FBgn0028675	885	875	1760	0.502840909090909
FBgn0028683	42	26	68	0.617647058823529
FBgn0028684	81	81	162	0.5
FBgn0028685	115	85	200	0.575
FBgn0028686	112	87	199	0.562814070351759
FBgn0028687	16	15	31	0.516129032258065
FBgn0028688	58	68	126	0.46031746031746
FBgn0028689	102	88	190	0.536842105263158
FBgn0028690	22	29	51	0.431372549019608
FBgn0028691	101	115	216	0.467592592592593
FBgn0028692	261	251	512	0.509765625
FBgn0028693	0	0	0	NA
FBgn0028694	45	37	82	0.548780487804878
FBgn0028695	34	44	78	0.435897435897436
FBgn0028697	7	6	13	0.538461538461538
FBgn0028699	284	278	562	0.505338078291815
FBgn0028700	122	87	209	0.583732057416268
FBgn0028703	463	409	872	0.530963302752294
FBgn0028704	593	498	1091	0.543538038496792
FBgn0028707	58	65	123	0.471544715447154
FBgn0028708	32	34	66	0.484848484848485
FBgn0028717	171	163	334	0.511976047904192
FBgn0028734	249	241	490	0.508163265306122
FBgn0028737	60	59	119	0.504201680672269
FBgn0028738	0	0	0	NA
FBgn0028740	178	161	339	0.525073746312684
FBgn0028741	0	0	0	NA
FBgn0028743	337	359	696	0.484195402298851
FBgn0028744	174	182	356	0.48876404494382
FBgn0028746	68	74	142	0.47887323943662
FBgn0028789	178	168	346	0.514450867052023
FBgn0028833	48	45	93	0.516129032258065
FBgn0028836	120	139	259	0.463320463320463
FBgn0028837	67	52	119	0.563025210084034
FBgn0028838	107	101	208	0.514423076923077
FBgn0028841	129	117	246	0.524390243902439
FBgn0028844	67	62	129	0.51937984496124
FBgn0028847	74	89	163	0.45398773006135
FBgn0028848	178	176	354	0.502824858757062
FBgn0028850	80	86	166	0.481927710843373
FBgn0028852	108	85	193	0.559585492227979
FBgn0028853	79	91	170	0.464705882352941
FBgn0028855	85	72	157	0.54140127388535
FBgn0028856	101	91	192	0.526041666666667
FBgn0028857	139	139	278	0.5
FBgn0028858	118	112	230	0.51304347826087
FBgn0028862	289	263	552	0.523550724637681
FBgn0028863	601	605	1206	0.498341625207297
FBgn0028864	0	0	0	NA
FBgn0028866	130	169	299	0.434782608695652
FBgn0028867	96	134	230	0.417391304347826
FBgn0028868	93	70	163	0.570552147239264
FBgn0028870	34	44	78	0.435897435897436
FBgn0028871	90	104	194	0.463917525773196
FBgn0028872	200	170	370	0.540540540540541
FBgn0028875	689	626	1315	0.523954372623574
FBgn0028878	222	205	427	0.519906323185012
FBgn0028879	656	660	1316	0.498480243161094
FBgn0028880	95	100	195	0.487179487179487
FBgn0028882	17	24	41	0.414634146341463
FBgn0028884	68	86	154	0.441558441558442
FBgn0028886	181	203	384	0.471354166666667
FBgn0028887	305	330	635	0.480314960629921
FBgn0028888	459	483	942	0.487261146496815
FBgn0028889	3	4	7	0.428571428571429
FBgn0028892	178	148	326	0.54601226993865
FBgn0028893	92	105	197	0.467005076142132
FBgn0028894	122	102	224	0.544642857142857
FBgn0028895	101	106	207	0.48792270531401
FBgn0028896	26	25	51	0.509803921568627
FBgn0028897	81	78	159	0.509433962264151
FBgn0028899	667	759	1426	0.467741935483871
FBgn0028900	57	57	114	0.5
FBgn0028901	413	399	812	0.508620689655172
FBgn0028902	181	197	378	0.478835978835979
FBgn0028903	77	63	140	0.55
FBgn0028909	30	25	55	0.545454545454545
FBgn0028910	0	0	0	NA
FBgn0028911	0	0	0	NA
FBgn0028912	23	16	39	0.58974358974359
FBgn0028913	30	50	80	0.375
FBgn0028916	411	415	826	0.497578692493947
FBgn0028919	44	61	105	0.419047619047619
FBgn0028920	137	135	272	0.503676470588235
FBgn0028926	55	59	114	0.482456140350877
FBgn0028931	64	53	117	0.547008547008547
FBgn0028932	30	45	75	0.4
FBgn0028935	186	208	394	0.472081218274112
FBgn0028936	132	136	268	0.492537313432836
FBgn0028938	219	216	435	0.503448275862069
FBgn0028939	195	181	376	0.518617021276596
FBgn0028940	180	196	376	0.478723404255319
FBgn0028941	98	81	179	0.547486033519553
FBgn0028942	54	47	101	0.534653465346535
FBgn0028943	63	57	120	0.525
FBgn0028944	35	45	80	0.4375
FBgn0028945	72	93	165	0.436363636363636
FBgn0028946	128	144	272	0.470588235294118
FBgn0028947	101	117	218	0.463302752293578
FBgn0028948	86	84	170	0.505882352941176
FBgn0028949	92	102	194	0.474226804123711
FBgn0028950	79	69	148	0.533783783783784
FBgn0028952	145	159	304	0.476973684210526
FBgn0028953	184	203	387	0.475452196382429
FBgn0028955	0	0	0	NA
FBgn0028956	263	212	475	0.553684210526316
FBgn0028962	170	168	338	0.502958579881657
FBgn0028963	156	164	320	0.4875
FBgn0028965	25	31	56	0.446428571428571
FBgn0028968	56	55	111	0.504504504504504
FBgn0028969	70	62	132	0.53030303030303
FBgn0028970	75	85	160	0.46875
FBgn0028978	39	35	74	0.527027027027027
FBgn0028979	145	142	287	0.505226480836237
FBgn0028980	116	118	234	0.495726495726496
FBgn0028981	4	7	11	0.363636363636364
FBgn0028982	244	209	453	0.538631346578366
FBgn0028983	96	69	165	0.581818181818182
FBgn0028984	65	60	125	0.52
FBgn0028986	56	63	119	0.470588235294118
FBgn0028987	87	121	208	0.418269230769231
FBgn0028988	19	12	31	0.612903225806452
FBgn0028990	78	79	157	0.496815286624204
FBgn0028991	0	0	0	NA
FBgn0028992	0	0	0	NA
FBgn0028993	25	25	50	0.5
FBgn0028996	81	74	155	0.52258064516129
FBgn0028997	0	0	0	NA
FBgn0028999	223	184	407	0.547911547911548
FBgn0029002	137	92	229	0.59825327510917
FBgn0029003	147	115	262	0.561068702290076
FBgn0029006	285	222	507	0.562130177514793
FBgn0029067	40	39	79	0.506329113924051
FBgn0029079	0	0	0	NA
FBgn0029082	464	417	881	0.526674233825199
FBgn0029084	155	169	324	0.478395061728395
FBgn0029088	95	107	202	0.47029702970297
FBgn0029091	152	125	277	0.548736462093863
FBgn0029092	163	167	330	0.493939393939394
FBgn0029093	62	44	106	0.584905660377358
FBgn0029094	93	67	160	0.58125
FBgn0029095	320	278	598	0.535117056856187
FBgn0029105	221	215	436	0.506880733944954
FBgn0029113	134	127	261	0.513409961685824
FBgn0029114	508	454	962	0.528066528066528
FBgn0029117	83	89	172	0.482558139534884
FBgn0029118	165	154	319	0.517241379310345
FBgn0029121	77	89	166	0.463855421686747
FBgn0029123	158	160	318	0.49685534591195
FBgn0029131	78	74	152	0.513157894736842
FBgn0029133	87	86	173	0.502890173410405
FBgn0029134	51	31	82	0.621951219512195
FBgn0029137	161	142	303	0.531353135313531
FBgn0029147	163	175	338	0.482248520710059
FBgn0029148	51	42	93	0.548387096774194
FBgn0029152	89	93	182	0.489010989010989
FBgn0029153	0	0	0	NA
FBgn0029154	0	0	0	NA
FBgn0029155	208	218	426	0.488262910798122
FBgn0029157	256	274	530	0.483018867924528
FBgn0029158	16	10	26	0.615384615384615
FBgn0029161	2	0	2	1
FBgn0029167	1149	1164	2313	0.496757457846952
FBgn0029170	75	76	151	0.496688741721854
FBgn0029172	111	128	239	0.464435146443515
FBgn0029174	180	167	347	0.518731988472622
FBgn0029175	197	219	416	0.473557692307692
FBgn0029176	82	80	162	0.506172839506173
FBgn0029501	119	113	232	0.512931034482759
FBgn0029502	66	48	114	0.578947368421053
FBgn0029503	117	103	220	0.531818181818182
FBgn0029504	471	457	928	0.507543103448276
FBgn0029506	122	132	254	0.480314960629921
FBgn0029507	61	43	104	0.586538461538462
FBgn0029508	39	28	67	0.582089552238806
FBgn0029512	48	52	100	0.48
FBgn0029514	125	131	256	0.48828125
FBgn0029518	0	3	3	0
FBgn0029521	0	0	0	NA
FBgn0029522	0	0	0	NA
FBgn0029523	50	49	99	0.505050505050505
FBgn0029524	9	8	17	0.529411764705882
FBgn0029525	96	97	193	0.49740932642487
FBgn0029526	63	62	125	0.504
FBgn0029529	0	0	0	NA
FBgn0029531	54	52	106	0.509433962264151
FBgn0029532	90	80	170	0.529411764705882
FBgn0029535	85	68	153	0.555555555555556
FBgn0029539	37	18	55	0.672727272727273
FBgn0029552	16	14	30	0.533333333333333
FBgn0029568	112	99	211	0.530805687203792
FBgn0029573	25	28	53	0.471698113207547
FBgn0029580	11	11	22	0.5
FBgn0029587	90	83	173	0.520231213872832
FBgn0029588	52	44	96	0.541666666666667
FBgn0029589	34	93	127	0.267716535433071
FBgn0029590	55	67	122	0.450819672131148
FBgn0029594	28	24	52	0.538461538461538
FBgn0029596	9	6	15	0.6
FBgn0029603	157	125	282	0.556737588652482
FBgn0029606	80	78	158	0.506329113924051
FBgn0029608	91	88	179	0.508379888268156
FBgn0029629	98	73	171	0.573099415204678
FBgn0029639	67	69	136	0.492647058823529
FBgn0029642	106	93	199	0.532663316582915
FBgn0029643	162	179	341	0.475073313782991
FBgn0029644	51	70	121	0.421487603305785
FBgn0029645	98	122	220	0.445454545454545
FBgn0029646	48	49	97	0.494845360824742
FBgn0029647	75	52	127	0.590551181102362
FBgn0029648	134	127	261	0.513409961685824
FBgn0029649	44	58	102	0.431372549019608
FBgn0029656	123	102	225	0.546666666666667
FBgn0029657	324	302	626	0.517571884984026
FBgn0029658	44	33	77	0.571428571428571
FBgn0029659	85	97	182	0.467032967032967
FBgn0029660	89	87	176	0.505681818181818
FBgn0029661	111	121	232	0.478448275862069
FBgn0029662	219	247	466	0.469957081545064
FBgn0029663	108	107	215	0.502325581395349
FBgn0029664	70	75	145	0.482758620689655
FBgn0029665	46	50	96	0.479166666666667
FBgn0029666	367	417	784	0.468112244897959
FBgn0029667	194	202	396	0.48989898989899
FBgn0029669	84	81	165	0.509090909090909
FBgn0029672	85	97	182	0.467032967032967
FBgn0029676	9	14	23	0.391304347826087
FBgn0029679	237	225	462	0.512987012987013
FBgn0029681	169	167	336	0.50297619047619
FBgn0029685	91	96	187	0.486631016042781
FBgn0029686	141	147	288	0.489583333333333
FBgn0029687	120	108	228	0.526315789473684
FBgn0029688	457	506	963	0.474558670820353
FBgn0029689	171	181	352	0.485795454545455
FBgn0029690	0	0	0	NA
FBgn0029693	79	80	159	0.49685534591195
FBgn0029694	77	82	159	0.484276729559748
FBgn0029696	68	81	149	0.456375838926175
FBgn0029697	424	444	868	0.488479262672811
FBgn0029700	31	12	43	0.720930232558139
FBgn0029701	37	31	68	0.544117647058823
FBgn0029702	30	28	58	0.517241379310345
FBgn0029703	136	128	264	0.515151515151515
FBgn0029705	121	96	217	0.557603686635945
FBgn0029706	190	207	397	0.478589420654912
FBgn0029707	113	120	233	0.484978540772532
FBgn0029708	279	315	594	0.46969696969697
FBgn0029709	144	115	259	0.555984555984556
FBgn0029710	86	90	176	0.488636363636364
FBgn0029711	202	195	397	0.508816120906801
FBgn0029712	40	41	81	0.493827160493827
FBgn0029713	130	159	289	0.449826989619377
FBgn0029714	68	68	136	0.5
FBgn0029715	78	81	159	0.490566037735849
FBgn0029716	122	131	253	0.482213438735178
FBgn0029717	60	65	125	0.48
FBgn0029718	0	0	0	NA
FBgn0029719	121	155	276	0.438405797101449
FBgn0029720	105	103	208	0.504807692307692
FBgn0029722	156	158	314	0.496815286624204
FBgn0029723	367	349	716	0.512569832402235
FBgn0029724	30	34	64	0.46875
FBgn0029725	27	27	54	0.5
FBgn0029726	2	1	3	0.666666666666667
FBgn0029727	74	85	159	0.465408805031447
FBgn0029728	405	370	775	0.52258064516129
FBgn0029729	73	60	133	0.548872180451128
FBgn0029730	91	89	180	0.505555555555556
FBgn0029733	126	131	257	0.490272373540856
FBgn0029736	168	194	362	0.464088397790055
FBgn0029737	88	84	172	0.511627906976744
FBgn0029740	28	50	78	0.358974358974359
FBgn0029745	63	82	145	0.43448275862069
FBgn0029746	0	0	0	NA
FBgn0029747	145	153	298	0.486577181208054
FBgn0029750	171	138	309	0.553398058252427
FBgn0029751	90	88	178	0.50561797752809
FBgn0029752	30	39	69	0.434782608695652
FBgn0029753	89	91	180	0.494444444444444
FBgn0029754	68	67	135	0.503703703703704
FBgn0029755	85	68	153	0.555555555555556
FBgn0029756	209	198	407	0.513513513513513
FBgn0029761	666	573	1239	0.537530266343826
FBgn0029762	248	272	520	0.476923076923077
FBgn0029763	299	286	585	0.511111111111111
FBgn0029765	68	69	137	0.496350364963504
FBgn0029766	306	282	588	0.520408163265306
FBgn0029768	315	299	614	0.513029315960912
FBgn0029769	166	182	348	0.477011494252874
FBgn0029770	124	129	253	0.490118577075099
FBgn0029771	106	104	210	0.504761904761905
FBgn0029778	167	206	373	0.447721179624665
FBgn0029783	18	20	38	0.473684210526316
FBgn0029785	23	46	69	0.333333333333333
FBgn0029789	300	341	641	0.46801872074883
FBgn0029791	366	355	721	0.507628294036061
FBgn0029795	134	149	283	0.473498233215548
FBgn0029798	150	142	292	0.513698630136986
FBgn0029799	30	44	74	0.405405405405405
FBgn0029800	62	62	124	0.5
FBgn0029801	136	129	265	0.513207547169811
FBgn0029804	185	207	392	0.471938775510204
FBgn0029807	279	282	561	0.497326203208556
FBgn0029809	33	48	81	0.407407407407407
FBgn0029810	161	167	328	0.490853658536585
FBgn0029811	80	78	158	0.506329113924051
FBgn0029812	97	101	198	0.48989898989899
FBgn0029813	92	97	189	0.486772486772487
FBgn0029814	339	381	720	0.470833333333333
FBgn0029816	73	83	156	0.467948717948718
FBgn0029817	89	67	156	0.57051282051282
FBgn0029818	120	99	219	0.547945205479452
FBgn0029819	112	123	235	0.476595744680851
FBgn0029820	64	72	136	0.470588235294118
FBgn0029821	158	161	319	0.495297805642633
FBgn0029822	216	188	404	0.534653465346535
FBgn0029823	218	193	411	0.530413625304136
FBgn0029824	225	280	505	0.445544554455446
FBgn0029825	57	63	120	0.475
FBgn0029826	86	91	177	0.485875706214689
FBgn0029827	126	153	279	0.451612903225806
FBgn0029828	134	103	237	0.565400843881857
FBgn0029830	348	367	715	0.486713286713287
FBgn0029831	241	249	490	0.491836734693878
FBgn0029833	67	72	139	0.482014388489209
FBgn0029834	203	190	393	0.516539440203562
FBgn0029835	280	273	553	0.506329113924051
FBgn0029836	92	81	173	0.531791907514451
FBgn0029837	192	194	386	0.49740932642487
FBgn0029838	120	86	206	0.58252427184466
FBgn0029839	53	49	102	0.519607843137255
FBgn0029840	29	59	88	0.329545454545455
FBgn0029843	184	193	377	0.488063660477454
FBgn0029848	208	200	408	0.509803921568627
FBgn0029849	180	123	303	0.594059405940594
FBgn0029851	191	181	372	0.513440860215054
FBgn0029853	78	85	163	0.478527607361963
FBgn0029854	108	102	210	0.514285714285714
FBgn0029856	136	154	290	0.468965517241379
FBgn0029857	50	38	88	0.568181818181818
FBgn0029858	110	135	245	0.448979591836735
FBgn0029859	4	6	10	0.4
FBgn0029860	57	53	110	0.518181818181818
FBgn0029861	187	194	381	0.490813648293963
FBgn0029863	206	209	415	0.496385542168675
FBgn0029864	655	588	1243	0.526950925181014
FBgn0029866	231	235	466	0.495708154506438
FBgn0029867	72	92	164	0.439024390243902
FBgn0029868	64	55	119	0.53781512605042
FBgn0029870	328	307	635	0.516535433070866
FBgn0029873	104	89	193	0.538860103626943
FBgn0029874	139	143	282	0.49290780141844
FBgn0029877	93	89	182	0.510989010989011
FBgn0029878	323	273	596	0.541946308724832
FBgn0029879	234	237	471	0.496815286624204
FBgn0029880	132	140	272	0.485294117647059
FBgn0029881	504	489	993	0.507552870090634
FBgn0029882	72	98	170	0.423529411764706
FBgn0029885	59	60	119	0.495798319327731
FBgn0029887	360	355	715	0.503496503496504
FBgn0029888	55	56	111	0.495495495495495
FBgn0029890	126	112	238	0.529411764705882
FBgn0029891	148	128	276	0.536231884057971
FBgn0029892	109	103	212	0.514150943396226
FBgn0029893	258	212	470	0.548936170212766
FBgn0029894	86	87	173	0.497109826589595
FBgn0029895	448	487	935	0.479144385026738
FBgn0029896	405	442	847	0.478158205430933
FBgn0029897	89	88	177	0.502824858757062
FBgn0029898	128	121	249	0.514056224899598
FBgn0029903	478	468	946	0.505285412262156
FBgn0029905	120	123	243	0.493827160493827
FBgn0029906	132	173	305	0.432786885245902
FBgn0029907	67	71	138	0.485507246376812
FBgn0029909	87	107	194	0.448453608247423
FBgn0029911	234	234	468	0.5
FBgn0029912	267	242	509	0.524557956777996
FBgn0029913	105	129	234	0.448717948717949
FBgn0029914	128	146	274	0.467153284671533
FBgn0029915	76	89	165	0.460606060606061
FBgn0029920	55	62	117	0.47008547008547
FBgn0029922	474	469	943	0.502651113467656
FBgn0029924	205	173	378	0.542328042328042
FBgn0029925	64	75	139	0.460431654676259
FBgn0029928	116	113	229	0.506550218340611
FBgn0029929	99	113	212	0.466981132075472
FBgn0029930	223	223	446	0.5
FBgn0029931	89	97	186	0.478494623655914
FBgn0029932	225	201	426	0.528169014084507
FBgn0029935	190	191	381	0.498687664041995
FBgn0029936	200	198	398	0.50251256281407
FBgn0029937	42	55	97	0.43298969072165
FBgn0029939	435	435	870	0.5
FBgn0029940	76	70	146	0.520547945205479
FBgn0029941	205	179	384	0.533854166666667
FBgn0029942	150	133	283	0.530035335689046
FBgn0029943	210	190	400	0.525
FBgn0029944	207	218	425	0.487058823529412
FBgn0029945	119	136	255	0.466666666666667
FBgn0029946	77	82	159	0.484276729559748
FBgn0029947	62	47	109	0.568807339449541
FBgn0029948	93	81	174	0.53448275862069
FBgn0029949	60	70	130	0.461538461538462
FBgn0029950	163	168	331	0.492447129909366
FBgn0029951	151	162	313	0.482428115015974
FBgn0029952	42	50	92	0.456521739130435
FBgn0029955	128	160	288	0.444444444444444
FBgn0029957	128	144	272	0.470588235294118
FBgn0029958	146	160	306	0.477124183006536
FBgn0029959	127	122	249	0.51004016064257
FBgn0029961	190	192	382	0.49738219895288
FBgn0029962	274	255	529	0.517958412098299
FBgn0029963	124	110	234	0.52991452991453
FBgn0029964	56	76	132	0.424242424242424
FBgn0029965	151	159	310	0.487096774193548
FBgn0029966	248	212	460	0.539130434782609
FBgn0029968	147	168	315	0.466666666666667
FBgn0029969	92	80	172	0.534883720930233
FBgn0029970	73	84	157	0.464968152866242
FBgn0029971	0	0	0	NA
FBgn0029974	252	258	510	0.494117647058824
FBgn0029975	89	71	160	0.55625
FBgn0029976	225	219	444	0.506756756756757
FBgn0029977	83	114	197	0.421319796954315
FBgn0029979	301	323	624	0.482371794871795
FBgn0029980	21	12	33	0.636363636363636
FBgn0029986	45	40	85	0.529411764705882
FBgn0029987	35	30	65	0.538461538461538
FBgn0029989	105	97	202	0.51980198019802
FBgn0029990	186	91	277	0.671480144404332
FBgn0029992	290	261	551	0.526315789473684
FBgn0029993	197	194	391	0.50383631713555
FBgn0029994	164	150	314	0.522292993630573
FBgn0029995	40	42	82	0.48780487804878
FBgn0029996	161	172	333	0.483483483483483
FBgn0029997	532	525	1057	0.503311258278146
FBgn0029999	154	144	298	0.516778523489933
FBgn0030000	151	171	322	0.468944099378882
FBgn0030001	259	252	511	0.506849315068493
FBgn0030003	125	117	242	0.516528925619835
FBgn0030004	198	183	381	0.519685039370079
FBgn0030005	83	73	156	0.532051282051282
FBgn0030006	60	44	104	0.576923076923077
FBgn0030007	13	12	25	0.52
FBgn0030008	29	30	59	0.491525423728814
FBgn0030009	54	35	89	0.606741573033708
FBgn0030010	120	146	266	0.451127819548872
FBgn0030011	89	87	176	0.505681818181818
FBgn0030012	109	95	204	0.534313725490196
FBgn0030013	130	137	267	0.48689138576779
FBgn0030014	120	134	254	0.47244094488189
FBgn0030015	55	58	113	0.486725663716814
FBgn0030016	103	102	205	0.502439024390244
FBgn0030017	366	333	699	0.523605150214592
FBgn0030018	412	431	843	0.488730723606168
FBgn0030025	0	0	0	NA
FBgn0030026	70	45	115	0.608695652173913
FBgn0030027	321	341	662	0.484894259818731
FBgn0030028	81	78	159	0.509433962264151
FBgn0030029	87	61	148	0.587837837837838
FBgn0030030	193	173	366	0.527322404371585
FBgn0030033	229	218	447	0.512304250559284
FBgn0030034	365	374	739	0.493910690121786
FBgn0030035	208	227	435	0.47816091954023
FBgn0030037	308	316	624	0.493589743589744
FBgn0030038	284	264	548	0.518248175182482
FBgn0030039	126	102	228	0.552631578947368
FBgn0030040	340	348	688	0.494186046511628
FBgn0030041	493	596	1089	0.452708907254362
FBgn0030048	79	87	166	0.475903614457831
FBgn0030049	321	384	705	0.45531914893617
FBgn0030050	62	59	121	0.512396694214876
FBgn0030051	206	208	414	0.497584541062802
FBgn0030052	226	217	443	0.510158013544018
FBgn0030053	136	134	270	0.503703703703704
FBgn0030054	321	346	667	0.481259370314843
FBgn0030055	266	276	542	0.490774907749078
FBgn0030056	103	100	203	0.507389162561576
FBgn0030057	45	49	94	0.478723404255319
FBgn0030058	100	91	191	0.523560209424084
FBgn0030060	125	121	246	0.508130081300813
FBgn0030061	106	112	218	0.486238532110092
FBgn0030063	92	103	195	0.471794871794872
FBgn0030065	336	367	703	0.477951635846373
FBgn0030066	151	136	287	0.526132404181185
FBgn0030067	160	186	346	0.46242774566474
FBgn0030071	95	96	191	0.49738219895288
FBgn0030073	99	67	166	0.596385542168675
FBgn0030074	91	106	197	0.461928934010152
FBgn0030077	256	257	513	0.499025341130604
FBgn0030078	24	14	38	0.631578947368421
FBgn0030081	140	146	286	0.48951048951049
FBgn0030082	111	113	224	0.495535714285714
FBgn0030085	17	12	29	0.586206896551724
FBgn0030086	121	108	229	0.528384279475983
FBgn0030087	456	479	935	0.487700534759358
FBgn0030088	34	41	75	0.453333333333333
FBgn0030089	434	394	828	0.524154589371981
FBgn0030090	248	255	503	0.493041749502982
FBgn0030091	236	229	465	0.50752688172043
FBgn0030092	79	86	165	0.478787878787879
FBgn0030093	219	211	430	0.509302325581395
FBgn0030096	101	105	206	0.490291262135922
FBgn0030097	106	105	211	0.502369668246445
FBgn0030098	75	81	156	0.480769230769231
FBgn0030099	78	75	153	0.509803921568627
FBgn0030100	69	76	145	0.475862068965517
FBgn0030101	10	14	24	0.416666666666667
FBgn0030102	236	217	453	0.520971302428256
FBgn0030103	71	50	121	0.586776859504132
FBgn0030104	48	64	112	0.428571428571429
FBgn0030105	69	82	151	0.456953642384106
FBgn0030107	110	108	218	0.504587155963303
FBgn0030108	118	122	240	0.491666666666667
FBgn0030109	206	192	398	0.517587939698492
FBgn0030114	126	99	225	0.56
FBgn0030116	64	62	126	0.507936507936508
FBgn0030117	48	14	62	0.774193548387097
FBgn0030120	39	53	92	0.423913043478261
FBgn0030121	117	119	236	0.495762711864407
FBgn0030122	80	86	166	0.481927710843373
FBgn0030136	50	63	113	0.442477876106195
FBgn0030137	84	69	153	0.549019607843137
FBgn0030141	190	162	352	0.539772727272727
FBgn0030148	226	235	461	0.490238611713666
FBgn0030151	163	147	310	0.525806451612903
FBgn0030156	130	140	270	0.481481481481481
FBgn0030157	42	32	74	0.567567567567568
FBgn0030158	49	34	83	0.590361445783133
FBgn0030159	99	115	214	0.462616822429907
FBgn0030160	69	95	164	0.420731707317073
FBgn0030161	145	145	290	0.5
FBgn0030162	206	495	701	0.293865905848787
FBgn0030163	110	104	214	0.514018691588785
FBgn0030164	54	43	97	0.556701030927835
FBgn0030167	148	124	272	0.544117647058823
FBgn0030170	362	325	687	0.526928675400291
FBgn0030174	280	248	528	0.53030303030303
FBgn0030177	133	168	301	0.441860465116279
FBgn0030178	93	80	173	0.53757225433526
FBgn0030181	45	63	108	0.416666666666667
FBgn0030183	225	209	434	0.518433179723502
FBgn0030186	0	0	0	NA
FBgn0030187	134	149	283	0.473498233215548
FBgn0030189	168	148	316	0.531645569620253
FBgn0030191	150	115	265	0.566037735849057
FBgn0030195	53	55	108	0.490740740740741
FBgn0030196	126	120	246	0.51219512195122
FBgn0030200	66	94	160	0.4125
FBgn0030202	26	27	53	0.490566037735849
FBgn0030204	95	115	210	0.452380952380952
FBgn0030206	147	148	295	0.498305084745763
FBgn0030207	42	33	75	0.56
FBgn0030208	70	68	138	0.507246376811594
FBgn0030215	78	89	167	0.467065868263473
FBgn0030217	109	115	224	0.486607142857143
FBgn0030218	79	80	159	0.49685534591195
FBgn0030221	138	81	219	0.63013698630137
FBgn0030222	109	98	207	0.526570048309179
FBgn0030223	60	53	113	0.530973451327434
FBgn0030224	94	87	181	0.519337016574586
FBgn0030228	246	211	457	0.538293216630197
FBgn0030230	248	272	520	0.476923076923077
FBgn0030234	79	105	184	0.429347826086957
FBgn0030237	18	21	39	0.461538461538462
FBgn0030239	38	54	92	0.41304347826087
FBgn0030240	169	196	365	0.463013698630137
FBgn0030241	99	103	202	0.49009900990099
FBgn0030242	136	108	244	0.557377049180328
FBgn0030243	400	379	779	0.513478818998716
FBgn0030244	68	83	151	0.450331125827815
FBgn0030245	505	477	982	0.514256619144603
FBgn0030246	184	221	405	0.454320987654321
FBgn0030247	75	83	158	0.474683544303797
FBgn0030251	190	180	370	0.513513513513513
FBgn0030257	254	227	481	0.528066528066528
FBgn0030258	78	98	176	0.443181818181818
FBgn0030259	54	72	126	0.428571428571429
FBgn0030260	68	81	149	0.456375838926175
FBgn0030261	84	66	150	0.56
FBgn0030262	0	0	0	NA
FBgn0030263	0	0	0	NA
FBgn0030266	673	696	1369	0.491599707815924
FBgn0030268	210	199	409	0.513447432762836
FBgn0030269	79	70	149	0.530201342281879
FBgn0030270	15	19	34	0.441176470588235
FBgn0030271	131	132	263	0.498098859315589
FBgn0030272	45	65	110	0.409090909090909
FBgn0030274	230	219	449	0.512249443207127
FBgn0030276	261	265	526	0.496197718631179
FBgn0030277	75	83	158	0.474683544303797
FBgn0030278	68	60	128	0.53125
FBgn0030280	54	43	97	0.556701030927835
FBgn0030283	36	39	75	0.48
FBgn0030286	412	409	821	0.501827040194884
FBgn0030289	159	156	315	0.504761904761905
FBgn0030290	69	79	148	0.466216216216216
FBgn0030291	71	55	126	0.563492063492063
FBgn0030292	32	28	60	0.533333333333333
FBgn0030293	190	169	359	0.52924791086351
FBgn0030294	180	171	351	0.512820512820513
FBgn0030296	171	154	325	0.526153846153846
FBgn0030297	174	164	338	0.514792899408284
FBgn0030298	0	0	0	NA
FBgn0030300	229	227	456	0.50219298245614
FBgn0030301	258	233	491	0.525458248472505
FBgn0030304	221	250	471	0.469214437367304
FBgn0030305	67	79	146	0.458904109589041
FBgn0030306	32	39	71	0.450704225352113
FBgn0030307	68	81	149	0.456375838926175
FBgn0030309	95	134	229	0.414847161572052
FBgn0030310	39	62	101	0.386138613861386
FBgn0030311	0	0	0	NA
FBgn0030313	49	46	95	0.515789473684211
FBgn0030314	68	65	133	0.511278195488722
FBgn0030316	54	55	109	0.495412844036697
FBgn0030317	68	69	137	0.496350364963504
FBgn0030318	99	116	215	0.46046511627907
FBgn0030319	62	39	101	0.613861386138614
FBgn0030320	214	199	413	0.518159806295399
FBgn0030321	149	137	286	0.520979020979021
FBgn0030323	117	96	213	0.549295774647887
FBgn0030326	63	71	134	0.470149253731343
FBgn0030327	183	201	384	0.4765625
FBgn0030328	83	61	144	0.576388888888889
FBgn0030329	154	142	296	0.52027027027027
FBgn0030330	221	207	428	0.516355140186916
FBgn0030331	232	278	510	0.454901960784314
FBgn0030332	92	86	178	0.51685393258427
FBgn0030334	137	150	287	0.477351916376307
FBgn0030336	378	428	806	0.468982630272953
FBgn0030338	0	0	0	NA
FBgn0030339	150	125	275	0.545454545454545
FBgn0030340	305	307	612	0.498366013071895
FBgn0030341	87	77	164	0.530487804878049
FBgn0030342	160	128	288	0.555555555555556
FBgn0030343	333	351	684	0.486842105263158
FBgn0030344	100	80	180	0.555555555555556
FBgn0030345	116	97	213	0.544600938967136
FBgn0030346	79	105	184	0.429347826086957
FBgn0030347	157	165	322	0.487577639751553
FBgn0030348	127	120	247	0.51417004048583
FBgn0030349	398	365	763	0.521625163826999
FBgn0030350	48	61	109	0.440366972477064
FBgn0030351	21	13	34	0.617647058823529
FBgn0030352	155	162	317	0.488958990536278
FBgn0030354	183	192	375	0.488
FBgn0030356	107	123	230	0.465217391304348
FBgn0030357	139	116	255	0.545098039215686
FBgn0030358	344	375	719	0.478442280945758
FBgn0030359	162	200	362	0.447513812154696
FBgn0030360	154	141	295	0.522033898305085
FBgn0030361	170	173	343	0.495626822157434
FBgn0030362	180	148	328	0.548780487804878
FBgn0030364	115	111	226	0.508849557522124
FBgn0030365	141	125	266	0.530075187969925
FBgn0030366	145	149	294	0.493197278911565
FBgn0030367	154	153	307	0.501628664495114
FBgn0030369	213	194	407	0.523341523341523
FBgn0030370	110	130	240	0.458333333333333
FBgn0030373	50	40	90	0.555555555555556
FBgn0030374	40	59	99	0.404040404040404
FBgn0030375	81	75	156	0.519230769230769
FBgn0030376	422	402	824	0.512135922330097
FBgn0030377	156	169	325	0.48
FBgn0030384	103	123	226	0.455752212389381
FBgn0030385	168	172	340	0.494117647058824
FBgn0030386	85	61	146	0.582191780821918
FBgn0030389	62	65	127	0.488188976377953
FBgn0030390	110	112	222	0.495495495495495
FBgn0030391	182	196	378	0.481481481481481
FBgn0030394	172	153	325	0.529230769230769
FBgn0030395	146	148	294	0.496598639455782
FBgn0030396	144	132	276	0.521739130434783
FBgn0030398	86	77	163	0.52760736196319
FBgn0030400	413	384	797	0.518193224592221
FBgn0030403	155	150	305	0.508196721311475
FBgn0030406	93	174	267	0.348314606741573
FBgn0030407	60	62	122	0.491803278688525
FBgn0030408	142	130	272	0.522058823529412
FBgn0030409	70	88	158	0.443037974683544
FBgn0030410	31	31	62	0.5
FBgn0030411	49	51	100	0.49
FBgn0030412	388	407	795	0.488050314465409
FBgn0030417	211	255	466	0.452789699570815
FBgn0030418	341	373	714	0.477591036414566
FBgn0030420	192	194	386	0.49740932642487
FBgn0030421	276	314	590	0.467796610169492
FBgn0030425	209	211	420	0.497619047619048
FBgn0030429	121	117	238	0.508403361344538
FBgn0030431	85	100	185	0.459459459459459
FBgn0030432	158	175	333	0.474474474474474
FBgn0030433	62	78	140	0.442857142857143
FBgn0030434	76	87	163	0.466257668711656
FBgn0030435	91	97	188	0.484042553191489
FBgn0030437	277	311	588	0.47108843537415
FBgn0030438	166	177	343	0.483965014577259
FBgn0030439	108	92	200	0.54
FBgn0030440	94	77	171	0.549707602339181
FBgn0030441	86	93	179	0.480446927374302
FBgn0030443	130	113	243	0.534979423868313
FBgn0030447	79	85	164	0.481707317073171
FBgn0030449	67	53	120	0.558333333333333
FBgn0030451	27	28	55	0.490909090909091
FBgn0030452	12	15	27	0.444444444444444
FBgn0030455	24	15	39	0.615384615384615
FBgn0030456	15	25	40	0.375
FBgn0030457	121	142	263	0.460076045627376
FBgn0030459	166	179	345	0.481159420289855
FBgn0030460	151	143	294	0.513605442176871
FBgn0030462	54	52	106	0.509433962264151
FBgn0030465	145	156	301	0.481727574750831
FBgn0030466	488	474	962	0.507276507276507
FBgn0030467	161	138	299	0.538461538461538
FBgn0030468	176	139	315	0.558730158730159
FBgn0030474	175	175	350	0.5
FBgn0030477	69	78	147	0.469387755102041
FBgn0030478	311	312	623	0.499197431781701
FBgn0030479	136	135	271	0.501845018450184
FBgn0030480	29	36	65	0.446153846153846
FBgn0030481	40	52	92	0.434782608695652
FBgn0030482	175	185	360	0.486111111111111
FBgn0030483	72	68	140	0.514285714285714
FBgn0030484	122	93	215	0.567441860465116
FBgn0030485	213	186	399	0.533834586466165
FBgn0030486	518	519	1037	0.499517839922854
FBgn0030492	62	70	132	0.46969696969697
FBgn0030493	164	170	334	0.491017964071856
FBgn0030494	126	117	243	0.518518518518518
FBgn0030495	210	189	399	0.526315789473684
FBgn0030499	244	272	516	0.472868217054264
FBgn0030500	177	163	340	0.520588235294118
FBgn0030501	66	50	116	0.568965517241379
FBgn0030502	159	158	317	0.501577287066246
FBgn0030503	122	105	227	0.537444933920705
FBgn0030504	377	378	755	0.499337748344371
FBgn0030505	577	600	1177	0.490229396771453
FBgn0030506	281	259	540	0.52037037037037
FBgn0030507	110	99	209	0.526315789473684
FBgn0030508	364	358	722	0.50415512465374
FBgn0030509	105	101	206	0.509708737864078
FBgn0030510	194	164	358	0.541899441340782
FBgn0030511	122	109	231	0.528138528138528
FBgn0030512	392	425	817	0.479804161566707
FBgn0030514	273	277	550	0.496363636363636
FBgn0030518	133	107	240	0.554166666666667
FBgn0030519	37	29	66	0.560606060606061
FBgn0030520	150	119	269	0.557620817843866
FBgn0030521	124	141	265	0.467924528301887
FBgn0030522	97	92	189	0.513227513227513
FBgn0030524	45	50	95	0.473684210526316
FBgn0030525	96	94	190	0.505263157894737
FBgn0030528	120	90	210	0.571428571428571
FBgn0030529	107	102	209	0.511961722488038
FBgn0030530	160	132	292	0.547945205479452
FBgn0030536	120	100	220	0.545454545454545
FBgn0030537	120	174	294	0.408163265306122
FBgn0030538	95	71	166	0.572289156626506
FBgn0030539	33	38	71	0.464788732394366
FBgn0030540	124	131	255	0.486274509803922
FBgn0030541	64	50	114	0.56140350877193
FBgn0030542	71	72	143	0.496503496503497
FBgn0030543	90	73	163	0.552147239263804
FBgn0030544	45	55	100	0.45
FBgn0030545	71	70	141	0.50354609929078
FBgn0030551	90	101	191	0.471204188481675
FBgn0030552	126	134	260	0.484615384615385
FBgn0030554	124	138	262	0.473282442748092
FBgn0030555	268	263	531	0.504708097928437
FBgn0030556	85	94	179	0.474860335195531
FBgn0030558	0	0	0	NA
FBgn0030559	45	45	90	0.5
FBgn0030562	96	79	175	0.548571428571429
FBgn0030563	73	44	117	0.623931623931624
FBgn0030566	40	57	97	0.412371134020619
FBgn0030569	179	174	353	0.507082152974504
FBgn0030570	92	71	163	0.56441717791411
FBgn0030571	70	73	143	0.48951048951049
FBgn0030572	45	41	86	0.523255813953488
FBgn0030573	54	62	116	0.46551724137931
FBgn0030574	271	271	542	0.5
FBgn0030575	158	146	304	0.519736842105263
FBgn0030576	206	223	429	0.48018648018648
FBgn0030577	101	61	162	0.623456790123457
FBgn0030578	66	64	130	0.507692307692308
FBgn0030581	274	247	521	0.525911708253359
FBgn0030582	215	202	417	0.515587529976019
FBgn0030583	81	87	168	0.482142857142857
FBgn0030584	42	34	76	0.552631578947368
FBgn0030586	190	227	417	0.455635491606715
FBgn0030587	210	198	408	0.514705882352941
FBgn0030588	216	191	407	0.530712530712531
FBgn0030589	78	80	158	0.493670886075949
FBgn0030590	398	353	751	0.529960053262317
FBgn0030592	339	299	638	0.531347962382445
FBgn0030593	235	267	502	0.468127490039841
FBgn0030594	279	300	579	0.481865284974093
FBgn0030595	61	68	129	0.472868217054264
FBgn0030596	144	159	303	0.475247524752475
FBgn0030597	177	214	391	0.452685421994885
FBgn0030598	204	240	444	0.459459459459459
FBgn0030599	39	36	75	0.52
FBgn0030600	1483	1363	2846	0.521082220660576
FBgn0030603	208	179	387	0.537467700258398
FBgn0030605	72	59	131	0.549618320610687
FBgn0030607	184	190	374	0.491978609625668
FBgn0030608	323	298	621	0.520128824476651
FBgn0030610	37	20	57	0.649122807017544
FBgn0030611	26	19	45	0.577777777777778
FBgn0030612	114	118	232	0.491379310344828
FBgn0030613	858	793	1651	0.519685039370079
FBgn0030614	80	69	149	0.536912751677852
FBgn0030615	171	186	357	0.478991596638655
FBgn0030616	117	127	244	0.479508196721311
FBgn0030617	458	473	931	0.491944146079484
FBgn0030620	109	119	228	0.478070175438596
FBgn0030622	95	80	175	0.542857142857143
FBgn0030623	70	75	145	0.482758620689655
FBgn0030624	77	89	166	0.463855421686747
FBgn0030625	92	101	193	0.476683937823834
FBgn0030628	43	52	95	0.452631578947368
FBgn0030629	93	90	183	0.508196721311475
FBgn0030630	46	57	103	0.446601941747573
FBgn0030631	136	149	285	0.47719298245614
FBgn0030634	384	394	778	0.493573264781491
FBgn0030638	139	139	278	0.5
FBgn0030640	38	31	69	0.550724637681159
FBgn0030641	44	38	82	0.536585365853659
FBgn0030642	64	67	131	0.488549618320611
FBgn0030643	17	19	36	0.472222222222222
FBgn0030645	19	16	35	0.542857142857143
FBgn0030647	121	142	263	0.460076045627376
FBgn0030648	102	96	198	0.515151515151515
FBgn0030653	131	111	242	0.541322314049587
FBgn0030654	83	99	182	0.456043956043956
FBgn0030655	173	186	359	0.481894150417827
FBgn0030657	0	0	0	NA
FBgn0030658	54	44	98	0.551020408163265
FBgn0030659	33	38	71	0.464788732394366
FBgn0030660	37	45	82	0.451219512195122
FBgn0030661	109	120	229	0.475982532751092
FBgn0030662	297	337	634	0.468454258675079
FBgn0030663	85	88	173	0.491329479768786
FBgn0030664	0	0	0	NA
FBgn0030665	149	190	339	0.43952802359882
FBgn0030666	186	154	340	0.547058823529412
FBgn0030667	303	285	588	0.51530612244898
FBgn0030668	86	89	175	0.491428571428571
FBgn0030669	77	69	146	0.527397260273973
FBgn0030670	147	159	306	0.480392156862745
FBgn0030671	60	56	116	0.517241379310345
FBgn0030672	138	137	275	0.501818181818182
FBgn0030673	112	111	223	0.502242152466368
FBgn0030674	848	818	1666	0.509003601440576
FBgn0030675	4	0	4	1
FBgn0030676	38	28	66	0.575757575757576
FBgn0030678	67	52	119	0.563025210084034
FBgn0030679	47	43	90	0.522222222222222
FBgn0030680	252	284	536	0.470149253731343
FBgn0030683	177	167	344	0.51453488372093
FBgn0030684	33	30	63	0.523809523809524
FBgn0030685	296	281	577	0.512998266897747
FBgn0030686	64	65	129	0.496124031007752
FBgn0030687	301	269	570	0.528070175438596
FBgn0030688	67	52	119	0.563025210084034
FBgn0030691	186	227	413	0.450363196125908
FBgn0030692	125	108	233	0.536480686695279
FBgn0030693	63	87	150	0.42
FBgn0030694	91	108	199	0.457286432160804
FBgn0030695	193	211	404	0.477722772277228
FBgn0030696	117	97	214	0.546728971962617
FBgn0030697	84	114	198	0.424242424242424
FBgn0030699	88	88	176	0.5
FBgn0030700	52	46	98	0.530612244897959
FBgn0030701	264	260	524	0.50381679389313
FBgn0030703	113	118	231	0.489177489177489
FBgn0030704	22	22	44	0.5
FBgn0030706	626	617	1243	0.503620273531778
FBgn0030707	227	217	444	0.511261261261261
FBgn0030710	146	134	280	0.521428571428571
FBgn0030711	139	127	266	0.522556390977444
FBgn0030715	152	194	346	0.439306358381503
FBgn0030716	349	339	688	0.507267441860465
FBgn0030717	102	123	225	0.453333333333333
FBgn0030718	44	38	82	0.536585365853659
FBgn0030719	1	10	11	0.0909090909090909
FBgn0030720	157	180	337	0.465875370919881
FBgn0030721	210	185	395	0.531645569620253
FBgn0030722	45	41	86	0.523255813953488
FBgn0030723	249	249	498	0.5
FBgn0030724	87	90	177	0.491525423728814
FBgn0030725	158	171	329	0.480243161094225
FBgn0030729	101	127	228	0.442982456140351
FBgn0030731	160	150	310	0.516129032258065
FBgn0030733	0	0	0	NA
FBgn0030734	113	101	214	0.52803738317757
FBgn0030735	332	320	652	0.50920245398773
FBgn0030738	243	273	516	0.47093023255814
FBgn0030739	317	303	620	0.511290322580645
FBgn0030740	127	107	234	0.542735042735043
FBgn0030742	201	166	367	0.547683923705722
FBgn0030743	71	56	127	0.559055118110236
FBgn0030744	208	176	384	0.541666666666667
FBgn0030745	224	191	415	0.539759036144578
FBgn0030746	391	397	788	0.496192893401015
FBgn0030747	470	494	964	0.487551867219917
FBgn0030748	120	105	225	0.533333333333333
FBgn0030749	255	247	502	0.50796812749004
FBgn0030752	164	154	318	0.515723270440252
FBgn0030753	90	102	192	0.46875
FBgn0030756	152	157	309	0.491909385113269
FBgn0030757	343	337	680	0.504411764705882
FBgn0030759	76	77	153	0.496732026143791
FBgn0030761	138	171	309	0.446601941747573
FBgn0030763	92	110	202	0.455445544554455
FBgn0030764	81	42	123	0.658536585365854
FBgn0030766	274	268	542	0.505535055350554
FBgn0030768	75	84	159	0.471698113207547
FBgn0030769	153	251	404	0.378712871287129
FBgn0030770	88	89	177	0.497175141242938
FBgn0030773	104	97	201	0.517412935323383
FBgn0030774	141	108	249	0.566265060240964
FBgn0030775	113	121	234	0.482905982905983
FBgn0030776	112	86	198	0.565656565656566
FBgn0030777	80	96	176	0.454545454545455
FBgn0030778	287	283	570	0.503508771929825
FBgn0030780	211	195	406	0.519704433497537
FBgn0030786	75	74	149	0.503355704697987
FBgn0030787	86	137	223	0.385650224215247
FBgn0030788	144	120	264	0.545454545454545
FBgn0030789	84	77	161	0.521739130434783
FBgn0030790	136	139	275	0.494545454545455
FBgn0030791	106	91	197	0.538071065989848
FBgn0030792	24	15	39	0.615384615384615
FBgn0030793	79	63	142	0.556338028169014
FBgn0030794	166	170	336	0.494047619047619
FBgn0030795	0	0	0	NA
FBgn0030796	361	405	766	0.471279373368146
FBgn0030797	43	32	75	0.573333333333333
FBgn0030798	545	508	1053	0.517568850902184
FBgn0030799	67	74	141	0.475177304964539
FBgn0030800	62	60	122	0.508196721311475
FBgn0030801	44	50	94	0.468085106382979
FBgn0030802	0	0	0	NA
FBgn0030803	127	133	260	0.488461538461538
FBgn0030804	50	76	126	0.396825396825397
FBgn0030805	185	149	334	0.553892215568862
FBgn0030806	120	134	254	0.47244094488189
FBgn0030807	54	45	99	0.545454545454545
FBgn0030808	373	424	797	0.468005018820577
FBgn0030809	267	298	565	0.472566371681416
FBgn0030812	264	213	477	0.553459119496855
FBgn0030813	80	87	167	0.479041916167665
FBgn0030814	68	83	151	0.450331125827815
FBgn0030815	251	274	525	0.478095238095238
FBgn0030816	209	213	422	0.495260663507109
FBgn0030817	184	207	391	0.470588235294118
FBgn0030823	116	95	211	0.549763033175355
FBgn0030824	27	51	78	0.346153846153846
FBgn0030826	37	28	65	0.569230769230769
FBgn0030828	101	101	202	0.5
FBgn0030829	105	93	198	0.53030303030303
FBgn0030830	83	81	164	0.50609756097561
FBgn0030832	74	73	147	0.503401360544218
FBgn0030833	169	206	375	0.450666666666667
FBgn0030834	62	66	128	0.484375
FBgn0030836	89	80	169	0.526627218934911
FBgn0030837	103	107	210	0.49047619047619
FBgn0030838	121	130	251	0.48207171314741
FBgn0030839	279	258	537	0.519553072625698
FBgn0030840	165	124	289	0.570934256055363
FBgn0030841	172	190	362	0.475138121546961
FBgn0030844	190	207	397	0.478589420654912
FBgn0030846	50	58	108	0.462962962962963
FBgn0030847	247	228	475	0.52
FBgn0030850	168	193	361	0.465373961218837
FBgn0030851	52	60	112	0.464285714285714
FBgn0030853	76	76	152	0.5
FBgn0030854	76	82	158	0.481012658227848
FBgn0030855	83	64	147	0.564625850340136
FBgn0030858	233	216	449	0.518930957683742
FBgn0030859	148	131	279	0.530465949820789
FBgn0030863	178	219	397	0.448362720403023
FBgn0030864	78	83	161	0.484472049689441
FBgn0030868	71	63	134	0.529850746268657
FBgn0030869	301	301	602	0.5
FBgn0030870	148	117	265	0.558490566037736
FBgn0030871	105	92	197	0.532994923857868
FBgn0030872	183	166	349	0.524355300859599
FBgn0030873	77	46	123	0.626016260162602
FBgn0030874	33	19	52	0.634615384615385
FBgn0030876	3	5	8	0.375
FBgn0030877	110	107	217	0.506912442396313
FBgn0030878	146	126	272	0.536764705882353
FBgn0030880	32	30	62	0.516129032258065
FBgn0030881	81	106	187	0.433155080213904
FBgn0030882	0	1	1	0
FBgn0030883	69	55	124	0.556451612903226
FBgn0030884	302	321	623	0.484751203852327
FBgn0030886	107	115	222	0.481981981981982
FBgn0030887	296	338	634	0.466876971608833
FBgn0030889	324	302	626	0.517571884984026
FBgn0030890	339	356	695	0.487769784172662
FBgn0030891	59	67	126	0.468253968253968
FBgn0030892	95	113	208	0.456730769230769
FBgn0030893	263	262	525	0.500952380952381
FBgn0030894	240	255	495	0.484848484848485
FBgn0030895	140	170	310	0.451612903225806
FBgn0030897	335	335	670	0.5
FBgn0030898	46	43	89	0.51685393258427
FBgn0030899	9	16	25	0.36
FBgn0030900	41	33	74	0.554054054054054
FBgn0030904	133	128	261	0.509578544061303
FBgn0030905	96	96	192	0.5
FBgn0030911	25	23	48	0.520833333333333
FBgn0030912	97	90	187	0.518716577540107
FBgn0030913	351	321	672	0.522321428571429
FBgn0030914	249	236	485	0.51340206185567
FBgn0030915	106	84	190	0.557894736842105
FBgn0030918	68	57	125	0.544
FBgn0030921	63	57	120	0.525
FBgn0030925	182	139	321	0.566978193146417
FBgn0030926	183	201	384	0.4765625
FBgn0030927	190	193	383	0.496083550913838
FBgn0030928	70	79	149	0.469798657718121
FBgn0030929	87	98	185	0.47027027027027
FBgn0030930	269	258	527	0.510436432637571
FBgn0030931	115	121	236	0.48728813559322
FBgn0030932	251	281	532	0.471804511278196
FBgn0030933	109	121	230	0.473913043478261
FBgn0030936	75	70	145	0.517241379310345
FBgn0030937	117	95	212	0.55188679245283
FBgn0030938	110	99	209	0.526315789473684
FBgn0030940	247	255	502	0.49203187250996
FBgn0030941	135	125	260	0.519230769230769
FBgn0030943	56	67	123	0.455284552845528
FBgn0030944	67	63	130	0.515384615384615
FBgn0030945	138	171	309	0.446601941747573
FBgn0030946	142	166	308	0.461038961038961
FBgn0030947	46	53	99	0.464646464646465
FBgn0030949	173	146	319	0.542319749216301
FBgn0030951	1	1	2	0.5
FBgn0030952	111	94	205	0.541463414634146
FBgn0030954	48	36	84	0.571428571428571
FBgn0030955	11	16	27	0.407407407407407
FBgn0030956	4	18	22	0.181818181818182
FBgn0030958	14	12	26	0.538461538461538
FBgn0030959	0	0	0	NA
FBgn0030960	70	55	125	0.56
FBgn0030961	163	172	335	0.486567164179104
FBgn0030963	74	90	164	0.451219512195122
FBgn0030964	283	276	559	0.506261180679785
FBgn0030966	143	118	261	0.547892720306513
FBgn0030968	104	121	225	0.462222222222222
FBgn0030969	135	128	263	0.513307984790874
FBgn0030970	104	114	218	0.477064220183486
FBgn0030973	199	274	473	0.420718816067653
FBgn0030974	311	254	565	0.550442477876106
FBgn0030975	121	145	266	0.454887218045113
FBgn0030976	292	316	608	0.480263157894737
FBgn0030979	30	36	66	0.454545454545455
FBgn0030980	113	91	204	0.553921568627451
FBgn0030981	20	19	39	0.512820512820513
FBgn0030982	74	46	120	0.616666666666667
FBgn0030983	86	90	176	0.488636363636364
FBgn0030984	105	97	202	0.51980198019802
FBgn0030985	12	15	27	0.444444444444444
FBgn0030989	147	156	303	0.485148514851485
FBgn0030990	205	190	395	0.518987341772152
FBgn0030991	122	139	261	0.467432950191571
FBgn0030992	280	277	557	0.502692998204668
FBgn0030993	122	104	226	0.539823008849557
FBgn0030994	74	97	171	0.432748538011696
FBgn0030995	95	106	201	0.472636815920398
FBgn0030996	159	140	299	0.531772575250836
FBgn0030997	309	290	599	0.515859766277129
FBgn0030998	176	157	333	0.528528528528528
FBgn0030999	142	152	294	0.482993197278912
FBgn0031000	74	51	125	0.592
FBgn0031001	281	280	561	0.500891265597148
FBgn0031002	204	194	398	0.512562814070352
FBgn0031003	124	117	241	0.514522821576763
FBgn0031004	133	126	259	0.513513513513513
FBgn0031005	205	198	403	0.508684863523573
FBgn0031006	474	507	981	0.483180428134557
FBgn0031008	157	132	289	0.543252595155709
FBgn0031010	206	242	448	0.459821428571429
FBgn0031011	323	301	624	0.517628205128205
FBgn0031012	230	244	474	0.485232067510549
FBgn0031016	390	441	831	0.469314079422383
FBgn0031018	82	77	159	0.515723270440252
FBgn0031020	244	221	465	0.524731182795699
FBgn0031021	28	20	48	0.583333333333333
FBgn0031022	52	64	116	0.448275862068966
FBgn0031023	533	471	1004	0.530876494023904
FBgn0031026	34	43	77	0.441558441558442
FBgn0031030	419	459	878	0.477220956719818
FBgn0031031	63	71	134	0.470149253731343
FBgn0031032	328	250	578	0.567474048442907
FBgn0031033	282	226	508	0.55511811023622
FBgn0031034	207	227	434	0.476958525345622
FBgn0031036	140	125	265	0.528301886792453
FBgn0031037	121	112	233	0.51931330472103
FBgn0031038	0	0	0	NA
FBgn0031039	0	0	0	NA
FBgn0031040	30	27	57	0.526315789473684
FBgn0031041	0	0	0	NA
FBgn0031042	195	197	392	0.497448979591837
FBgn0031043	102	130	232	0.439655172413793
FBgn0031044	83	82	165	0.503030303030303
FBgn0031045	24	21	45	0.533333333333333
FBgn0031047	87	98	185	0.47027027027027
FBgn0031048	115	119	234	0.491452991452991
FBgn0031049	49	55	104	0.471153846153846
FBgn0031050	110	99	209	0.526315789473684
FBgn0031051	247	295	542	0.455719557195572
FBgn0031052	452	484	936	0.482905982905983
FBgn0031053	279	300	579	0.481865284974093
FBgn0031054	121	106	227	0.533039647577093
FBgn0031055	293	213	506	0.579051383399209
FBgn0031057	113	110	223	0.506726457399103
FBgn0031058	96	107	203	0.472906403940887
FBgn0031059	97	95	192	0.505208333333333
FBgn0031060	143	90	233	0.613733905579399
FBgn0031061	123	113	236	0.521186440677966
FBgn0031062	124	129	253	0.490118577075099
FBgn0031064	460	431	891	0.516273849607183
FBgn0031065	286	304	590	0.484745762711864
FBgn0031066	20	14	34	0.588235294117647
FBgn0031068	103	118	221	0.46606334841629
FBgn0031069	175	209	384	0.455729166666667
FBgn0031070	244	239	483	0.505175983436853
FBgn0031074	97	86	183	0.530054644808743
FBgn0031077	432	480	912	0.473684210526316
FBgn0031078	471	533	1004	0.469123505976096
FBgn0031080	18	18	36	0.5
FBgn0031081	403	389	792	0.508838383838384
FBgn0031082	53	55	108	0.490740740740741
FBgn0031085	76	78	154	0.493506493506494
FBgn0031086	79	85	164	0.481707317073171
FBgn0031088	290	281	571	0.507880910683012
FBgn0031089	174	201	375	0.464
FBgn0031090	174	164	338	0.514792899408284
FBgn0031091	106	110	216	0.490740740740741
FBgn0031092	35	43	78	0.448717948717949
FBgn0031093	13	20	33	0.393939393939394
FBgn0031094	74	64	138	0.536231884057971
FBgn0031097	138	146	284	0.485915492957746
FBgn0031098	164	160	324	0.506172839506173
FBgn0031099	143	137	280	0.510714285714286
FBgn0031100	120	162	282	0.425531914893617
FBgn0031101	128	102	230	0.556521739130435
FBgn0031103	52	48	100	0.52
FBgn0031104	47	45	92	0.510869565217391
FBgn0031106	93	81	174	0.53448275862069
FBgn0031107	1030	904	1934	0.532574974146846
FBgn0031108	85	81	166	0.512048192771084
FBgn0031109	91	76	167	0.544910179640719
FBgn0031110	78	62	140	0.557142857142857
FBgn0031111	99	105	204	0.485294117647059
FBgn0031114	78	67	145	0.537931034482759
FBgn0031115	162	137	299	0.54180602006689
FBgn0031116	373	400	773	0.482535575679172
FBgn0031117	134	111	245	0.546938775510204
FBgn0031118	609	576	1185	0.513924050632911
FBgn0031119	261	245	506	0.515810276679842
FBgn0031126	220	181	401	0.548628428927681
FBgn0031127	98	111	209	0.4688995215311
FBgn0031128	205	165	370	0.554054054054054
FBgn0031129	112	104	216	0.518518518518518
FBgn0031130	85	70	155	0.548387096774194
FBgn0031132	98	114	212	0.462264150943396
FBgn0031134	85	71	156	0.544871794871795
FBgn0031135	41	45	86	0.476744186046512
FBgn0031139	141	174	315	0.447619047619048
FBgn0031141	65	93	158	0.411392405063291
FBgn0031142	167	172	339	0.492625368731563
FBgn0031143	86	82	168	0.511904761904762
FBgn0031144	253	255	508	0.498031496062992
FBgn0031145	227	230	457	0.49671772428884
FBgn0031146	0	0	0	NA
FBgn0031148	203	221	424	0.47877358490566
FBgn0031149	159	146	305	0.521311475409836
FBgn0031150	436	452	888	0.490990990990991
FBgn0031155	123	127	250	0.492
FBgn0031157	126	130	256	0.4921875
FBgn0031159	0	0	0	NA
FBgn0031161	92	112	204	0.450980392156863
FBgn0031163	96	100	196	0.489795918367347
FBgn0031164	56	42	98	0.571428571428571
FBgn0031168	61	39	100	0.61
FBgn0031169	383	372	755	0.50728476821192
FBgn0031170	481	450	931	0.516648764769066
FBgn0031171	360	348	708	0.508474576271186
FBgn0031174	182	204	386	0.471502590673575
FBgn0031176	52	45	97	0.536082474226804
FBgn0031178	54	80	134	0.402985074626866
FBgn0031181	132	135	267	0.49438202247191
FBgn0031182	134	117	251	0.533864541832669
FBgn0031183	172	136	308	0.558441558441558
FBgn0031184	102	115	217	0.470046082949309
FBgn0031187	480	459	939	0.511182108626198
FBgn0031188	25	20	45	0.555555555555556
FBgn0031189	49	54	103	0.475728155339806
FBgn0031190	105	105	210	0.5
FBgn0031191	120	140	260	0.461538461538462
FBgn0031194	101	95	196	0.51530612244898
FBgn0031195	260	267	527	0.493358633776091
FBgn0031196	88	65	153	0.57516339869281
FBgn0031197	101	91	192	0.526041666666667
FBgn0031201	163	169	332	0.490963855421687
FBgn0031208	76	63	139	0.546762589928058
FBgn0031209	30	22	52	0.576923076923077
FBgn0031213	31	36	67	0.462686567164179
FBgn0031214	0	0	0	NA
FBgn0031216	92	81	173	0.531791907514451
FBgn0031217	0	0	0	NA
FBgn0031219	76	100	176	0.431818181818182
FBgn0031220	178	194	372	0.478494623655914
FBgn0031224	33	31	64	0.515625
FBgn0031227	16	13	29	0.551724137931034
FBgn0031228	40	30	70	0.571428571428571
FBgn0031229	30	26	56	0.535714285714286
FBgn0031231	23	35	58	0.396551724137931
FBgn0031232	0	0	0	NA
FBgn0031233	6	14	20	0.3
FBgn0031235	39	39	78	0.5
FBgn0031238	32	34	66	0.484848484848485
FBgn0031239	326	339	665	0.490225563909774
FBgn0031240	50	40	90	0.555555555555556
FBgn0031244	24	14	38	0.631578947368421
FBgn0031245	62	71	133	0.466165413533835
FBgn0031247	14	11	25	0.56
FBgn0031248	50	43	93	0.537634408602151
FBgn0031249	15	10	25	0.6
FBgn0031250	0	0	0	NA
FBgn0031251	167	152	319	0.523510971786834
FBgn0031252	102	77	179	0.569832402234637
FBgn0031253	30	30	60	0.5
FBgn0031254	32	55	87	0.367816091954023
FBgn0031255	77	63	140	0.55
FBgn0031256	36	32	68	0.529411764705882
FBgn0031257	169	133	302	0.559602649006622
FBgn0031258	190	171	361	0.526315789473684
FBgn0031260	110	129	239	0.460251046025105
FBgn0031261	0	0	0	NA
FBgn0031263	0	0	0	NA
FBgn0031264	185	144	329	0.562310030395137
FBgn0031265	99	90	189	0.523809523809524
FBgn0031266	257	266	523	0.491395793499044
FBgn0031267	56	66	122	0.459016393442623
FBgn0031268	84	111	195	0.430769230769231
FBgn0031270	138	122	260	0.530769230769231
FBgn0031273	170	201	371	0.45822102425876
FBgn0031275	668	635	1303	0.512663085188028
FBgn0031276	78	68	146	0.534246575342466
FBgn0031277	45	50	95	0.473684210526316
FBgn0031279	86	93	179	0.480446927374302
FBgn0031281	141	121	262	0.538167938931298
FBgn0031282	29	39	68	0.426470588235294
FBgn0031283	0	0	0	NA
FBgn0031284	125	155	280	0.446428571428571
FBgn0031285	156	173	329	0.474164133738602
FBgn0031286	90	104	194	0.463917525773196
FBgn0031287	80	79	159	0.50314465408805
FBgn0031288	120	129	249	0.481927710843373
FBgn0031289	69	91	160	0.43125
FBgn0031292	549	574	1123	0.48886910062333
FBgn0031294	790	855	1645	0.480243161094225
FBgn0031295	75	95	170	0.441176470588235
FBgn0031296	92	87	179	0.513966480446927
FBgn0031298	127	161	288	0.440972222222222
FBgn0031299	127	115	242	0.524793388429752
FBgn0031301	230	242	472	0.48728813559322
FBgn0031302	138	111	249	0.55421686746988
FBgn0031304	169	202	371	0.455525606469003
FBgn0031305	129	128	257	0.501945525291829
FBgn0031306	192	189	381	0.503937007874016
FBgn0031307	209	188	397	0.526448362720403
FBgn0031309	90	96	186	0.483870967741935
FBgn0031310	53	79	132	0.401515151515151
FBgn0031312	51	46	97	0.525773195876289
FBgn0031313	150	149	299	0.501672240802676
FBgn0031314	132	136	268	0.492537313432836
FBgn0031315	43	40	83	0.518072289156627
FBgn0031317	180	158	338	0.532544378698225
FBgn0031318	219	192	411	0.532846715328467
FBgn0031319	199	190	389	0.511568123393316
FBgn0031320	108	87	195	0.553846153846154
FBgn0031321	98	92	190	0.515789473684211
FBgn0031322	215	182	397	0.541561712846348
FBgn0031323	90	103	193	0.466321243523316
FBgn0031324	76	58	134	0.567164179104478
FBgn0031327	269	293	562	0.47864768683274
FBgn0031331	107	130	237	0.451476793248945
FBgn0031332	101	112	213	0.474178403755869
FBgn0031333	80	56	136	0.588235294117647
FBgn0031335	63	66	129	0.488372093023256
FBgn0031337	103	119	222	0.463963963963964
FBgn0031343	165	137	302	0.54635761589404
FBgn0031344	92	107	199	0.462311557788945
FBgn0031345	45	51	96	0.46875
FBgn0031347	213	167	380	0.560526315789474
FBgn0031351	88	91	179	0.491620111731844
FBgn0031356	144	138	282	0.51063829787234
FBgn0031357	68	76	144	0.472222222222222
FBgn0031359	244	232	476	0.512605042016807
FBgn0031360	61	49	110	0.554545454545455
FBgn0031361	85	96	181	0.469613259668508
FBgn0031364	15	22	37	0.405405405405405
FBgn0031365	18	22	40	0.45
FBgn0031367	45	33	78	0.576923076923077
FBgn0031372	116	102	218	0.532110091743119
FBgn0031373	81	92	173	0.468208092485549
FBgn0031374	1069	1055	2124	0.503295668549906
FBgn0031375	353	362	715	0.493706293706294
FBgn0031377	227	234	461	0.492407809110629
FBgn0031378	69	104	173	0.398843930635838
FBgn0031379	216	184	400	0.54
FBgn0031381	72	78	150	0.48
FBgn0031384	382	369	751	0.508655126498003
FBgn0031388	124	108	232	0.53448275862069
FBgn0031389	94	71	165	0.56969696969697
FBgn0031390	211	232	443	0.476297968397291
FBgn0031391	155	122	277	0.55956678700361
FBgn0031392	206	204	410	0.502439024390244
FBgn0031393	54	45	99	0.545454545454545
FBgn0031395	46	45	91	0.505494505494505
FBgn0031397	150	155	305	0.491803278688525
FBgn0031398	57	60	117	0.487179487179487
FBgn0031399	184	152	336	0.547619047619048
FBgn0031401	181	202	383	0.472584856396867
FBgn0031403	52	29	81	0.641975308641975
FBgn0031406	70	55	125	0.56
FBgn0031407	83	94	177	0.468926553672316
FBgn0031409	39	28	67	0.582089552238806
FBgn0031410	77	101	178	0.432584269662921
FBgn0031412	73	85	158	0.462025316455696
FBgn0031413	209	215	424	0.492924528301887
FBgn0031414	775	808	1583	0.489576753000632
FBgn0031417	93	95	188	0.49468085106383
FBgn0031418	137	135	272	0.503676470588235
FBgn0031419	12	10	22	0.545454545454545
FBgn0031420	278	232	510	0.545098039215686
FBgn0031422	111	121	232	0.478448275862069
FBgn0031423	63	60	123	0.51219512195122
FBgn0031424	615	591	1206	0.509950248756219
FBgn0031426	107	121	228	0.469298245614035
FBgn0031428	301	252	553	0.544303797468354
FBgn0031430	10	4	14	0.714285714285714
FBgn0031431	119	117	236	0.504237288135593
FBgn0031432	194	209	403	0.481389578163772
FBgn0031434	69	62	131	0.526717557251908
FBgn0031435	118	101	219	0.538812785388128
FBgn0031436	18	15	33	0.545454545454545
FBgn0031437	36	28	64	0.5625
FBgn0031440	124	148	272	0.455882352941176
FBgn0031441	81	52	133	0.609022556390977
FBgn0031442	46	34	80	0.575
FBgn0031443	134	140	274	0.489051094890511
FBgn0031444	96	102	198	0.484848484848485
FBgn0031446	104	97	201	0.517412935323383
FBgn0031449	266	319	585	0.454700854700855
FBgn0031450	202	160	362	0.558011049723757
FBgn0031451	63	59	122	0.516393442622951
FBgn0031452	19	32	51	0.372549019607843
FBgn0031453	110	97	207	0.531400966183575
FBgn0031454	0	0	0	NA
FBgn0031455	0	0	0	NA
FBgn0031456	251	222	473	0.530655391120507
FBgn0031457	92	87	179	0.513966480446927
FBgn0031458	11	19	30	0.366666666666667
FBgn0031459	12	17	29	0.413793103448276
FBgn0031460	14	11	25	0.56
FBgn0031461	162	179	341	0.475073313782991
FBgn0031462	10	23	33	0.303030303030303
FBgn0031463	117	119	236	0.495762711864407
FBgn0031465	164	151	315	0.520634920634921
FBgn0031466	28	26	54	0.518518518518518
FBgn0031467	35	39	74	0.472972972972973
FBgn0031468	55	42	97	0.56701030927835
FBgn0031469	133	143	276	0.481884057971014
FBgn0031470	68	71	139	0.489208633093525
FBgn0031471	103	127	230	0.447826086956522
FBgn0031472	93	79	172	0.540697674418605
FBgn0031473	141	166	307	0.45928338762215
FBgn0031474	174	136	310	0.561290322580645
FBgn0031476	65	53	118	0.550847457627119
FBgn0031478	112	119	231	0.484848484848485
FBgn0031479	64	64	128	0.5
FBgn0031483	106	99	205	0.517073170731707
FBgn0031484	41	47	88	0.465909090909091
FBgn0031485	41	41	82	0.5
FBgn0031488	220	207	427	0.515222482435597
FBgn0031489	16	12	28	0.571428571428571
FBgn0031490	0	0	0	NA
FBgn0031491	33	32	65	0.507692307692308
FBgn0031492	50	48	98	0.510204081632653
FBgn0031493	129	109	238	0.542016806722689
FBgn0031494	44	34	78	0.564102564102564
FBgn0031495	16	14	30	0.533333333333333
FBgn0031496	104	103	207	0.502415458937198
FBgn0031497	49	58	107	0.457943925233645
FBgn0031498	22	28	50	0.44
FBgn0031500	142	103	245	0.579591836734694
FBgn0031501	41	42	83	0.493975903614458
FBgn0031504	45	41	86	0.523255813953488
FBgn0031505	80	79	159	0.50314465408805
FBgn0031512	56	44	100	0.56
FBgn0031513	190	187	377	0.503978779840849
FBgn0031514	217	236	453	0.479028697571744
FBgn0031515	225	206	431	0.522041763341067
FBgn0031516	40	28	68	0.588235294117647
FBgn0031517	69	63	132	0.522727272727273
FBgn0031518	198	186	384	0.515625
FBgn0031519	107	120	227	0.47136563876652
FBgn0031520	91	106	197	0.461928934010152
FBgn0031522	31	26	57	0.543859649122807
FBgn0031523	65	61	126	0.515873015873016
FBgn0031526	4	0	4	1
FBgn0031528	153	165	318	0.481132075471698
FBgn0031529	71	99	170	0.417647058823529
FBgn0031530	230	239	469	0.490405117270789
FBgn0031531	88	67	155	0.567741935483871
FBgn0031533	136	120	256	0.53125
FBgn0031534	112	138	250	0.448
FBgn0031535	75	103	178	0.421348314606742
FBgn0031536	34	33	67	0.507462686567164
FBgn0031538	41	49	90	0.455555555555556
FBgn0031540	107	118	225	0.475555555555556
FBgn0031542	99	103	202	0.49009900990099
FBgn0031544	95	96	191	0.49738219895288
FBgn0031545	149	144	293	0.508532423208191
FBgn0031546	192	172	364	0.527472527472527
FBgn0031547	125	110	235	0.531914893617021
FBgn0031548	222	180	402	0.552238805970149
FBgn0031549	226	209	435	0.519540229885057
FBgn0031550	166	147	313	0.530351437699681
FBgn0031554	2	8	10	0.2
FBgn0031558	28	40	68	0.411764705882353
FBgn0031559	24	29	53	0.452830188679245
FBgn0031560	29	33	62	0.467741935483871
FBgn0031561	55	62	117	0.47008547008547
FBgn0031562	75	58	133	0.56390977443609
FBgn0031563	41	29	70	0.585714285714286
FBgn0031564	40	39	79	0.506329113924051
FBgn0031566	165	173	338	0.488165680473373
FBgn0031568	325	310	635	0.511811023622047
FBgn0031571	790	828	1618	0.488257107540173
FBgn0031573	242	237	479	0.505219206680585
FBgn0031574	208	223	431	0.482598607888631
FBgn0031575	254	244	498	0.51004016064257
FBgn0031579	76	59	135	0.562962962962963
FBgn0031580	74	52	126	0.587301587301587
FBgn0031585	197	180	377	0.522546419098143
FBgn0031589	416	412	828	0.502415458937198
FBgn0031590	158	169	327	0.483180428134557
FBgn0031592	196	192	388	0.505154639175258
FBgn0031596	109	108	217	0.502304147465438
FBgn0031597	83	84	167	0.497005988023952
FBgn0031598	245	249	494	0.495951417004049
FBgn0031600	48	45	93	0.516129032258065
FBgn0031601	51	49	100	0.51
FBgn0031602	453	395	848	0.534198113207547
FBgn0031603	51	41	92	0.554347826086957
FBgn0031604	102	112	214	0.476635514018692
FBgn0031606	274	236	510	0.537254901960784
FBgn0031607	85	105	190	0.447368421052632
FBgn0031608	135	120	255	0.529411764705882
FBgn0031609	132	141	273	0.483516483516484
FBgn0031610	53	80	133	0.398496240601504
FBgn0031611	94	92	186	0.505376344086022
FBgn0031613	57	41	98	0.581632653061224
FBgn0031617	210	169	379	0.554089709762533
FBgn0031619	109	110	219	0.497716894977169
FBgn0031620	221	247	468	0.472222222222222
FBgn0031621	102	105	207	0.492753623188406
FBgn0031622	94	92	186	0.505376344086022
FBgn0031623	90	84	174	0.517241379310345
FBgn0031626	149	184	333	0.447447447447447
FBgn0031627	256	283	539	0.474953617810761
FBgn0031628	160	152	312	0.512820512820513
FBgn0031629	129	146	275	0.469090909090909
FBgn0031630	138	145	283	0.487632508833922
FBgn0031631	162	132	294	0.551020408163265
FBgn0031632	204	186	390	0.523076923076923
FBgn0031633	91	98	189	0.481481481481481
FBgn0031634	309	300	609	0.507389162561576
FBgn0031635	128	157	285	0.449122807017544
FBgn0031636	111	108	219	0.506849315068493
FBgn0031637	351	340	691	0.507959479015919
FBgn0031638	80	90	170	0.470588235294118
FBgn0031639	41	45	86	0.476744186046512
FBgn0031640	147	157	304	0.483552631578947
FBgn0031643	205	225	430	0.476744186046512
FBgn0031644	135	153	288	0.46875
FBgn0031645	305	294	599	0.509181969949916
FBgn0031646	143	136	279	0.512544802867383
FBgn0031649	345	324	669	0.515695067264574
FBgn0031650	56	57	113	0.495575221238938
FBgn0031651	33	45	78	0.423076923076923
FBgn0031652	28	38	66	0.424242424242424
FBgn0031653	56	44	100	0.56
FBgn0031654	75	78	153	0.490196078431373
FBgn0031655	123	150	273	0.450549450549451
FBgn0031657	25	33	58	0.431034482758621
FBgn0031659	170	144	314	0.54140127388535
FBgn0031660	83	72	155	0.535483870967742
FBgn0031661	28	25	53	0.528301886792453
FBgn0031662	17	27	44	0.386363636363636
FBgn0031663	44	58	102	0.431372549019608
FBgn0031664	72	71	143	0.503496503496504
FBgn0031668	0	0	0	NA
FBgn0031670	101	98	199	0.507537688442211
FBgn0031673	67	43	110	0.609090909090909
FBgn0031675	77	86	163	0.47239263803681
FBgn0031676	57	66	123	0.463414634146341
FBgn0031677	0	0	0	NA
FBgn0031678	120	115	235	0.51063829787234
FBgn0031681	364	370	734	0.49591280653951
FBgn0031682	156	180	336	0.464285714285714
FBgn0031683	176	193	369	0.476964769647696
FBgn0031684	64	53	117	0.547008547008547
FBgn0031688	221	191	412	0.536407766990291
FBgn0031689	178	159	337	0.528189910979229
FBgn0031690	205	226	431	0.475638051044084
FBgn0031692	93	110	203	0.458128078817734
FBgn0031693	158	165	323	0.489164086687306
FBgn0031694	178	193	371	0.479784366576819
FBgn0031695	129	113	242	0.533057851239669
FBgn0031696	233	230	463	0.503239740820734
FBgn0031697	155	161	316	0.490506329113924
FBgn0031698	294	293	587	0.500851788756388
FBgn0031700	65	46	111	0.585585585585586
FBgn0031701	70	58	128	0.546875
FBgn0031702	233	238	471	0.494692144373673
FBgn0031703	265	230	495	0.535353535353535
FBgn0031707	73	62	135	0.540740740740741
FBgn0031708	45	49	94	0.478723404255319
FBgn0031710	163	188	351	0.464387464387464
FBgn0031711	90	72	162	0.555555555555556
FBgn0031713	143	127	270	0.52962962962963
FBgn0031715	59	52	111	0.531531531531532
FBgn0031716	140	163	303	0.462046204620462
FBgn0031717	169	148	317	0.533123028391167
FBgn0031718	67	90	157	0.426751592356688
FBgn0031719	54	80	134	0.402985074626866
FBgn0031720	67	53	120	0.558333333333333
FBgn0031721	59	60	119	0.495798319327731
FBgn0031722	88	94	182	0.483516483516484
FBgn0031723	99	98	197	0.50253807106599
FBgn0031724	129	127	256	0.50390625
FBgn0031725	296	314	610	0.485245901639344
FBgn0031726	222	254	476	0.466386554621849
FBgn0031728	166	159	325	0.510769230769231
FBgn0031729	69	79	148	0.466216216216216
FBgn0031730	210	228	438	0.479452054794521
FBgn0031731	9	7	16	0.5625
FBgn0031732	201	248	449	0.447661469933185
FBgn0031733	142	135	277	0.512635379061372
FBgn0031734	305	311	616	0.49512987012987
FBgn0031735	134	115	249	0.538152610441767
FBgn0031736	336	332	668	0.502994011976048
FBgn0031737	172	173	345	0.498550724637681
FBgn0031738	412	433	845	0.487573964497041
FBgn0031739	139	123	262	0.530534351145038
FBgn0031740	168	162	330	0.509090909090909
FBgn0031741	266	236	502	0.529880478087649
FBgn0031745	196	198	394	0.49746192893401
FBgn0031746	35	34	69	0.507246376811594
FBgn0031747	165	161	326	0.506134969325153
FBgn0031749	80	80	160	0.5
FBgn0031751	96	68	164	0.585365853658537
FBgn0031752	326	354	680	0.479411764705882
FBgn0031753	100	89	189	0.529100529100529
FBgn0031756	275	252	527	0.521821631878558
FBgn0031757	116	110	226	0.513274336283186
FBgn0031758	0	0	0	NA
FBgn0031759	320	397	717	0.446304044630404
FBgn0031760	220	220	440	0.5
FBgn0031762	365	400	765	0.477124183006536
FBgn0031763	76	92	168	0.452380952380952
FBgn0031764	163	149	312	0.522435897435897
FBgn0031765	297	269	566	0.524734982332155
FBgn0031766	76	48	124	0.612903225806452
FBgn0031768	112	100	212	0.528301886792453
FBgn0031769	164	222	386	0.424870466321244
FBgn0031770	231	233	464	0.497844827586207
FBgn0031771	107	105	212	0.504716981132076
FBgn0031772	54	48	102	0.529411764705882
FBgn0031773	90	103	193	0.466321243523316
FBgn0031774	120	112	232	0.517241379310345
FBgn0031775	73	95	168	0.43452380952381
FBgn0031776	45	33	78	0.576923076923077
FBgn0031777	55	48	103	0.533980582524272
FBgn0031778	70	69	139	0.503597122302158
FBgn0031779	182	176	358	0.508379888268156
FBgn0031782	125	141	266	0.469924812030075
FBgn0031784	112	113	225	0.497777777777778
FBgn0031785	371	360	731	0.507523939808482
FBgn0031786	83	94	177	0.468926553672316
FBgn0031791	79	98	177	0.446327683615819
FBgn0031792	100	93	193	0.518134715025907
FBgn0031799	323	355	678	0.476401179941003
FBgn0031800	181	213	394	0.459390862944162
FBgn0031801	85	77	162	0.524691358024691
FBgn0031802	206	203	409	0.503667481662592
FBgn0031803	179	206	385	0.464935064935065
FBgn0031804	113	130	243	0.465020576131687
FBgn0031805	149	149	298	0.5
FBgn0031808	126	126	252	0.5
FBgn0031811	282	304	586	0.48122866894198
FBgn0031813	327	298	625	0.5232
FBgn0031814	315	335	650	0.484615384615385
FBgn0031815	182	211	393	0.463104325699746
FBgn0031816	196	223	419	0.467780429594272
FBgn0031817	91	82	173	0.526011560693642
FBgn0031818	185	242	427	0.433255269320843
FBgn0031820	366	348	714	0.512605042016807
FBgn0031821	114	86	200	0.57
FBgn0031822	57	58	115	0.495652173913044
FBgn0031824	159	137	296	0.537162162162162
FBgn0031826	123	131	254	0.484251968503937
FBgn0031829	131	141	272	0.481617647058824
FBgn0031830	56	62	118	0.474576271186441
FBgn0031831	0	0	0	NA
FBgn0031832	139	132	271	0.512915129151292
FBgn0031834	107	138	245	0.436734693877551
FBgn0031835	798	830	1628	0.49017199017199
FBgn0031836	234	234	468	0.5
FBgn0031837	143	143	286	0.5
FBgn0031844	37	29	66	0.560606060606061
FBgn0031848	51	61	112	0.455357142857143
FBgn0031849	108	120	228	0.473684210526316
FBgn0031850	397	414	811	0.489519112207152
FBgn0031851	0	1	1	0
FBgn0031853	252	215	467	0.539614561027837
FBgn0031854	293	297	590	0.496610169491525
FBgn0031855	147	140	287	0.51219512195122
FBgn0031856	142	166	308	0.461038961038961
FBgn0031857	1004	985	1989	0.504776269482152
FBgn0031858	364	407	771	0.472114137483787
FBgn0031859	117	116	233	0.502145922746781
FBgn0031860	115	124	239	0.481171548117155
FBgn0031861	110	90	200	0.55
FBgn0031865	226	249	475	0.475789473684211
FBgn0031866	462	440	902	0.51219512195122
FBgn0031868	187	161	348	0.53735632183908
FBgn0031869	416	448	864	0.481481481481481
FBgn0031871	139	174	313	0.44408945686901
FBgn0031872	159	172	331	0.48036253776435
FBgn0031873	2	16	18	0.111111111111111
FBgn0031874	207	192	399	0.518796992481203
FBgn0031875	159	126	285	0.557894736842105
FBgn0031876	55	61	116	0.474137931034483
FBgn0031877	49	41	90	0.544444444444444
FBgn0031878	147	183	330	0.445454545454545
FBgn0031879	1076	1032	2108	0.510436432637571
FBgn0031881	65	77	142	0.457746478873239
FBgn0031882	191	148	339	0.563421828908555
FBgn0031883	166	172	338	0.49112426035503
FBgn0031885	264	272	536	0.492537313432836
FBgn0031886	106	129	235	0.451063829787234
FBgn0031887	91	110	201	0.45273631840796
FBgn0031888	243	241	484	0.502066115702479
FBgn0031893	196	231	427	0.459016393442623
FBgn0031894	221	226	447	0.494407158836689
FBgn0031895	236	206	442	0.53393665158371
FBgn0031896	171	195	366	0.467213114754098
FBgn0031897	537	511	1048	0.512404580152672
FBgn0031900	206	187	393	0.524173027989822
FBgn0031902	174	185	359	0.484679665738162
FBgn0031903	228	219	447	0.51006711409396
FBgn0031904	214	215	429	0.498834498834499
FBgn0031905	234	199	433	0.540415704387991
FBgn0031906	184	206	390	0.471794871794872
FBgn0031907	187	204	391	0.478260869565217
FBgn0031908	82	71	153	0.535947712418301
FBgn0031909	119	106	225	0.528888888888889
FBgn0031910	97	111	208	0.466346153846154
FBgn0031913	176	164	340	0.517647058823529
FBgn0031914	306	261	567	0.53968253968254
FBgn0031918	103	100	203	0.507389162561576
FBgn0031920	135	148	283	0.477031802120141
FBgn0031925	224	252	476	0.470588235294118
FBgn0031926	239	286	525	0.455238095238095
FBgn0031929	103	116	219	0.470319634703196
FBgn0031930	143	152	295	0.484745762711864
FBgn0031935	225	197	422	0.533175355450237
FBgn0031936	261	256	517	0.504835589941973
FBgn0031937	213	234	447	0.476510067114094
FBgn0031939	241	204	445	0.541573033707865
FBgn0031940	87	77	164	0.530487804878049
FBgn0031941	76	84	160	0.475
FBgn0031942	98	85	183	0.53551912568306
FBgn0031945	259	228	487	0.531827515400411
FBgn0031946	79	90	169	0.467455621301775
FBgn0031947	285	261	546	0.521978021978022
FBgn0031948	255	239	494	0.516194331983806
FBgn0031950	162	152	314	0.515923566878981
FBgn0031951	78	91	169	0.461538461538462
FBgn0031952	410	391	801	0.511860174781523
FBgn0031954	64	66	130	0.492307692307692
FBgn0031955	420	449	869	0.48331415420023
FBgn0031957	33	41	74	0.445945945945946
FBgn0031959	204	175	379	0.538258575197889
FBgn0031961	227	202	429	0.529137529137529
FBgn0031968	121	122	243	0.497942386831276
FBgn0031969	266	220	486	0.547325102880658
FBgn0031970	141	150	291	0.484536082474227
FBgn0031971	67	75	142	0.471830985915493
FBgn0031972	147	136	283	0.519434628975265
FBgn0031973	137	122	259	0.528957528957529
FBgn0031974	72	60	132	0.545454545454545
FBgn0031975	304	248	552	0.550724637681159
FBgn0031976	145	129	274	0.529197080291971
FBgn0031977	36	27	63	0.571428571428571
FBgn0031979	63	53	116	0.543103448275862
FBgn0031980	30	54	84	0.357142857142857
FBgn0031981	810	834	1644	0.492700729927007
FBgn0031985	454	489	943	0.481442205726405
FBgn0031986	126	126	252	0.5
FBgn0031987	46	47	93	0.494623655913978
FBgn0031988	222	225	447	0.496644295302013
FBgn0031990	572	596	1168	0.48972602739726
FBgn0031992	42	45	87	0.482758620689655
FBgn0031995	242	216	458	0.528384279475983
FBgn0031996	140	155	295	0.474576271186441
FBgn0031997	89	99	188	0.473404255319149
FBgn0031998	105	86	191	0.549738219895288
FBgn0031999	205	187	392	0.522959183673469
FBgn0032000	16	29	45	0.355555555555556
FBgn0032001	85	78	163	0.521472392638037
FBgn0032002	71	87	158	0.449367088607595
FBgn0032003	28	44	72	0.388888888888889
FBgn0032004	62	62	124	0.5
FBgn0032005	157	195	352	0.446022727272727
FBgn0032006	792	774	1566	0.505747126436782
FBgn0032008	46	58	104	0.442307692307692
FBgn0032010	661	616	1277	0.517619420516836
FBgn0032013	163	134	297	0.548821548821549
FBgn0032014	72	83	155	0.464516129032258
FBgn0032015	91	73	164	0.554878048780488
FBgn0032016	139	118	257	0.540856031128405
FBgn0032017	123	102	225	0.546666666666667
FBgn0032018	376	354	730	0.515068493150685
FBgn0032020	52	50	102	0.509803921568627
FBgn0032021	103	101	204	0.504901960784314
FBgn0032022	181	179	360	0.502777777777778
FBgn0032023	136	157	293	0.464163822525597
FBgn0032024	4	12	16	0.25
FBgn0032025	193	176	369	0.523035230352303
FBgn0032026	400	454	854	0.468384074941452
FBgn0032029	186	152	338	0.550295857988166
FBgn0032030	43	47	90	0.477777777777778
FBgn0032031	80	63	143	0.559440559440559
FBgn0032032	64	67	131	0.488549618320611
FBgn0032033	26	18	44	0.590909090909091
FBgn0032034	40	39	79	0.506329113924051
FBgn0032036	215	248	463	0.464362850971922
FBgn0032039	117	120	237	0.493670886075949
FBgn0032040	96	99	195	0.492307692307692
FBgn0032042	201	205	406	0.495073891625616
FBgn0032047	103	113	216	0.476851851851852
FBgn0032048	188	182	370	0.508108108108108
FBgn0032049	147	160	307	0.478827361563518
FBgn0032050	174	190	364	0.478021978021978
FBgn0032051	156	124	280	0.557142857142857
FBgn0032052	95	97	192	0.494791666666667
FBgn0032053	34	28	62	0.548387096774194
FBgn0032054	41	48	89	0.460674157303371
FBgn0032055	203	188	391	0.519181585677749
FBgn0032057	80	75	155	0.516129032258065
FBgn0032058	103	123	226	0.455752212389381
FBgn0032059	16	22	38	0.421052631578947
FBgn0032061	179	175	354	0.505649717514124
FBgn0032065	78	85	163	0.478527607361963
FBgn0032066	298	305	603	0.494195688225539
FBgn0032067	305	308	613	0.497553017944535
FBgn0032068	271	246	517	0.524177949709865
FBgn0032069	347	284	631	0.549920760697306
FBgn0032072	12	10	22	0.545454545454545
FBgn0032074	89	91	180	0.494444444444444
FBgn0032075	50	48	98	0.510204081632653
FBgn0032076	103	106	209	0.492822966507177
FBgn0032077	82	86	168	0.488095238095238
FBgn0032078	194	211	405	0.479012345679012
FBgn0032079	162	190	352	0.460227272727273
FBgn0032080	313	309	622	0.503215434083601
FBgn0032082	171	157	328	0.521341463414634
FBgn0032083	243	311	554	0.438628158844765
FBgn0032084	226	252	478	0.472803347280335
FBgn0032085	162	171	333	0.486486486486487
FBgn0032086	0	0	0	NA
FBgn0032087	83	78	161	0.515527950310559
FBgn0032088	53	62	115	0.460869565217391
FBgn0032089	0	0	0	NA
FBgn0032090	56	52	108	0.518518518518518
FBgn0032094	98	92	190	0.515789473684211
FBgn0032095	310	317	627	0.494417862838915
FBgn0032096	158	137	295	0.535593220338983
FBgn0032100	82	118	200	0.41
FBgn0032101	88	84	172	0.511627906976744
FBgn0032104	70	70	140	0.5
FBgn0032105	98	104	202	0.485148514851485
FBgn0032109	240	219	459	0.522875816993464
FBgn0032110	179	186	365	0.49041095890411
FBgn0032111	19	24	43	0.441860465116279
FBgn0032115	101	91	192	0.526041666666667
FBgn0032116	290	270	560	0.517857142857143
FBgn0032117	129	154	283	0.45583038869258
FBgn0032119	110	116	226	0.486725663716814
FBgn0032120	743	742	1485	0.5003367003367
FBgn0032122	207	195	402	0.514925373134328
FBgn0032123	769	789	1558	0.493581514762516
FBgn0032124	239	322	561	0.42602495543672
FBgn0032125	164	190	354	0.463276836158192
FBgn0032126	141	149	290	0.486206896551724
FBgn0032127	221	219	440	0.502272727272727
FBgn0032129	1127	1149	2276	0.495166959578207
FBgn0032130	364	370	734	0.49591280653951
FBgn0032131	277	235	512	0.541015625
FBgn0032132	145	172	317	0.457413249211356
FBgn0032135	224	226	450	0.497777777777778
FBgn0032136	1043	1064	2107	0.495016611295681
FBgn0032138	194	172	366	0.530054644808743
FBgn0032139	95	110	205	0.463414634146341
FBgn0032140	103	92	195	0.528205128205128
FBgn0032143	113	144	257	0.439688715953307
FBgn0032144	121	110	231	0.523809523809524
FBgn0032147	61	63	124	0.491935483870968
FBgn0032149	26	28	54	0.481481481481481
FBgn0032150	58	71	129	0.449612403100775
FBgn0032151	516	513	1029	0.501457725947522
FBgn0032153	11	13	24	0.458333333333333
FBgn0032154	124	129	253	0.490118577075099
FBgn0032156	256	267	523	0.489483747609943
FBgn0032157	319	292	611	0.522094926350245
FBgn0032160	113	103	216	0.523148148148148
FBgn0032161	115	124	239	0.481171548117155
FBgn0032162	81	85	166	0.487951807228916
FBgn0032163	176	133	309	0.56957928802589
FBgn0032166	70	103	173	0.404624277456647
FBgn0032167	57	81	138	0.41304347826087
FBgn0032168	90	69	159	0.566037735849057
FBgn0032169	43	34	77	0.558441558441558
FBgn0032170	80	92	172	0.465116279069767
FBgn0032171	52	40	92	0.565217391304348
FBgn0032172	169	161	330	0.512121212121212
FBgn0032175	295	326	621	0.475040257648953
FBgn0032176	282	251	533	0.529080675422139
FBgn0032178	161	152	313	0.514376996805112
FBgn0032181	122	91	213	0.572769953051643
FBgn0032184	67	61	128	0.5234375
FBgn0032187	622	576	1198	0.519198664440735
FBgn0032188	112	80	192	0.583333333333333
FBgn0032189	145	159	304	0.476973684210526
FBgn0032191	133	113	246	0.540650406504065
FBgn0032192	135	133	268	0.503731343283582
FBgn0032193	84	104	188	0.446808510638298
FBgn0032194	180	145	325	0.553846153846154
FBgn0032195	166	157	323	0.513931888544892
FBgn0032196	122	107	229	0.532751091703057
FBgn0032197	174	173	347	0.501440922190202
FBgn0032198	90	83	173	0.520231213872832
FBgn0032200	70	50	120	0.583333333333333
FBgn0032202	76	110	186	0.408602150537634
FBgn0032204	187	204	391	0.478260869565217
FBgn0032205	63	87	150	0.42
FBgn0032208	566	585	1151	0.491746307558645
FBgn0032209	134	105	239	0.560669456066946
FBgn0032210	206	207	413	0.498789346246973
FBgn0032211	173	181	354	0.488700564971751
FBgn0032213	128	127	255	0.501960784313725
FBgn0032214	66	71	137	0.481751824817518
FBgn0032216	187	171	358	0.522346368715084
FBgn0032217	220	204	424	0.518867924528302
FBgn0032218	261	240	501	0.520958083832335
FBgn0032219	138	150	288	0.479166666666667
FBgn0032221	171	151	322	0.531055900621118
FBgn0032222	106	90	196	0.540816326530612
FBgn0032223	194	138	332	0.58433734939759
FBgn0032224	157	180	337	0.465875370919881
FBgn0032225	224	218	442	0.506787330316742
FBgn0032228	154	158	312	0.493589743589744
FBgn0032229	70	69	139	0.503597122302158
FBgn0032230	110	98	208	0.528846153846154
FBgn0032231	72	67	139	0.517985611510791
FBgn0032233	181	221	402	0.450248756218905
FBgn0032234	134	160	294	0.45578231292517
FBgn0032235	114	114	228	0.5
FBgn0032236	86	76	162	0.530864197530864
FBgn0032240	0	0	0	NA
FBgn0032242	225	218	443	0.507900677200903
FBgn0032243	376	370	746	0.50402144772118
FBgn0032244	128	117	245	0.522448979591837
FBgn0032246	191	158	349	0.547277936962751
FBgn0032247	82	66	148	0.554054054054054
FBgn0032248	12	6	18	0.666666666666667
FBgn0032249	231	188	419	0.551312649164678
FBgn0032250	68	73	141	0.482269503546099
FBgn0032251	121	115	236	0.51271186440678
FBgn0032252	360	368	728	0.494505494505495
FBgn0032253	371	370	741	0.500674763832659
FBgn0032256	234	255	489	0.478527607361963
FBgn0032258	174	200	374	0.46524064171123
FBgn0032259	104	99	203	0.512315270935961
FBgn0032260	43	57	100	0.43
FBgn0032261	47	48	95	0.494736842105263
FBgn0032262	186	148	334	0.55688622754491
FBgn0032264	208	212	420	0.495238095238095
FBgn0032265	146	173	319	0.457680250783699
FBgn0032266	234	269	503	0.465208747514911
FBgn0032268	45	45	90	0.5
FBgn0032269	215	210	425	0.505882352941176
FBgn0032271	247	234	481	0.513513513513513
FBgn0032276	154	144	298	0.516778523489933
FBgn0032280	84	79	163	0.515337423312883
FBgn0032281	73	42	115	0.634782608695652
FBgn0032282	95	117	212	0.44811320754717
FBgn0032283	78	92	170	0.458823529411765
FBgn0032284	70	79	149	0.469798657718121
FBgn0032285	58	36	94	0.617021276595745
FBgn0032286	3	1	4	0.75
FBgn0032287	143	134	277	0.516245487364621
FBgn0032289	235	274	509	0.461689587426326
FBgn0032290	62	49	111	0.558558558558559
FBgn0032291	46	50	96	0.479166666666667
FBgn0032292	49	57	106	0.462264150943396
FBgn0032293	36	44	80	0.45
FBgn0032294	1	0	1	1
FBgn0032295	71	89	160	0.44375
FBgn0032296	153	160	313	0.488817891373802
FBgn0032297	259	260	519	0.499036608863198
FBgn0032298	90	71	161	0.559006211180124
FBgn0032299	57	45	102	0.558823529411765
FBgn0032303	104	102	206	0.504854368932039
FBgn0032304	134	140	274	0.489051094890511
FBgn0032305	392	352	744	0.526881720430108
FBgn0032311	47	56	103	0.456310679611651
FBgn0032312	64	82	146	0.438356164383562
FBgn0032313	136	160	296	0.459459459459459
FBgn0032314	221	204	425	0.52
FBgn0032315	38	35	73	0.520547945205479
FBgn0032318	117	109	226	0.517699115044248
FBgn0032321	120	121	241	0.49792531120332
FBgn0032322	66	71	137	0.481751824817518
FBgn0032329	2	3	5	0.4
FBgn0032330	399	413	812	0.491379310344828
FBgn0032331	176	181	357	0.492997198879552
FBgn0032335	4	4	8	0.5
FBgn0032336	103	93	196	0.525510204081633
FBgn0032337	133	103	236	0.563559322033898
FBgn0032338	288	251	539	0.534322820037106
FBgn0032339	288	260	548	0.525547445255474
FBgn0032341	290	295	585	0.495726495726496
FBgn0032343	120	131	251	0.47808764940239
FBgn0032345	66	91	157	0.420382165605096
FBgn0032346	65	82	147	0.442176870748299
FBgn0032348	391	424	815	0.479754601226994
FBgn0032350	157	183	340	0.461764705882353
FBgn0032354	120	126	246	0.48780487804878
FBgn0032358	25	31	56	0.446428571428571
FBgn0032360	86	103	189	0.455026455026455
FBgn0032361	222	208	430	0.516279069767442
FBgn0032362	181	159	340	0.532352941176471
FBgn0032363	484	487	971	0.498455200823893
FBgn0032364	167	196	363	0.460055096418733
FBgn0032365	24	24	48	0.5
FBgn0032366	0	0	0	NA
FBgn0032368	108	97	205	0.526829268292683
FBgn0032369	287	260	547	0.524680073126143
FBgn0032370	53	57	110	0.481818181818182
FBgn0032371	170	191	361	0.470914127423823
FBgn0032372	120	116	236	0.508474576271186
FBgn0032373	169	157	326	0.51840490797546
FBgn0032374	46	41	87	0.528735632183908
FBgn0032375	35	33	68	0.514705882352941
FBgn0032376	21	17	38	0.552631578947368
FBgn0032377	128	134	262	0.488549618320611
FBgn0032378	193	165	358	0.539106145251397
FBgn0032381	190	138	328	0.579268292682927
FBgn0032382	246	245	491	0.5010183299389
FBgn0032385	66	57	123	0.536585365853659
FBgn0032387	237	232	469	0.505330490405117
FBgn0032388	111	124	235	0.472340425531915
FBgn0032390	3	5	8	0.375
FBgn0032391	0	3	3	0
FBgn0032393	58	39	97	0.597938144329897
FBgn0032394	0	1	1	0
FBgn0032395	305	309	614	0.496742671009772
FBgn0032397	105	92	197	0.532994923857868
FBgn0032398	96	84	180	0.533333333333333
FBgn0032399	349	283	632	0.552215189873418
FBgn0032400	10	23	33	0.303030303030303
FBgn0032401	124	103	227	0.54625550660793
FBgn0032402	134	125	259	0.517374517374517
FBgn0032404	2	2	4	0.5
FBgn0032405	215	205	420	0.511904761904762
FBgn0032406	112	124	236	0.474576271186441
FBgn0032407	118	120	238	0.495798319327731
FBgn0032408	69	75	144	0.479166666666667
FBgn0032409	228	228	456	0.5
FBgn0032414	360	397	757	0.47556142668428
FBgn0032415	149	143	292	0.51027397260274
FBgn0032416	153	160	313	0.488817891373802
FBgn0032419	36	36	72	0.5
FBgn0032420	105	136	241	0.435684647302905
FBgn0032421	59	82	141	0.418439716312057
FBgn0032422	146	127	273	0.534798534798535
FBgn0032424	149	136	285	0.52280701754386
FBgn0032428	135	124	259	0.521235521235521
FBgn0032429	128	100	228	0.56140350877193
FBgn0032430	192	140	332	0.578313253012048
FBgn0032431	83	69	152	0.546052631578947
FBgn0032433	271	260	531	0.510357815442561
FBgn0032434	167	200	367	0.455040871934605
FBgn0032435	267	290	557	0.47935368043088
FBgn0032436	107	109	216	0.49537037037037
FBgn0032437	134	117	251	0.533864541832669
FBgn0032439	192	191	383	0.501305483028721
FBgn0032442	223	237	460	0.484782608695652
FBgn0032444	187	212	399	0.468671679197995
FBgn0032445	39	30	69	0.565217391304348
FBgn0032446	22	40	62	0.354838709677419
FBgn0032447	243	242	485	0.501030927835052
FBgn0032448	36	40	76	0.473684210526316
FBgn0032449	155	190	345	0.449275362318841
FBgn0032450	275	269	544	0.505514705882353
FBgn0032451	119	98	217	0.548387096774194
FBgn0032452	41	47	88	0.465909090909091
FBgn0032453	20	9	29	0.689655172413793
FBgn0032454	252	213	465	0.541935483870968
FBgn0032455	404	420	824	0.490291262135922
FBgn0032456	649	646	1295	0.501158301158301
FBgn0032457	120	147	267	0.449438202247191
FBgn0032462	22	32	54	0.407407407407407
FBgn0032464	130	132	262	0.49618320610687
FBgn0032465	96	110	206	0.466019417475728
FBgn0032467	63	53	116	0.543103448275862
FBgn0032470	154	149	303	0.508250825082508
FBgn0032471	395	366	761	0.519053876478318
FBgn0032472	52	51	103	0.504854368932039
FBgn0032473	133	170	303	0.438943894389439
FBgn0032474	70	40	110	0.636363636363636
FBgn0032475	265	253	518	0.511583011583012
FBgn0032476	48	38	86	0.558139534883721
FBgn0032477	83	68	151	0.549668874172185
FBgn0032478	17	11	28	0.607142857142857
FBgn0032479	262	278	540	0.485185185185185
FBgn0032480	259	235	494	0.524291497975709
FBgn0032481	128	173	301	0.425249169435216
FBgn0032482	189	179	368	0.513586956521739
FBgn0032483	28	35	63	0.444444444444444
FBgn0032484	181	157	338	0.535502958579882
FBgn0032485	237	221	458	0.517467248908297
FBgn0032486	105	89	194	0.541237113402062
FBgn0032487	4	7	11	0.363636363636364
FBgn0032488	48	49	97	0.494845360824742
FBgn0032489	52	43	95	0.547368421052632
FBgn0032490	96	96	192	0.5
FBgn0032491	78	80	158	0.493670886075949
FBgn0032492	76	80	156	0.487179487179487
FBgn0032493	81	99	180	0.45
FBgn0032494	124	117	241	0.514522821576763
FBgn0032495	111	105	216	0.513888888888889
FBgn0032499	133	120	253	0.525691699604743
FBgn0032503	59	47	106	0.556603773584906
FBgn0032505	97	100	197	0.49238578680203
FBgn0032506	420	390	810	0.518518518518518
FBgn0032507	107	130	237	0.451476793248945
FBgn0032509	54	51	105	0.514285714285714
FBgn0032511	15	21	36	0.416666666666667
FBgn0032512	160	178	338	0.473372781065089
FBgn0032513	110	66	176	0.625
FBgn0032514	99	129	228	0.434210526315789
FBgn0032515	82	87	169	0.485207100591716
FBgn0032516	55	49	104	0.528846153846154
FBgn0032517	443	373	816	0.542892156862745
FBgn0032518	98	80	178	0.550561797752809
FBgn0032519	109	103	212	0.514150943396226
FBgn0032520	171	160	331	0.516616314199396
FBgn0032521	517	537	1054	0.490512333965844
FBgn0032522	206	194	400	0.515
FBgn0032523	202	206	408	0.495098039215686
FBgn0032524	149	116	265	0.562264150943396
FBgn0032525	163	184	347	0.469740634005764
FBgn0032530	30	39	69	0.434782608695652
FBgn0032533	0	0	0	NA
FBgn0032535	213	248	461	0.462039045553145
FBgn0032536	440	413	853	0.515826494724502
FBgn0032538	96	133	229	0.419213973799127
FBgn0032549	112	127	239	0.468619246861925
FBgn0032551	136	148	284	0.47887323943662
FBgn0032553	149	130	279	0.53405017921147
FBgn0032554	103	143	246	0.41869918699187
FBgn0032563	16	14	30	0.533333333333333
FBgn0032577	38	49	87	0.436781609195402
FBgn0032582	33	27	60	0.55
FBgn0032585	131	154	285	0.459649122807018
FBgn0032586	284	304	588	0.482993197278912
FBgn0032587	304	288	592	0.513513513513513
FBgn0032588	79	59	138	0.572463768115942
FBgn0032590	250	254	504	0.496031746031746
FBgn0032593	372	377	749	0.496662216288385
FBgn0032595	0	0	0	NA
FBgn0032596	49	80	129	0.37984496124031
FBgn0032597	12	16	28	0.428571428571429
FBgn0032598	80	77	157	0.509554140127389
FBgn0032600	436	461	897	0.486064659977703
FBgn0032601	167	155	322	0.518633540372671
FBgn0032602	216	193	409	0.528117359413203
FBgn0032603	161	192	353	0.456090651558074
FBgn0032609	188	174	362	0.519337016574586
FBgn0032612	87	104	191	0.455497382198953
FBgn0032613	181	151	332	0.545180722891566
FBgn0032614	240	237	477	0.50314465408805
FBgn0032615	109	107	216	0.50462962962963
FBgn0032618	0	0	0	NA
FBgn0032620	33	32	65	0.507692307692308
FBgn0032624	77	67	144	0.534722222222222
FBgn0032625	53	35	88	0.602272727272727
FBgn0032626	45	41	86	0.523255813953488
FBgn0032629	134	113	247	0.54251012145749
FBgn0032631	37	48	85	0.435294117647059
FBgn0032632	60	63	123	0.48780487804878
FBgn0032633	454	459	913	0.497261774370208
FBgn0032634	32	33	65	0.492307692307692
FBgn0032635	24	37	61	0.39344262295082
FBgn0032636	90	73	163	0.552147239263804
FBgn0032637	116	131	247	0.469635627530364
FBgn0032638	60	62	122	0.491803278688525
FBgn0032639	95	81	176	0.539772727272727
FBgn0032640	114	88	202	0.564356435643564
FBgn0032642	52	45	97	0.536082474226804
FBgn0032643	125	103	228	0.548245614035088
FBgn0032644	99	110	209	0.473684210526316
FBgn0032645	74	79	153	0.483660130718954
FBgn0032646	137	120	257	0.533073929961089
FBgn0032647	271	280	551	0.491833030852995
FBgn0032648	152	164	316	0.481012658227848
FBgn0032649	242	224	466	0.51931330472103
FBgn0032650	65	61	126	0.515873015873016
FBgn0032651	142	107	249	0.570281124497992
FBgn0032652	30	32	62	0.483870967741935
FBgn0032654	23	12	35	0.657142857142857
FBgn0032656	159	170	329	0.483282674772036
FBgn0032658	179	194	373	0.479892761394102
FBgn0032660	83	73	156	0.532051282051282
FBgn0032663	87	106	193	0.450777202072539
FBgn0032664	88	93	181	0.486187845303867
FBgn0032665	70	78	148	0.472972972972973
FBgn0032666	193	199	392	0.49234693877551
FBgn0032668	135	159	294	0.459183673469388
FBgn0032669	65	58	123	0.528455284552846
FBgn0032670	59	52	111	0.531531531531532
FBgn0032671	100	98	198	0.505050505050505
FBgn0032677	112	107	219	0.511415525114155
FBgn0032680	50	51	101	0.495049504950495
FBgn0032681	247	216	463	0.533477321814255
FBgn0032682	164	131	295	0.555932203389831
FBgn0032683	607	649	1256	0.48328025477707
FBgn0032684	121	101	222	0.545045045045045
FBgn0032685	299	279	578	0.517301038062284
FBgn0032688	345	326	671	0.514157973174367
FBgn0032689	335	285	620	0.540322580645161
FBgn0032690	217	167	384	0.565104166666667
FBgn0032691	137	143	280	0.489285714285714
FBgn0032692	147	145	292	0.503424657534247
FBgn0032693	172	156	328	0.524390243902439
FBgn0032694	181	191	372	0.486559139784946
FBgn0032698	54	52	106	0.509433962264151
FBgn0032699	140	126	266	0.526315789473684
FBgn0032700	57	56	113	0.504424778761062
FBgn0032701	28	26	54	0.518518518518518
FBgn0032702	147	148	295	0.498305084745763
FBgn0032703	47	37	84	0.55952380952381
FBgn0032704	79	87	166	0.475903614457831
FBgn0032705	69	73	142	0.485915492957746
FBgn0032706	173	159	332	0.521084337349398
FBgn0032707	178	184	362	0.49171270718232
FBgn0032709	5	14	19	0.263157894736842
FBgn0032713	186	203	389	0.478149100257069
FBgn0032715	97	114	211	0.459715639810427
FBgn0032717	231	212	443	0.521444695259594
FBgn0032719	126	112	238	0.529411764705882
FBgn0032720	24	28	52	0.461538461538462
FBgn0032721	116	92	208	0.557692307692308
FBgn0032723	335	393	728	0.460164835164835
FBgn0032724	69	66	135	0.511111111111111
FBgn0032725	40	39	79	0.506329113924051
FBgn0032726	63	74	137	0.45985401459854
FBgn0032727	99	108	207	0.478260869565217
FBgn0032728	160	149	309	0.517799352750809
FBgn0032729	118	111	229	0.51528384279476
FBgn0032730	107	134	241	0.443983402489627
FBgn0032731	50	73	123	0.40650406504065
FBgn0032732	29	23	52	0.557692307692308
FBgn0032733	144	105	249	0.578313253012048
FBgn0032734	87	102	189	0.46031746031746
FBgn0032740	36	26	62	0.580645161290323
FBgn0032741	100	74	174	0.574712643678161
FBgn0032744	76	73	149	0.51006711409396
FBgn0032746	40	46	86	0.465116279069767
FBgn0032748	186	201	387	0.48062015503876
FBgn0032749	185	167	352	0.525568181818182
FBgn0032750	52	66	118	0.440677966101695
FBgn0032751	0	0	0	NA
FBgn0032752	173	156	329	0.525835866261398
FBgn0032753	160	169	329	0.486322188449848
FBgn0032754	72	94	166	0.433734939759036
FBgn0032755	0	0	0	NA
FBgn0032763	158	144	302	0.52317880794702
FBgn0032768	142	138	280	0.507142857142857
FBgn0032769	110	105	215	0.511627906976744
FBgn0032770	65	56	121	0.537190082644628
FBgn0032771	156	194	350	0.445714285714286
FBgn0032772	73	75	148	0.493243243243243
FBgn0032773	278	215	493	0.563894523326572
FBgn0032774	112	112	224	0.5
FBgn0032775	270	296	566	0.477031802120141
FBgn0032779	228	196	424	0.537735849056604
FBgn0032780	62	69	131	0.473282442748092
FBgn0032781	112	136	248	0.451612903225806
FBgn0032782	122	105	227	0.537444933920705
FBgn0032783	182	205	387	0.470284237726098
FBgn0032785	190	175	365	0.520547945205479
FBgn0032787	131	131	262	0.5
FBgn0032788	130	150	280	0.464285714285714
FBgn0032789	59	72	131	0.450381679389313
FBgn0032790	55	39	94	0.585106382978723
FBgn0032791	73	53	126	0.579365079365079
FBgn0032793	11	14	25	0.44
FBgn0032796	161	188	349	0.461318051575931
FBgn0032797	358	342	700	0.511428571428571
FBgn0032798	236	221	457	0.516411378555799
FBgn0032799	24	23	47	0.51063829787234
FBgn0032800	147	123	270	0.544444444444444
FBgn0032801	122	102	224	0.544642857142857
FBgn0032803	52	35	87	0.597701149425287
FBgn0032804	85	82	167	0.508982035928144
FBgn0032805	76	60	136	0.558823529411765
FBgn0032809	121	89	210	0.576190476190476
FBgn0032810	78	87	165	0.472727272727273
FBgn0032811	23	32	55	0.418181818181818
FBgn0032812	93	79	172	0.540697674418605
FBgn0032813	122	109	231	0.528138528138528
FBgn0032814	141	153	294	0.479591836734694
FBgn0032815	230	181	411	0.559610705596107
FBgn0032816	46	64	110	0.418181818181818
FBgn0032817	657	683	1340	0.490298507462687
FBgn0032818	66	45	111	0.594594594594595
FBgn0032819	151	169	320	0.471875
FBgn0032820	108	102	210	0.514285714285714
FBgn0032821	298	270	568	0.524647887323944
FBgn0032822	58	51	109	0.532110091743119
FBgn0032824	111	94	205	0.541463414634146
FBgn0032827	163	159	322	0.506211180124224
FBgn0032833	83	59	142	0.584507042253521
FBgn0032834	39	44	83	0.469879518072289
FBgn0032835	96	89	185	0.518918918918919
FBgn0032836	71	64	135	0.525925925925926
FBgn0032839	49	49	98	0.5
FBgn0032840	243	205	448	0.542410714285714
FBgn0032843	147	153	300	0.49
FBgn0032845	75	75	150	0.5
FBgn0032846	102	79	181	0.56353591160221
FBgn0032847	3	4	7	0.428571428571429
FBgn0032848	105	68	173	0.606936416184971
FBgn0032849	53	54	107	0.495327102803738
FBgn0032850	217	248	465	0.466666666666667
FBgn0032851	22	28	50	0.44
FBgn0032853	85	103	188	0.452127659574468
FBgn0032856	182	134	316	0.575949367088608
FBgn0032857	158	136	294	0.537414965986395
FBgn0032858	112	104	216	0.518518518518518
FBgn0032859	81	88	169	0.479289940828402
FBgn0032860	65	69	134	0.485074626865672
FBgn0032863	126	109	235	0.536170212765957
FBgn0032864	123	116	239	0.514644351464435
FBgn0032867	107	76	183	0.584699453551913
FBgn0032868	14	35	49	0.285714285714286
FBgn0032869	59	73	132	0.446969696969697
FBgn0032870	55	52	107	0.514018691588785
FBgn0032871	16	11	27	0.592592592592593
FBgn0032873	68	82	150	0.453333333333333
FBgn0032876	138	139	277	0.498194945848375
FBgn0032877	50	39	89	0.561797752808989
FBgn0032878	101	74	175	0.577142857142857
FBgn0032879	190	165	355	0.535211267605634
FBgn0032880	62	53	115	0.539130434782609
FBgn0032881	40	58	98	0.408163265306122
FBgn0032882	81	93	174	0.46551724137931
FBgn0032883	141	147	288	0.489583333333333
FBgn0032884	67	66	133	0.503759398496241
FBgn0032886	124	117	241	0.514522821576763
FBgn0032888	69	65	134	0.514925373134328
FBgn0032889	195	184	379	0.514511873350924
FBgn0032891	135	115	250	0.54
FBgn0032894	78	66	144	0.541666666666667
FBgn0032895	92	94	186	0.494623655913978
FBgn0032896	67	60	127	0.52755905511811
FBgn0032897	111	108	219	0.506849315068493
FBgn0032898	75	92	167	0.449101796407186
FBgn0032899	90	95	185	0.486486486486487
FBgn0032900	64	62	126	0.507936507936508
FBgn0032901	73	72	145	0.503448275862069
FBgn0032906	88	107	195	0.451282051282051
FBgn0032907	90	54	144	0.625
FBgn0032908	189	174	363	0.520661157024793
FBgn0032910	182	156	338	0.538461538461538
FBgn0032911	134	108	242	0.553719008264463
FBgn0032913	60	66	126	0.476190476190476
FBgn0032914	1	7	8	0.125
FBgn0032916	0	0	0	NA
FBgn0032919	32	36	68	0.470588235294118
FBgn0032921	14	13	27	0.518518518518518
FBgn0032922	0	0	0	NA
FBgn0032923	25	29	54	0.462962962962963
FBgn0032924	34	38	72	0.472222222222222
FBgn0032925	13	18	31	0.419354838709677
FBgn0032929	102	95	197	0.517766497461929
FBgn0032934	76	65	141	0.539007092198582
FBgn0032935	68	85	153	0.444444444444444
FBgn0032938	145	183	328	0.442073170731707
FBgn0032940	255	231	486	0.524691358024691
FBgn0032943	106	116	222	0.477477477477477
FBgn0032945	119	139	258	0.461240310077519
FBgn0032946	234	295	529	0.44234404536862
FBgn0032949	32	19	51	0.627450980392157
FBgn0032955	174	213	387	0.449612403100775
FBgn0032956	137	105	242	0.566115702479339
FBgn0032957	213	223	436	0.488532110091743
FBgn0032961	89	106	195	0.456410256410256
FBgn0032964	43	55	98	0.438775510204082
FBgn0032965	74	65	139	0.532374100719424
FBgn0032966	54	43	97	0.556701030927835
FBgn0032967	30	46	76	0.394736842105263
FBgn0032968	62	44	106	0.584905660377358
FBgn0032969	270	289	559	0.483005366726297
FBgn0032971	31	35	66	0.46969696969697
FBgn0032972	24	12	36	0.666666666666667
FBgn0032973	59	59	118	0.5
FBgn0032974	95	85	180	0.527777777777778
FBgn0032979	89	102	191	0.465968586387435
FBgn0032981	35	43	78	0.448717948717949
FBgn0032986	348	362	710	0.490140845070423
FBgn0032987	17	21	38	0.447368421052632
FBgn0032988	53	52	105	0.504761904761905
FBgn0032997	47	53	100	0.47
FBgn0033000	47	49	96	0.489583333333333
FBgn0033005	60	71	131	0.458015267175573
FBgn0033010	210	213	423	0.49645390070922
FBgn0033015	121	142	263	0.460076045627376
FBgn0033017	26	24	50	0.52
FBgn0033019	28	20	48	0.583333333333333
FBgn0033020	14	12	26	0.538461538461538
FBgn0033021	63	52	115	0.547826086956522
FBgn0033027	52	50	102	0.509803921568627
FBgn0033028	124	112	236	0.525423728813559
FBgn0033029	91	96	187	0.486631016042781
FBgn0033031	46	63	109	0.422018348623853
FBgn0033032	30	32	62	0.483870967741935
FBgn0033033	184	216	400	0.46
FBgn0033038	55	43	98	0.561224489795918
FBgn0033041	26	39	65	0.4
FBgn0033042	100	99	199	0.50251256281407
FBgn0033043	24	27	51	0.470588235294118
FBgn0033047	0	0	0	NA
FBgn0033048	88	84	172	0.511627906976744
FBgn0033050	62	53	115	0.539130434782609
FBgn0033051	117	130	247	0.473684210526316
FBgn0033052	145	155	300	0.483333333333333
FBgn0033054	104	85	189	0.55026455026455
FBgn0033055	30	26	56	0.535714285714286
FBgn0033056	138	130	268	0.514925373134328
FBgn0033058	97	120	217	0.447004608294931
FBgn0033060	45	36	81	0.555555555555556
FBgn0033061	62	54	116	0.53448275862069
FBgn0033062	173	135	308	0.561688311688312
FBgn0033063	70	73	143	0.48951048951049
FBgn0033065	88	97	185	0.475675675675676
FBgn0033067	73	42	115	0.634782608695652
FBgn0033069	43	44	87	0.494252873563218
FBgn0033072	62	46	108	0.574074074074074
FBgn0033074	17	15	32	0.53125
FBgn0033076	65	45	110	0.590909090909091
FBgn0033079	25	21	46	0.543478260869565
FBgn0033081	60	55	115	0.521739130434783
FBgn0033085	38	69	107	0.355140186915888
FBgn0033086	50	66	116	0.431034482758621
FBgn0033087	94	91	185	0.508108108108108
FBgn0033088	20	30	50	0.4
FBgn0033089	27	23	50	0.54
FBgn0033090	43	45	88	0.488636363636364
FBgn0033092	87	68	155	0.561290322580645
FBgn0033093	22	29	51	0.431372549019608
FBgn0033095	0	0	0	NA
FBgn0033096	41	47	88	0.465909090909091
FBgn0033097	59	44	103	0.572815533980582
FBgn0033100	35	45	80	0.4375
FBgn0033101	84	91	175	0.48
FBgn0033104	28	33	61	0.459016393442623
FBgn0033108	209	178	387	0.540051679586563
FBgn0033110	81	88	169	0.479289940828402
FBgn0033112	2	6	8	0.25
FBgn0033113	115	118	233	0.493562231759657
FBgn0033115	95	110	205	0.463414634146341
FBgn0033117	72	54	126	0.571428571428571
FBgn0033121	47	35	82	0.573170731707317
FBgn0033122	85	118	203	0.41871921182266
FBgn0033124	69	38	107	0.644859813084112
FBgn0033127	83	89	172	0.482558139534884
FBgn0033128	82	84	166	0.493975903614458
FBgn0033129	62	57	119	0.521008403361345
FBgn0033130	63	55	118	0.533898305084746
FBgn0033131	59	51	110	0.536363636363636
FBgn0033132	108	102	210	0.514285714285714
FBgn0033133	69	73	142	0.485915492957746
FBgn0033134	52	63	115	0.452173913043478
FBgn0033135	96	59	155	0.619354838709677
FBgn0033136	0	0	0	NA
FBgn0033137	52	54	106	0.490566037735849
FBgn0033138	52	49	101	0.514851485148515
FBgn0033139	133	98	231	0.575757575757576
FBgn0033140	56	54	110	0.509090909090909
FBgn0033141	184	202	386	0.476683937823834
FBgn0033145	20	15	35	0.571428571428571
FBgn0033149	48	71	119	0.403361344537815
FBgn0033153	37	37	74	0.5
FBgn0033154	118	107	225	0.524444444444444
FBgn0033155	280	232	512	0.546875
FBgn0033158	116	113	229	0.506550218340611
FBgn0033159	1890	2034	3924	0.481651376146789
FBgn0033160	155	156	311	0.498392282958199
FBgn0033164	57	53	110	0.518181818181818
FBgn0033165	36	37	73	0.493150684931507
FBgn0033166	280	267	547	0.511882998171846
FBgn0033167	42	27	69	0.608695652173913
FBgn0033168	53	67	120	0.441666666666667
FBgn0033169	48	56	104	0.461538461538462
FBgn0033170	36	20	56	0.642857142857143
FBgn0033174	84	87	171	0.491228070175439
FBgn0033177	145	135	280	0.517857142857143
FBgn0033178	39	44	83	0.469879518072289
FBgn0033179	73	88	161	0.453416149068323
FBgn0033183	70	56	126	0.555555555555556
FBgn0033184	113	129	242	0.466942148760331
FBgn0033185	142	147	289	0.491349480968858
FBgn0033186	63	91	154	0.409090909090909
FBgn0033187	67	72	139	0.482014388489209
FBgn0033188	107	129	236	0.453389830508475
FBgn0033190	36	25	61	0.590163934426229
FBgn0033191	19	24	43	0.441860465116279
FBgn0033192	380	397	777	0.489060489060489
FBgn0033194	431	396	827	0.521160822249093
FBgn0033195	93	85	178	0.52247191011236
FBgn0033196	347	295	642	0.540498442367601
FBgn0033199	12	17	29	0.413793103448276
FBgn0033202	144	98	242	0.59504132231405
FBgn0033203	93	72	165	0.563636363636364
FBgn0033204	137	119	256	0.53515625
FBgn0033205	43	70	113	0.380530973451327
FBgn0033206	44	41	85	0.517647058823529
FBgn0033207	62	38	100	0.62
FBgn0033208	58	59	117	0.495726495726496
FBgn0033209	9	13	22	0.409090909090909
FBgn0033210	60	47	107	0.560747663551402
FBgn0033212	348	387	735	0.473469387755102
FBgn0033214	102	102	204	0.5
FBgn0033215	131	98	229	0.572052401746725
FBgn0033216	114	115	229	0.497816593886463
FBgn0033221	81	111	192	0.421875
FBgn0033222	88	72	160	0.55
FBgn0033224	163	155	318	0.512578616352201
FBgn0033225	105	96	201	0.522388059701492
FBgn0033226	52	54	106	0.490566037735849
FBgn0033229	25	18	43	0.581395348837209
FBgn0033232	29	22	51	0.568627450980392
FBgn0033233	49	53	102	0.480392156862745
FBgn0033234	55	36	91	0.604395604395604
FBgn0033235	36	54	90	0.4
FBgn0033236	214	211	425	0.503529411764706
FBgn0033238	4	12	16	0.25
FBgn0033240	102	148	250	0.408
FBgn0033241	30	13	43	0.697674418604651
FBgn0033243	17	8	25	0.68
FBgn0033244	136	160	296	0.459459459459459
FBgn0033246	491	528	1019	0.481844946025515
FBgn0033247	56	57	113	0.495575221238938
FBgn0033248	42	47	89	0.471910112359551
FBgn0033249	91	91	182	0.5
FBgn0033250	289	260	549	0.526411657559198
FBgn0033252	136	158	294	0.462585034013605
FBgn0033257	63	47	110	0.572727272727273
FBgn0033258	45	63	108	0.416666666666667
FBgn0033259	53	71	124	0.42741935483871
FBgn0033260	109	103	212	0.514150943396226
FBgn0033261	75	65	140	0.535714285714286
FBgn0033264	39	56	95	0.410526315789474
FBgn0033265	74	45	119	0.621848739495798
FBgn0033266	0	0	0	NA
FBgn0033268	15	22	37	0.405405405405405
FBgn0033271	106	104	210	0.504761904761905
FBgn0033272	43	35	78	0.551282051282051
FBgn0033273	96	87	183	0.524590163934426
FBgn0033274	30	22	52	0.576923076923077
FBgn0033275	89	71	160	0.55625
FBgn0033277	135	130	265	0.509433962264151
FBgn0033278	34	28	62	0.548387096774194
FBgn0033279	101	79	180	0.561111111111111
FBgn0033280	81	70	151	0.536423841059603
FBgn0033283	26	30	56	0.464285714285714
FBgn0033285	29	55	84	0.345238095238095
FBgn0033286	18	26	44	0.409090909090909
FBgn0033287	74	65	139	0.532374100719424
FBgn0033289	208	202	410	0.507317073170732
FBgn0033292	191	186	377	0.506631299734748
FBgn0033294	28	30	58	0.482758620689655
FBgn0033296	142	150	292	0.486301369863014
FBgn0033297	41	44	85	0.482352941176471
FBgn0033301	13	10	23	0.565217391304348
FBgn0033302	95	82	177	0.536723163841808
FBgn0033303	116	116	232	0.5
FBgn0033304	70	61	131	0.534351145038168
FBgn0033307	88	79	167	0.526946107784431
FBgn0033308	97	81	178	0.544943820224719
FBgn0033309	139	151	290	0.479310344827586
FBgn0033312	51	43	94	0.542553191489362
FBgn0033313	474	430	904	0.524336283185841
FBgn0033315	88	75	163	0.539877300613497
FBgn0033316	116	83	199	0.582914572864322
FBgn0033317	59	50	109	0.541284403669725
FBgn0033320	156	162	318	0.490566037735849
FBgn0033321	57	61	118	0.483050847457627
FBgn0033322	40	29	69	0.579710144927536
FBgn0033323	79	82	161	0.490683229813665
FBgn0033324	189	157	346	0.546242774566474
FBgn0033326	123	112	235	0.523404255319149
FBgn0033327	90	116	206	0.436893203883495
FBgn0033330	76	73	149	0.51006711409396
FBgn0033337	99	81	180	0.55
FBgn0033339	129	128	257	0.501945525291829
FBgn0033340	0	0	0	NA
FBgn0033341	15	17	32	0.46875
FBgn0033344	9	6	15	0.6
FBgn0033347	23	32	55	0.418181818181818
FBgn0033348	15	6	21	0.714285714285714
FBgn0033349	81	101	182	0.445054945054945
FBgn0033350	58	50	108	0.537037037037037
FBgn0033351	23	18	41	0.560975609756098
FBgn0033352	87	89	176	0.494318181818182
FBgn0033353	62	53	115	0.539130434782609
FBgn0033354	151	155	306	0.493464052287582
FBgn0033355	34	38	72	0.472222222222222
FBgn0033356	55	55	110	0.5
FBgn0033357	32	39	71	0.450704225352113
FBgn0033358	100	107	207	0.483091787439614
FBgn0033362	91	87	178	0.51123595505618
FBgn0033363	158	161	319	0.495297805642633
FBgn0033364	93	95	188	0.49468085106383
FBgn0033365	243	242	485	0.501030927835052
FBgn0033366	198	193	391	0.506393861892583
FBgn0033367	139	137	276	0.503623188405797
FBgn0033368	256	202	458	0.558951965065502
FBgn0033369	60	68	128	0.46875
FBgn0033371	63	72	135	0.466666666666667
FBgn0033372	93	76	169	0.550295857988166
FBgn0033373	36	36	72	0.5
FBgn0033374	60	83	143	0.41958041958042
FBgn0033375	24	21	45	0.533333333333333
FBgn0033376	117	138	255	0.458823529411765
FBgn0033377	53	49	102	0.519607843137255
FBgn0033378	15	15	30	0.5
FBgn0033379	41	39	80	0.5125
FBgn0033380	8	11	19	0.421052631578947
FBgn0033381	4	3	7	0.571428571428571
FBgn0033382	113	110	223	0.506726457399103
FBgn0033387	134	127	261	0.513409961685824
FBgn0033388	130	127	257	0.505836575875486
FBgn0033389	36	33	69	0.521739130434783
FBgn0033391	1	1	2	0.5
FBgn0033392	99	108	207	0.478260869565217
FBgn0033395	215	226	441	0.487528344671202
FBgn0033397	115	123	238	0.483193277310924
FBgn0033400	0	0	0	NA
FBgn0033401	45	41	86	0.523255813953488
FBgn0033402	187	180	367	0.509536784741144
FBgn0033403	127	121	248	0.512096774193548
FBgn0033404	158	165	323	0.489164086687306
FBgn0033405	111	99	210	0.528571428571429
FBgn0033408	72	53	125	0.576
FBgn0033412	160	156	316	0.506329113924051
FBgn0033413	125	117	242	0.516528925619835
FBgn0033421	289	316	605	0.477685950413223
FBgn0033422	0	0	0	NA
FBgn0033423	0	0	0	NA
FBgn0033426	16	10	26	0.615384615384615
FBgn0033427	189	173	362	0.522099447513812
FBgn0033428	44	54	98	0.448979591836735
FBgn0033429	26	19	45	0.577777777777778
FBgn0033431	71	100	171	0.415204678362573
FBgn0033434	116	99	215	0.53953488372093
FBgn0033437	26	13	39	0.666666666666667
FBgn0033438	256	261	517	0.495164410058027
FBgn0033439	102	121	223	0.457399103139013
FBgn0033440	0	0	0	NA
FBgn0033442	134	116	250	0.536
FBgn0033443	265	311	576	0.460069444444444
FBgn0033446	151	150	301	0.501661129568106
FBgn0033447	193	194	387	0.498708010335917
FBgn0033448	109	95	204	0.534313725490196
FBgn0033449	84	101	185	0.454054054054054
FBgn0033450	6	6	12	0.5
FBgn0033451	13	25	38	0.342105263157895
FBgn0033453	121	90	211	0.57345971563981
FBgn0033454	82	99	181	0.453038674033149
FBgn0033457	55	63	118	0.466101694915254
FBgn0033458	89	93	182	0.489010989010989
FBgn0033459	50	53	103	0.485436893203884
FBgn0033460	143	154	297	0.481481481481481
FBgn0033461	64	69	133	0.481203007518797
FBgn0033463	155	157	312	0.496794871794872
FBgn0033464	88	81	169	0.520710059171598
FBgn0033467	34	33	67	0.507462686567164
FBgn0033468	28	45	73	0.383561643835616
FBgn0033469	63	59	122	0.516393442622951
FBgn0033471	34	25	59	0.576271186440678
FBgn0033473	74	81	155	0.47741935483871
FBgn0033474	68	55	123	0.552845528455285
FBgn0033475	49	54	103	0.475728155339806
FBgn0033476	280	316	596	0.469798657718121
FBgn0033479	168	133	301	0.558139534883721
FBgn0033480	22	12	34	0.647058823529412
FBgn0033481	73	74	147	0.496598639455782
FBgn0033482	261	226	487	0.535934291581109
FBgn0033483	126	123	249	0.506024096385542
FBgn0033484	321	319	640	0.5015625
FBgn0033485	44	38	82	0.536585365853659
FBgn0033486	162	173	335	0.483582089552239
FBgn0033490	119	120	239	0.497907949790795
FBgn0033491	230	247	477	0.482180293501048
FBgn0033494	202	229	431	0.468677494199536
FBgn0033497	0	0	0	NA
FBgn0033498	117	91	208	0.5625
FBgn0033499	87	80	167	0.520958083832335
FBgn0033500	200	209	409	0.488997555012225
FBgn0033501	125	150	275	0.454545454545455
FBgn0033502	237	242	479	0.494780793319415
FBgn0033504	1313	1274	2587	0.507537688442211
FBgn0033507	65	88	153	0.42483660130719
FBgn0033508	62	64	126	0.492063492063492
FBgn0033512	0	0	0	NA
FBgn0033515	218	201	419	0.520286396181384
FBgn0033516	56	52	108	0.518518518518518
FBgn0033518	37	29	66	0.560606060606061
FBgn0033519	91	86	177	0.514124293785311
FBgn0033520	49	57	106	0.462264150943396
FBgn0033521	88	40	128	0.6875
FBgn0033523	72	59	131	0.549618320610687
FBgn0033524	429	396	825	0.52
FBgn0033526	192	175	367	0.523160762942779
FBgn0033527	39	33	72	0.541666666666667
FBgn0033528	57	50	107	0.532710280373832
FBgn0033529	78	79	157	0.496815286624204
FBgn0033538	405	383	788	0.513959390862944
FBgn0033539	266	277	543	0.489871086556169
FBgn0033540	227	212	439	0.517084282460137
FBgn0033541	71	69	140	0.507142857142857
FBgn0033542	161	175	336	0.479166666666667
FBgn0033543	123	120	243	0.506172839506173
FBgn0033544	248	232	480	0.516666666666667
FBgn0033547	62	55	117	0.52991452991453
FBgn0033548	16	18	34	0.470588235294118
FBgn0033549	81	79	160	0.50625
FBgn0033550	44	53	97	0.45360824742268
FBgn0033551	151	129	280	0.539285714285714
FBgn0033554	7	6	13	0.538461538461538
FBgn0033555	34	33	67	0.507462686567164
FBgn0033556	23	20	43	0.534883720930233
FBgn0033557	110	151	261	0.421455938697318
FBgn0033558	191	185	376	0.507978723404255
FBgn0033564	210	216	426	0.492957746478873
FBgn0033566	65	55	120	0.541666666666667
FBgn0033569	83	70	153	0.542483660130719
FBgn0033570	0	0	0	NA
FBgn0033571	55	45	100	0.55
FBgn0033572	159	125	284	0.559859154929577
FBgn0033573	73	65	138	0.528985507246377
FBgn0033574	304	319	623	0.487961476725522
FBgn0033578	268	255	523	0.512428298279159
FBgn0033579	323	343	666	0.484984984984985
FBgn0033580	83	61	144	0.576388888888889
FBgn0033581	148	177	325	0.455384615384615
FBgn0033582	125	134	259	0.482625482625483
FBgn0033584	204	226	430	0.474418604651163
FBgn0033587	26	28	54	0.481481481481481
FBgn0033588	64	51	115	0.556521739130435
FBgn0033589	87	65	152	0.572368421052632
FBgn0033590	32	42	74	0.432432432432432
FBgn0033591	75	67	142	0.528169014084507
FBgn0033592	78	103	181	0.430939226519337
FBgn0033593	60	65	125	0.48
FBgn0033594	104	106	210	0.495238095238095
FBgn0033597	106	116	222	0.477477477477477
FBgn0033598	56	62	118	0.474576271186441
FBgn0033599	193	180	373	0.517426273458445
FBgn0033600	79	85	164	0.481707317073171
FBgn0033601	61	87	148	0.412162162162162
FBgn0033602	112	122	234	0.478632478632479
FBgn0033603	280	307	587	0.477001703577513
FBgn0033605	20	15	35	0.571428571428571
FBgn0033607	57	72	129	0.441860465116279
FBgn0033608	25	31	56	0.446428571428571
FBgn0033609	167	167	334	0.5
FBgn0033610	41	40	81	0.506172839506173
FBgn0033614	0	0	0	NA
FBgn0033615	191	167	358	0.533519553072626
FBgn0033616	112	102	214	0.523364485981308
FBgn0033623	32	26	58	0.551724137931034
FBgn0033624	72	58	130	0.553846153846154
FBgn0033627	130	147	277	0.469314079422383
FBgn0033628	182	198	380	0.478947368421053
FBgn0033629	124	112	236	0.525423728813559
FBgn0033631	199	161	360	0.552777777777778
FBgn0033633	228	178	406	0.561576354679803
FBgn0033635	218	195	413	0.527845036319613
FBgn0033636	780	768	1548	0.503875968992248
FBgn0033638	549	485	1034	0.530947775628627
FBgn0033639	299	289	588	0.508503401360544
FBgn0033640	94	76	170	0.552941176470588
FBgn0033644	79	103	182	0.434065934065934
FBgn0033645	197	185	382	0.515706806282722
FBgn0033648	155	159	314	0.493630573248408
FBgn0033649	217	198	415	0.52289156626506
FBgn0033650	95	77	172	0.552325581395349
FBgn0033651	139	144	283	0.491166077738516
FBgn0033652	499	519	1018	0.490176817288802
FBgn0033653	93	90	183	0.508196721311475
FBgn0033654	254	250	504	0.503968253968254
FBgn0033656	123	138	261	0.471264367816092
FBgn0033657	131	121	252	0.51984126984127
FBgn0033658	33	34	67	0.492537313432836
FBgn0033659	137	133	270	0.507407407407407
FBgn0033661	990	1022	2012	0.492047713717694
FBgn0033663	99	107	206	0.480582524271845
FBgn0033665	98	97	195	0.502564102564103
FBgn0033667	186	197	383	0.485639686684073
FBgn0033668	253	273	526	0.480988593155894
FBgn0033669	18	31	49	0.36734693877551
FBgn0033672	64	52	116	0.551724137931034
FBgn0033673	166	182	348	0.477011494252874
FBgn0033677	40	54	94	0.425531914893617
FBgn0033679	201	220	421	0.477434679334917
FBgn0033680	50	56	106	0.471698113207547
FBgn0033683	40	34	74	0.540540540540541
FBgn0033685	44	45	89	0.49438202247191
FBgn0033686	95	80	175	0.542857142857143
FBgn0033687	41	53	94	0.436170212765957
FBgn0033688	330	359	689	0.478955007256894
FBgn0033690	1	2	3	0.333333333333333
FBgn0033691	0	0	0	NA
FBgn0033692	0	0	0	NA
FBgn0033693	0	0	0	NA
FBgn0033696	21	33	54	0.388888888888889
FBgn0033697	80	86	166	0.481927710843373
FBgn0033698	341	326	667	0.511244377811094
FBgn0033699	60	63	123	0.48780487804878
FBgn0033701	16	19	35	0.457142857142857
FBgn0033702	294	268	562	0.523131672597865
FBgn0033703	48	29	77	0.623376623376623
FBgn0033705	72	77	149	0.483221476510067
FBgn0033706	107	93	200	0.535
FBgn0033708	65	57	122	0.532786885245902
FBgn0033710	236	240	476	0.495798319327731
FBgn0033712	112	127	239	0.468619246861925
FBgn0033713	188	186	374	0.502673796791444
FBgn0033715	26	24	50	0.52
FBgn0033716	42	49	91	0.461538461538462
FBgn0033717	215	219	434	0.495391705069124
FBgn0033720	191	178	369	0.517615176151762
FBgn0033721	27	24	51	0.529411764705882
FBgn0033723	56	57	113	0.495575221238938
FBgn0033724	66	65	131	0.50381679389313
FBgn0033725	157	163	320	0.490625
FBgn0033726	92	76	168	0.547619047619048
FBgn0033727	63	48	111	0.567567567567568
FBgn0033728	99	100	199	0.49748743718593
FBgn0033729	80	85	165	0.484848484848485
FBgn0033730	41	53	94	0.436170212765957
FBgn0033731	38	32	70	0.542857142857143
FBgn0033732	155	190	345	0.449275362318841
FBgn0033733	106	74	180	0.588888888888889
FBgn0033734	147	152	299	0.491638795986622
FBgn0033735	117	105	222	0.527027027027027
FBgn0033736	51	47	98	0.520408163265306
FBgn0033737	86	78	164	0.524390243902439
FBgn0033738	188	219	407	0.461916461916462
FBgn0033739	297	311	608	0.488486842105263
FBgn0033740	104	79	183	0.568306010928962
FBgn0033741	143	101	244	0.586065573770492
FBgn0033742	120	112	232	0.517241379310345
FBgn0033744	240	245	485	0.494845360824742
FBgn0033748	90	135	225	0.4
FBgn0033749	175	161	336	0.520833333333333
FBgn0033750	94	89	183	0.513661202185792
FBgn0033751	30	36	66	0.454545454545455
FBgn0033752	162	137	299	0.54180602006689
FBgn0033753	160	160	320	0.5
FBgn0033754	44	42	86	0.511627906976744
FBgn0033755	85	91	176	0.482954545454545
FBgn0033756	224	185	409	0.547677261613692
FBgn0033757	231	243	474	0.487341772151899
FBgn0033760	180	152	332	0.542168674698795
FBgn0033761	120	119	239	0.502092050209205
FBgn0033762	220	176	396	0.555555555555556
FBgn0033763	237	172	409	0.579462102689487
FBgn0033766	425	380	805	0.527950310559006
FBgn0033767	125	125	250	0.5
FBgn0033769	132	137	269	0.490706319702602
FBgn0033770	102	88	190	0.536842105263158
FBgn0033773	70	61	131	0.534351145038168
FBgn0033774	151	151	302	0.5
FBgn0033775	162	143	305	0.531147540983607
FBgn0033777	230	175	405	0.567901234567901
FBgn0033778	0	0	0	NA
FBgn0033781	22	17	39	0.564102564102564
FBgn0033782	94	94	188	0.5
FBgn0033783	180	187	367	0.490463215258856
FBgn0033784	71	73	144	0.493055555555556
FBgn0033785	146	159	305	0.478688524590164
FBgn0033787	262	249	511	0.512720156555773
FBgn0033788	181	171	352	0.514204545454545
FBgn0033789	72	88	160	0.45
FBgn0033791	470	471	941	0.499468650371945
FBgn0033792	422	422	844	0.5
FBgn0033793	61	86	147	0.414965986394558
FBgn0033794	61	75	136	0.448529411764706
FBgn0033798	16	20	36	0.444444444444444
FBgn0033799	125	102	227	0.550660792951542
FBgn0033802	11	3	14	0.785714285714286
FBgn0033806	136	144	280	0.485714285714286
FBgn0033807	174	163	337	0.516320474777448
FBgn0033808	69	72	141	0.48936170212766
FBgn0033809	236	231	467	0.505353319057816
FBgn0033810	64	63	127	0.503937007874016
FBgn0033812	66	66	132	0.5
FBgn0033813	58	72	130	0.446153846153846
FBgn0033814	184	164	348	0.528735632183908
FBgn0033815	72	84	156	0.461538461538462
FBgn0033816	122	126	248	0.491935483870968
FBgn0033817	169	164	333	0.507507507507508
FBgn0033818	173	139	312	0.55448717948718
FBgn0033819	161	169	330	0.487878787878788
FBgn0033820	64	63	127	0.503937007874016
FBgn0033821	44	26	70	0.628571428571429
FBgn0033826	149	134	283	0.526501766784452
FBgn0033827	217	232	449	0.483296213808463
FBgn0033828	82	75	157	0.522292993630573
FBgn0033830	161	127	288	0.559027777777778
FBgn0033834	185	175	360	0.513888888888889
FBgn0033836	0	0	0	NA
FBgn0033842	139	141	280	0.496428571428571
FBgn0033844	261	252	513	0.508771929824561
FBgn0033845	262	240	502	0.52191235059761
FBgn0033846	254	254	508	0.5
FBgn0033848	0	0	0	NA
FBgn0033850	187	149	336	0.556547619047619
FBgn0033851	119	89	208	0.572115384615385
FBgn0033853	281	300	581	0.483648881239243
FBgn0033855	140	152	292	0.479452054794521
FBgn0033856	225	257	482	0.466804979253112
FBgn0033859	274	249	523	0.523900573613767
FBgn0033860	140	134	274	0.510948905109489
FBgn0033861	66	67	133	0.496240601503759
FBgn0033862	131	129	260	0.503846153846154
FBgn0033863	212	229	441	0.480725623582766
FBgn0033864	366	373	739	0.495263870094723
FBgn0033865	101	107	208	0.485576923076923
FBgn0033866	422	365	787	0.536213468869123
FBgn0033867	327	349	676	0.483727810650888
FBgn0033868	125	111	236	0.529661016949153
FBgn0033869	179	145	324	0.552469135802469
FBgn0033871	85	71	156	0.544871794871795
FBgn0033872	213	224	437	0.487414187643021
FBgn0033873	105	113	218	0.481651376146789
FBgn0033874	132	136	268	0.492537313432836
FBgn0033875	136	125	261	0.521072796934866
FBgn0033876	179	182	361	0.49584487534626
FBgn0033879	99	98	197	0.50253807106599
FBgn0033880	8	8	16	0.5
FBgn0033883	82	77	159	0.515723270440252
FBgn0033884	153	173	326	0.469325153374233
FBgn0033885	60	55	115	0.521739130434783
FBgn0033886	119	106	225	0.528888888888889
FBgn0033887	87	83	170	0.511764705882353
FBgn0033888	71	91	162	0.438271604938272
FBgn0033889	291	285	576	0.505208333333333
FBgn0033890	183	178	361	0.506925207756233
FBgn0033891	110	106	216	0.509259259259259
FBgn0033893	17	18	35	0.485714285714286
FBgn0033897	224	218	442	0.506787330316742
FBgn0033899	50	43	93	0.537634408602151
FBgn0033900	48	37	85	0.564705882352941
FBgn0033901	14	27	41	0.341463414634146
FBgn0033902	91	88	179	0.508379888268156
FBgn0033903	64	78	142	0.450704225352113
FBgn0033904	50	40	90	0.555555555555556
FBgn0033905	0	0	0	NA
FBgn0033906	103	100	203	0.507389162561576
FBgn0033907	16	18	34	0.470588235294118
FBgn0033911	64	57	121	0.528925619834711
FBgn0033912	83	77	160	0.51875
FBgn0033913	187	194	381	0.490813648293963
FBgn0033915	152	135	287	0.529616724738676
FBgn0033916	165	177	342	0.482456140350877
FBgn0033917	98	108	206	0.475728155339806
FBgn0033918	67	83	150	0.446666666666667
FBgn0033919	243	224	467	0.5203426124197
FBgn0033921	153	147	300	0.51
FBgn0033924	217	206	423	0.513002364066194
FBgn0033925	63	63	126	0.5
FBgn0033926	80	106	186	0.43010752688172
FBgn0033927	3	3	6	0.5
FBgn0033928	87	75	162	0.537037037037037
FBgn0033929	73	74	147	0.496598639455782
FBgn0033931	73	75	148	0.493243243243243
FBgn0033932	302	297	599	0.504173622704507
FBgn0033933	114	121	235	0.485106382978723
FBgn0033934	146	135	281	0.519572953736655
FBgn0033935	126	110	236	0.533898305084746
FBgn0033936	297	280	577	0.51473136915078
FBgn0033942	20	10	30	0.666666666666667
FBgn0033943	284	296	580	0.489655172413793
FBgn0033945	47	61	108	0.435185185185185
FBgn0033948	132	163	295	0.447457627118644
FBgn0033949	103	110	213	0.483568075117371
FBgn0033950	54	46	100	0.54
FBgn0033951	72	57	129	0.558139534883721
FBgn0033952	161	179	340	0.473529411764706
FBgn0033953	90	98	188	0.478723404255319
FBgn0033954	44	66	110	0.4
FBgn0033955	133	120	253	0.525691699604743
FBgn0033958	411	403	814	0.504914004914005
FBgn0033960	201	202	403	0.498759305210918
FBgn0033961	31	33	64	0.484375
FBgn0033963	111	102	213	0.52112676056338
FBgn0033968	122	107	229	0.532751091703057
FBgn0033969	177	185	362	0.488950276243094
FBgn0033970	78	69	147	0.530612244897959
FBgn0033971	193	178	371	0.520215633423181
FBgn0033972	83	124	207	0.400966183574879
FBgn0033973	122	100	222	0.54954954954955
FBgn0033978	102	128	230	0.443478260869565
FBgn0033979	104	120	224	0.464285714285714
FBgn0033980	81	66	147	0.551020408163265
FBgn0033981	123	127	250	0.492
FBgn0033982	173	163	336	0.514880952380952
FBgn0033983	271	273	544	0.498161764705882
FBgn0033984	387	372	759	0.509881422924901
FBgn0033985	156	164	320	0.4875
FBgn0033987	442	457	899	0.491657397107898
FBgn0033988	155	161	316	0.490506329113924
FBgn0033989	172	136	308	0.558441558441558
FBgn0033990	103	92	195	0.528205128205128
FBgn0033993	147	137	284	0.517605633802817
FBgn0033994	107	106	213	0.502347417840376
FBgn0033995	163	154	317	0.514195583596215
FBgn0033996	112	115	227	0.493392070484582
FBgn0033997	90	95	185	0.486486486486487
FBgn0033998	219	229	448	0.488839285714286
FBgn0033999	76	92	168	0.452380952380952
FBgn0034000	53	48	101	0.524752475247525
FBgn0034001	49	55	104	0.471153846153846
FBgn0034002	172	193	365	0.471232876712329
FBgn0034005	224	180	404	0.554455445544555
FBgn0034007	120	131	251	0.47808764940239
FBgn0034008	112	109	221	0.506787330316742
FBgn0034009	114	106	220	0.518181818181818
FBgn0034010	51	52	103	0.495145631067961
FBgn0034011	74	81	155	0.47741935483871
FBgn0034012	276	261	537	0.513966480446927
FBgn0034013	349	306	655	0.532824427480916
FBgn0034021	80	82	162	0.493827160493827
FBgn0034022	335	317	652	0.513803680981595
FBgn0034023	173	151	324	0.533950617283951
FBgn0034025	220	262	482	0.45643153526971
FBgn0034027	54	44	98	0.551020408163265
FBgn0034029	85	78	163	0.521472392638037
FBgn0034030	127	150	277	0.458483754512635
FBgn0034031	457	437	894	0.511185682326622
FBgn0034032	157	190	347	0.452449567723343
FBgn0034033	73	62	135	0.540740740740741
FBgn0034035	1	3	4	0.25
FBgn0034045	255	333	588	0.433673469387755
FBgn0034046	260	284	544	0.477941176470588
FBgn0034047	111	74	185	0.6
FBgn0034049	481	431	912	0.527412280701754
FBgn0034050	69	62	131	0.526717557251908
FBgn0034051	143	145	288	0.496527777777778
FBgn0034052	95	74	169	0.562130177514793
FBgn0034053	120	135	255	0.470588235294118
FBgn0034054	36	48	84	0.428571428571429
FBgn0034057	123	109	232	0.530172413793103
FBgn0034058	45	53	98	0.459183673469388
FBgn0034059	22	42	64	0.34375
FBgn0034060	349	349	698	0.5
FBgn0034061	65	43	108	0.601851851851852
FBgn0034062	155	155	310	0.5
FBgn0034063	146	162	308	0.474025974025974
FBgn0034065	4	2	6	0.666666666666667
FBgn0034066	86	79	165	0.521212121212121
FBgn0034067	193	167	360	0.536111111111111
FBgn0034068	156	152	308	0.506493506493506
FBgn0034069	97	94	191	0.507853403141361
FBgn0034070	517	508	1025	0.504390243902439
FBgn0034071	390	368	758	0.514511873350924
FBgn0034072	709	622	1331	0.532682193839219
FBgn0034073	272	286	558	0.487455197132616
FBgn0034075	380	362	742	0.512129380053908
FBgn0034076	139	151	290	0.479310344827586
FBgn0034081	98	96	194	0.505154639175258
FBgn0034082	129	113	242	0.533057851239669
FBgn0034083	483	522	1005	0.480597014925373
FBgn0034084	103	102	205	0.502439024390244
FBgn0034085	527	464	991	0.531786074672048
FBgn0034086	104	98	202	0.514851485148515
FBgn0034087	398	411	809	0.491965389369592
FBgn0034091	320	322	642	0.498442367601246
FBgn0034092	14	12	26	0.538461538461538
FBgn0034093	255	224	479	0.532359081419624
FBgn0034094	230	234	464	0.495689655172414
FBgn0034095	292	303	595	0.490756302521008
FBgn0034096	81	59	140	0.578571428571429
FBgn0034097	71	63	134	0.529850746268657
FBgn0034098	155	150	305	0.508196721311475
FBgn0034099	89	85	174	0.511494252873563
FBgn0034103	37	58	95	0.389473684210526
FBgn0034104	43	58	101	0.425742574257426
FBgn0034105	120	113	233	0.515021459227468
FBgn0034106	281	281	562	0.5
FBgn0034109	83	80	163	0.50920245398773
FBgn0034110	127	127	254	0.5
FBgn0034113	266	315	581	0.457831325301205
FBgn0034114	174	183	357	0.487394957983193
FBgn0034117	204	171	375	0.544
FBgn0034118	125	105	230	0.543478260869565
FBgn0034120	45	40	85	0.529411764705882
FBgn0034121	199	203	402	0.495024875621891
FBgn0034122	188	198	386	0.487046632124352
FBgn0034126	107	105	212	0.504716981132076
FBgn0034127	113	105	218	0.518348623853211
FBgn0034128	107	112	219	0.488584474885845
FBgn0034129	112	110	222	0.504504504504504
FBgn0034131	93	103	196	0.474489795918367
FBgn0034132	170	187	357	0.476190476190476
FBgn0034135	314	338	652	0.48159509202454
FBgn0034136	330	347	677	0.487444608567208
FBgn0034137	225	266	491	0.458248472505092
FBgn0034138	68	72	140	0.485714285714286
FBgn0034139	131	128	259	0.505791505791506
FBgn0034140	143	156	299	0.478260869565217
FBgn0034141	217	193	410	0.529268292682927
FBgn0034142	225	200	425	0.529411764705882
FBgn0034143	212	240	452	0.469026548672566
FBgn0034144	142	142	284	0.5
FBgn0034145	464	453	917	0.505997818974918
FBgn0034151	146	101	247	0.591093117408907
FBgn0034152	92	73	165	0.557575757575758
FBgn0034153	81	67	148	0.547297297297297
FBgn0034154	85	81	166	0.512048192771084
FBgn0034156	106	118	224	0.473214285714286
FBgn0034157	227	234	461	0.492407809110629
FBgn0034158	325	316	641	0.507020280811232
FBgn0034159	131	141	272	0.481617647058824
FBgn0034160	102	104	206	0.495145631067961
FBgn0034162	82	85	167	0.491017964071856
FBgn0034165	66	61	127	0.519685039370079
FBgn0034166	158	158	316	0.5
FBgn0034168	50	43	93	0.537634408602151
FBgn0034172	85	101	186	0.456989247311828
FBgn0034173	22	24	46	0.478260869565217
FBgn0034175	36	45	81	0.444444444444444
FBgn0034176	66	42	108	0.611111111111111
FBgn0034177	107	96	203	0.527093596059113
FBgn0034179	135	139	274	0.492700729927007
FBgn0034180	402	354	756	0.531746031746032
FBgn0034181	137	158	295	0.464406779661017
FBgn0034182	63	61	124	0.508064516129032
FBgn0034183	61	72	133	0.458646616541353
FBgn0034184	192	197	389	0.493573264781491
FBgn0034186	138	132	270	0.511111111111111
FBgn0034187	119	127	246	0.483739837398374
FBgn0034191	62	65	127	0.488188976377953
FBgn0034194	164	155	319	0.5141065830721
FBgn0034195	0	0	0	NA
FBgn0034196	5	9	14	0.357142857142857
FBgn0034197	147	147	294	0.5
FBgn0034198	88	122	210	0.419047619047619
FBgn0034199	27	26	53	0.509433962264151
FBgn0034200	166	179	345	0.481159420289855
FBgn0034201	139	134	273	0.509157509157509
FBgn0034202	58	60	118	0.491525423728814
FBgn0034204	124	87	211	0.587677725118483
FBgn0034205	128	115	243	0.526748971193416
FBgn0034206	59	54	113	0.52212389380531
FBgn0034210	156	157	313	0.498402555910543
FBgn0034214	57	44	101	0.564356435643564
FBgn0034215	94	73	167	0.562874251497006
FBgn0034217	31	26	57	0.543859649122807
FBgn0034218	147	143	290	0.506896551724138
FBgn0034219	159	189	348	0.456896551724138
FBgn0034221	179	207	386	0.463730569948187
FBgn0034223	231	243	474	0.487341772151899
FBgn0034224	89	68	157	0.56687898089172
FBgn0034225	0	0	0	NA
FBgn0034229	180	154	334	0.538922155688623
FBgn0034230	190	205	395	0.481012658227848
FBgn0034231	16	10	26	0.615384615384615
FBgn0034232	39	50	89	0.438202247191011
FBgn0034237	215	224	439	0.489749430523918
FBgn0034240	326	351	677	0.481536189069424
FBgn0034242	0	0	0	NA
FBgn0034243	113	119	232	0.487068965517241
FBgn0034245	0	0	0	NA
FBgn0034246	232	230	462	0.502164502164502
FBgn0034247	67	50	117	0.572649572649573
FBgn0034248	13	10	23	0.565217391304348
FBgn0034249	149	149	298	0.5
FBgn0034251	160	188	348	0.459770114942529
FBgn0034253	419	420	839	0.499404052443385
FBgn0034255	35	25	60	0.583333333333333
FBgn0034258	132	144	276	0.478260869565217
FBgn0034259	84	94	178	0.471910112359551
FBgn0034261	307	292	599	0.512520868113522
FBgn0034262	197	217	414	0.475845410628019
FBgn0034263	40	47	87	0.459770114942529
FBgn0034264	100	91	191	0.523560209424084
FBgn0034265	107	134	241	0.443983402489627
FBgn0034266	5	0	5	1
FBgn0034267	36	35	71	0.507042253521127
FBgn0034269	191	196	387	0.493540051679587
FBgn0034270	99	92	191	0.518324607329843
FBgn0034271	158	149	307	0.514657980456026
FBgn0034272	104	111	215	0.483720930232558
FBgn0034274	71	65	136	0.522058823529412
FBgn0034275	266	303	569	0.467486818980668
FBgn0034276	163	171	334	0.488023952095808
FBgn0034277	98	93	191	0.513089005235602
FBgn0034278	45	46	91	0.494505494505495
FBgn0034279	196	184	380	0.515789473684211
FBgn0034281	24	38	62	0.387096774193548
FBgn0034282	130	129	259	0.501930501930502
FBgn0034283	65	65	130	0.5
FBgn0034284	59	71	130	0.453846153846154
FBgn0034286	206	237	443	0.465011286681716
FBgn0034288	117	104	221	0.529411764705882
FBgn0034289	110	89	199	0.552763819095477
FBgn0034290	114	114	228	0.5
FBgn0034291	86	68	154	0.558441558441558
FBgn0034292	73	79	152	0.480263157894737
FBgn0034293	77	91	168	0.458333333333333
FBgn0034294	148	122	270	0.548148148148148
FBgn0034295	127	127	254	0.5
FBgn0034296	75	76	151	0.496688741721854
FBgn0034299	81	51	132	0.613636363636364
FBgn0034300	308	340	648	0.475308641975309
FBgn0034301	311	296	607	0.512355848434926
FBgn0034304	172	184	356	0.48314606741573
FBgn0034307	127	162	289	0.439446366782007
FBgn0034308	213	240	453	0.470198675496689
FBgn0034310	128	140	268	0.477611940298507
FBgn0034312	40	28	68	0.588235294117647
FBgn0034313	184	164	348	0.528735632183908
FBgn0034314	63	76	139	0.453237410071942
FBgn0034315	36	32	68	0.529411764705882
FBgn0034317	45	49	94	0.478723404255319
FBgn0034318	99	85	184	0.53804347826087
FBgn0034321	165	173	338	0.488165680473373
FBgn0034322	89	76	165	0.539393939393939
FBgn0034323	76	76	152	0.5
FBgn0034324	59	72	131	0.450381679389313
FBgn0034325	69	95	164	0.420731707317073
FBgn0034326	62	50	112	0.553571428571429
FBgn0034327	55	61	116	0.474137931034483
FBgn0034328	72	63	135	0.533333333333333
FBgn0034329	41	54	95	0.431578947368421
FBgn0034330	26	29	55	0.472727272727273
FBgn0034331	48	55	103	0.466019417475728
FBgn0034335	98	74	172	0.569767441860465
FBgn0034345	173	180	353	0.490084985835694
FBgn0034346	265	250	515	0.514563106796116
FBgn0034350	0	0	0	NA
FBgn0034351	63	71	134	0.470149253731343
FBgn0034352	119	152	271	0.439114391143911
FBgn0034354	117	98	215	0.544186046511628
FBgn0034356	228	246	474	0.481012658227848
FBgn0034360	73	63	136	0.536764705882353
FBgn0034361	49	56	105	0.466666666666667
FBgn0034362	50	56	106	0.471698113207547
FBgn0034363	49	58	107	0.457943925233645
FBgn0034364	32	32	64	0.5
FBgn0034365	87	95	182	0.478021978021978
FBgn0034366	294	220	514	0.571984435797665
FBgn0034368	134	144	278	0.482014388489209
FBgn0034371	173	171	344	0.502906976744186
FBgn0034372	0	0	0	NA
FBgn0034377	78	59	137	0.569343065693431
FBgn0034379	131	118	249	0.526104417670683
FBgn0034380	195	205	400	0.4875
FBgn0034381	167	131	298	0.560402684563758
FBgn0034382	77	82	159	0.484276729559748
FBgn0034383	108	109	217	0.497695852534562
FBgn0034387	201	199	400	0.5025
FBgn0034389	457	480	937	0.487726787620064
FBgn0034390	0	0	0	NA
FBgn0034391	444	494	938	0.473347547974414
FBgn0034392	150	152	302	0.496688741721854
FBgn0034394	206	188	394	0.522842639593909
FBgn0034396	288	318	606	0.475247524752475
FBgn0034397	172	177	349	0.492836676217765
FBgn0034398	41	38	79	0.518987341772152
FBgn0034399	46	31	77	0.597402597402597
FBgn0034400	453	486	939	0.482428115015974
FBgn0034401	153	163	316	0.484177215189873
FBgn0034402	59	35	94	0.627659574468085
FBgn0034403	74	89	163	0.45398773006135
FBgn0034405	179	185	364	0.491758241758242
FBgn0034406	141	127	268	0.526119402985075
FBgn0034407	20	19	39	0.512820512820513
FBgn0034408	419	440	859	0.487776484284051
FBgn0034411	42	31	73	0.575342465753425
FBgn0034413	105	105	210	0.5
FBgn0034415	50	70	120	0.416666666666667
FBgn0034416	121	112	233	0.51931330472103
FBgn0034417	303	294	597	0.507537688442211
FBgn0034418	246	260	506	0.486166007905138
FBgn0034419	179	195	374	0.478609625668449
FBgn0034420	654	683	1337	0.489154824233358
FBgn0034422	93	85	178	0.52247191011236
FBgn0034423	103	97	200	0.515
FBgn0034425	184	205	389	0.473007712082262
FBgn0034426	40	54	94	0.425531914893617
FBgn0034427	108	93	201	0.537313432835821
FBgn0034428	98	114	212	0.462264150943396
FBgn0034429	63	59	122	0.516393442622951
FBgn0034430	74	90	164	0.451219512195122
FBgn0034432	184	143	327	0.562691131498471
FBgn0034433	153	153	306	0.5
FBgn0034435	283	291	574	0.493031358885017
FBgn0034436	441	443	884	0.498868778280543
FBgn0034437	278	253	531	0.523540489642185
FBgn0034438	291	329	620	0.469354838709677
FBgn0034439	304	335	639	0.475743348982786
FBgn0034440	433	365	798	0.542606516290727
FBgn0034441	334	335	669	0.499252615844544
FBgn0034442	150	165	315	0.476190476190476
FBgn0034443	24	21	45	0.533333333333333
FBgn0034446	44	47	91	0.483516483516484
FBgn0034447	182	172	354	0.514124293785311
FBgn0034451	87	85	172	0.505813953488372
FBgn0034452	331	336	667	0.496251874062969
FBgn0034454	100	100	200	0.5
FBgn0034455	139	166	305	0.455737704918033
FBgn0034456	144	129	273	0.527472527472527
FBgn0034457	149	175	324	0.459876543209877
FBgn0034458	185	193	378	0.489417989417989
FBgn0034459	161	200	361	0.445983379501385
FBgn0034460	55	64	119	0.46218487394958
FBgn0034461	50	92	142	0.352112676056338
FBgn0034462	124	118	242	0.512396694214876
FBgn0034463	116	126	242	0.479338842975207
FBgn0034464	140	118	258	0.542635658914729
FBgn0034467	209	251	460	0.454347826086957
FBgn0034468	84	69	153	0.549019607843137
FBgn0034470	147	137	284	0.517605633802817
FBgn0034471	0	0	0	NA
FBgn0034472	36	56	92	0.391304347826087
FBgn0034473	70	52	122	0.573770491803279
FBgn0034474	69	44	113	0.610619469026549
FBgn0034475	56	61	117	0.478632478632479
FBgn0034476	382	426	808	0.472772277227723
FBgn0034477	159	136	295	0.538983050847458
FBgn0034478	61	62	123	0.495934959349593
FBgn0034479	212	243	455	0.465934065934066
FBgn0034480	50	53	103	0.485436893203884
FBgn0034481	71	86	157	0.452229299363057
FBgn0034483	53	59	112	0.473214285714286
FBgn0034484	194	168	362	0.535911602209945
FBgn0034485	149	155	304	0.490131578947368
FBgn0034486	29	19	48	0.604166666666667
FBgn0034487	192	161	353	0.543909348441926
FBgn0034488	157	152	309	0.508090614886731
FBgn0034489	180	187	367	0.490463215258856
FBgn0034490	170	165	335	0.507462686567164
FBgn0034491	170	185	355	0.47887323943662
FBgn0034493	388	437	825	0.47030303030303
FBgn0034494	223	193	416	0.536057692307692
FBgn0034495	114	95	209	0.545454545454545
FBgn0034496	198	193	391	0.506393861892583
FBgn0034497	173	144	317	0.545741324921136
FBgn0034498	437	467	904	0.483407079646018
FBgn0034499	91	137	228	0.399122807017544
FBgn0034500	214	169	383	0.558746736292428
FBgn0034501	227	227	454	0.5
FBgn0034502	150	153	303	0.495049504950495
FBgn0034503	54	45	99	0.545454545454545
FBgn0034504	107	120	227	0.47136563876652
FBgn0034505	44	64	108	0.407407407407407
FBgn0034506	93	96	189	0.492063492063492
FBgn0034507	105	105	210	0.5
FBgn0034509	38	36	74	0.513513513513513
FBgn0034510	65	68	133	0.488721804511278
FBgn0034511	46	56	102	0.450980392156863
FBgn0034512	133	136	269	0.494423791821561
FBgn0034513	161	176	337	0.477744807121662
FBgn0034514	17	30	47	0.361702127659574
FBgn0034515	106	114	220	0.481818181818182
FBgn0034517	0	0	0	NA
FBgn0034518	0	0	0	NA
FBgn0034519	0	0	0	NA
FBgn0034520	172	172	344	0.5
FBgn0034521	150	140	290	0.517241379310345
FBgn0034523	46	41	87	0.528735632183908
FBgn0034527	72	77	149	0.483221476510067
FBgn0034528	79	69	148	0.533783783783784
FBgn0034529	290	280	570	0.508771929824561
FBgn0034530	243	241	484	0.502066115702479
FBgn0034532	106	129	235	0.451063829787234
FBgn0034534	29	29	58	0.5
FBgn0034535	37	37	74	0.5
FBgn0034537	101	121	222	0.454954954954955
FBgn0034538	136	127	263	0.517110266159696
FBgn0034539	50	60	110	0.454545454545455
FBgn0034540	355	302	657	0.540334855403349
FBgn0034541	48	47	95	0.505263157894737
FBgn0034542	141	134	275	0.512727272727273
FBgn0034543	126	118	244	0.516393442622951
FBgn0034545	74	81	155	0.47741935483871
FBgn0034546	175	203	378	0.462962962962963
FBgn0034548	98	98	196	0.5
FBgn0034551	42	37	79	0.531645569620253
FBgn0034552	227	212	439	0.517084282460137
FBgn0034553	214	181	395	0.541772151898734
FBgn0034554	152	123	275	0.552727272727273
FBgn0034558	117	135	252	0.464285714285714
FBgn0034560	65	82	147	0.442176870748299
FBgn0034563	100	101	201	0.497512437810945
FBgn0034564	43	33	76	0.565789473684211
FBgn0034565	76	76	152	0.5
FBgn0034566	178	179	357	0.49859943977591
FBgn0034567	184	177	361	0.509695290858726
FBgn0034568	395	372	767	0.514993481095176
FBgn0034569	206	212	418	0.492822966507177
FBgn0034570	222	215	437	0.508009153318078
FBgn0034572	139	147	286	0.486013986013986
FBgn0034573	112	123	235	0.476595744680851
FBgn0034576	85	77	162	0.524691358024691
FBgn0034577	137	143	280	0.489285714285714
FBgn0034578	8	15	23	0.347826086956522
FBgn0034579	57	92	149	0.38255033557047
FBgn0034580	129	126	255	0.505882352941176
FBgn0034582	24	26	50	0.48
FBgn0034583	44	50	94	0.468085106382979
FBgn0034585	116	110	226	0.513274336283186
FBgn0034588	176	200	376	0.468085106382979
FBgn0034590	464	401	865	0.536416184971098
FBgn0034592	57	35	92	0.619565217391304
FBgn0034595	34	24	58	0.586206896551724
FBgn0034598	333	322	655	0.508396946564886
FBgn0034599	40	41	81	0.493827160493827
FBgn0034601	72	98	170	0.423529411764706
FBgn0034602	187	192	379	0.493403693931398
FBgn0034605	236	222	458	0.51528384279476
FBgn0034606	403	399	802	0.502493765586035
FBgn0034611	123	131	254	0.484251968503937
FBgn0034612	166	180	346	0.479768786127168
FBgn0034614	0	0	0	NA
FBgn0034617	0	0	0	NA
FBgn0034618	195	240	435	0.448275862068966
FBgn0034622	247	224	471	0.524416135881104
FBgn0034623	100	120	220	0.454545454545455
FBgn0034624	102	103	205	0.497560975609756
FBgn0034626	78	76	154	0.506493506493506
FBgn0034627	151	150	301	0.501661129568106
FBgn0034628	190	164	354	0.536723163841808
FBgn0034629	254	227	481	0.528066528066528
FBgn0034631	132	143	275	0.48
FBgn0034634	118	91	209	0.564593301435407
FBgn0034636	148	152	300	0.493333333333333
FBgn0034638	116	94	210	0.552380952380952
FBgn0034639	110	107	217	0.506912442396313
FBgn0034641	328	371	699	0.469241773962804
FBgn0034642	2	3	5	0.4
FBgn0034643	143	114	257	0.556420233463035
FBgn0034644	235	203	438	0.536529680365297
FBgn0034645	44	48	92	0.478260869565217
FBgn0034646	78	104	182	0.428571428571429
FBgn0034647	196	169	365	0.536986301369863
FBgn0034649	0	0	0	NA
FBgn0034650	27	37	64	0.421875
FBgn0034651	103	89	192	0.536458333333333
FBgn0034654	50	35	85	0.588235294117647
FBgn0034655	130	77	207	0.628019323671498
FBgn0034657	254	243	497	0.511066398390342
FBgn0034658	58	57	115	0.504347826086956
FBgn0034659	125	110	235	0.531914893617021
FBgn0034660	190	202	392	0.48469387755102
FBgn0034661	101	103	204	0.495098039215686
FBgn0034662	575	536	1111	0.517551755175518
FBgn0034663	62	65	127	0.488188976377953
FBgn0034664	72	112	184	0.391304347826087
FBgn0034665	100	102	202	0.495049504950495
FBgn0034666	29	49	78	0.371794871794872
FBgn0034667	162	138	300	0.54
FBgn0034670	131	144	275	0.476363636363636
FBgn0034671	67	72	139	0.482014388489209
FBgn0034674	181	200	381	0.4750656167979
FBgn0034681	77	87	164	0.469512195121951
FBgn0034683	125	115	240	0.520833333333333
FBgn0034684	184	175	359	0.512534818941504
FBgn0034687	106	109	215	0.493023255813954
FBgn0034688	168	175	343	0.489795918367347
FBgn0034689	155	144	299	0.518394648829431
FBgn0034691	396	386	782	0.506393861892583
FBgn0034692	199	203	402	0.495024875621891
FBgn0034693	248	215	463	0.535637149028078
FBgn0034694	247	236	483	0.511387163561077
FBgn0034697	177	184	361	0.490304709141274
FBgn0034700	8	5	13	0.615384615384615
FBgn0034703	123	147	270	0.455555555555556
FBgn0034704	25	27	52	0.480769230769231
FBgn0034705	118	151	269	0.438661710037175
FBgn0034706	168	181	349	0.481375358166189
FBgn0034707	182	179	361	0.50415512465374
FBgn0034708	233	220	453	0.514348785871965
FBgn0034709	154	160	314	0.490445859872611
FBgn0034710	175	166	341	0.513196480938416
FBgn0034712	194	207	401	0.483790523690773
FBgn0034713	93	105	198	0.46969696969697
FBgn0034715	198	192	390	0.507692307692308
FBgn0034716	312	250	562	0.555160142348754
FBgn0034717	291	281	572	0.508741258741259
FBgn0034718	325	295	620	0.524193548387097
FBgn0034720	548	562	1110	0.493693693693694
FBgn0034721	90	69	159	0.566037735849057
FBgn0034722	151	135	286	0.527972027972028
FBgn0034723	215	218	433	0.496535796766744
FBgn0034724	116	117	233	0.497854077253219
FBgn0034725	158	146	304	0.519736842105263
FBgn0034726	63	79	142	0.443661971830986
FBgn0034727	53	77	130	0.407692307692308
FBgn0034728	262	243	505	0.518811881188119
FBgn0034729	84	104	188	0.446808510638298
FBgn0034730	143	129	272	0.525735294117647
FBgn0034731	297	307	604	0.491721854304636
FBgn0034733	351	351	702	0.5
FBgn0034734	696	699	1395	0.498924731182796
FBgn0034735	115	133	248	0.463709677419355
FBgn0034736	177	164	341	0.519061583577713
FBgn0034737	69	68	137	0.503649635036496
FBgn0034739	72	93	165	0.436363636363636
FBgn0034740	170	185	355	0.47887323943662
FBgn0034741	86	87	173	0.497109826589595
FBgn0034742	167	169	336	0.49702380952381
FBgn0034743	33	45	78	0.423076923076923
FBgn0034744	23	26	49	0.469387755102041
FBgn0034745	218	256	474	0.459915611814346
FBgn0034748	50	69	119	0.420168067226891
FBgn0034750	76	49	125	0.608
FBgn0034753	67	70	137	0.489051094890511
FBgn0034755	44	47	91	0.483516483516484
FBgn0034756	31	50	81	0.382716049382716
FBgn0034758	0	0	0	NA
FBgn0034759	0	0	0	NA
FBgn0034761	73	59	132	0.553030303030303
FBgn0034763	102	78	180	0.566666666666667
FBgn0034766	51	61	112	0.455357142857143
FBgn0034768	113	116	229	0.493449781659389
FBgn0034769	110	114	224	0.491071428571429
FBgn0034770	89	88	177	0.502824858757062
FBgn0034774	74	60	134	0.552238805970149
FBgn0034776	114	116	230	0.495652173913044
FBgn0034782	190	207	397	0.478589420654912
FBgn0034783	171	181	352	0.485795454545455
FBgn0034784	137	148	285	0.480701754385965
FBgn0034785	152	174	326	0.466257668711656
FBgn0034786	480	453	933	0.514469453376206
FBgn0034788	155	157	312	0.496794871794872
FBgn0034789	347	332	679	0.511045655375552
FBgn0034791	20	20	40	0.5
FBgn0034792	133	128	261	0.509578544061303
FBgn0034793	82	59	141	0.581560283687943
FBgn0034795	420	450	870	0.482758620689655
FBgn0034796	108	97	205	0.526829268292683
FBgn0034797	278	233	511	0.544031311154599
FBgn0034800	44	49	93	0.473118279569892
FBgn0034802	9	16	25	0.36
FBgn0034803	5	1	6	0.833333333333333
FBgn0034804	0	0	0	NA
FBgn0034807	0	0	0	NA
FBgn0034808	209	163	372	0.561827956989247
FBgn0034814	82	71	153	0.535947712418301
FBgn0034816	163	148	311	0.52411575562701
FBgn0034817	167	172	339	0.492625368731563
FBgn0034819	56	47	103	0.543689320388349
FBgn0034820	98	102	200	0.49
FBgn0034821	163	167	330	0.493939393939394
FBgn0034822	30	19	49	0.612244897959184
FBgn0034824	112	93	205	0.546341463414634
FBgn0034825	61	75	136	0.448529411764706
FBgn0034826	84	106	190	0.442105263157895
FBgn0034827	94	83	177	0.531073446327684
FBgn0034828	86	65	151	0.56953642384106
FBgn0034829	305	292	597	0.510887772194305
FBgn0034833	107	110	217	0.493087557603687
FBgn0034834	52	52	104	0.5
FBgn0034835	107	100	207	0.516908212560386
FBgn0034837	77	65	142	0.542253521126761
FBgn0034838	93	90	183	0.508196721311475
FBgn0034839	76	65	141	0.539007092198582
FBgn0034840	125	138	263	0.475285171102662
FBgn0034841	84	109	193	0.435233160621762
FBgn0034842	109	122	231	0.471861471861472
FBgn0034844	221	203	424	0.52122641509434
FBgn0034846	37	34	71	0.52112676056338
FBgn0034849	57	56	113	0.504424778761062
FBgn0034850	35	44	79	0.443037974683544
FBgn0034853	292	280	572	0.510489510489511
FBgn0034854	300	280	580	0.517241379310345
FBgn0034856	54	48	102	0.529411764705882
FBgn0034858	42	46	88	0.477272727272727
FBgn0034859	356	350	706	0.504249291784703
FBgn0034860	200	211	411	0.48661800486618
FBgn0034861	191	171	362	0.527624309392265
FBgn0034863	78	91	169	0.461538461538462
FBgn0034865	151	178	329	0.458966565349544
FBgn0034866	114	116	230	0.495652173913044
FBgn0034867	73	67	140	0.521428571428571
FBgn0034869	107	113	220	0.486363636363636
FBgn0034870	81	113	194	0.417525773195876
FBgn0034871	98	66	164	0.597560975609756
FBgn0034876	97	87	184	0.527173913043478
FBgn0034877	43	36	79	0.544303797468354
FBgn0034878	152	138	290	0.524137931034483
FBgn0034879	79	59	138	0.572463768115942
FBgn0034880	256	276	532	0.481203007518797
FBgn0034882	85	73	158	0.537974683544304
FBgn0034883	217	188	405	0.535802469135802
FBgn0034884	88	81	169	0.520710059171598
FBgn0034885	243	233	476	0.510504201680672
FBgn0034887	113	108	221	0.51131221719457
FBgn0034893	36	34	70	0.514285714285714
FBgn0034894	110	102	212	0.518867924528302
FBgn0034897	92	106	198	0.464646464646465
FBgn0034898	67	71	138	0.485507246376812
FBgn0034899	98	109	207	0.473429951690821
FBgn0034900	18	19	37	0.486486486486487
FBgn0034901	45	34	79	0.569620253164557
FBgn0034902	75	74	149	0.503355704697987
FBgn0034903	576	605	1181	0.487722269263336
FBgn0034904	81	74	155	0.52258064516129
FBgn0034906	35	35	70	0.5
FBgn0034907	45	46	91	0.494505494505495
FBgn0034908	133	120	253	0.525691699604743
FBgn0034909	84	107	191	0.43979057591623
FBgn0034910	150	133	283	0.530035335689046
FBgn0034911	480	479	959	0.500521376433785
FBgn0034913	127	107	234	0.542735042735043
FBgn0034914	118	89	207	0.570048309178744
FBgn0034915	96	67	163	0.588957055214724
FBgn0034918	56	66	122	0.459016393442623
FBgn0034919	61	56	117	0.521367521367521
FBgn0034920	106	117	223	0.475336322869955
FBgn0034921	21	13	34	0.617647058823529
FBgn0034923	116	127	243	0.477366255144033
FBgn0034924	59	44	103	0.572815533980582
FBgn0034925	31	32	63	0.492063492063492
FBgn0034928	111	121	232	0.478448275862069
FBgn0034931	0	0	0	NA
FBgn0034933	200	197	397	0.503778337531486
FBgn0034935	132	123	255	0.517647058823529
FBgn0034936	97	98	195	0.497435897435897
FBgn0034937	61	69	130	0.469230769230769
FBgn0034938	117	93	210	0.557142857142857
FBgn0034939	125	120	245	0.510204081632653
FBgn0034940	83	86	169	0.49112426035503
FBgn0034942	51	52	103	0.495145631067961
FBgn0034943	168	193	361	0.465373961218837
FBgn0034945	15	10	25	0.6
FBgn0034946	69	97	166	0.41566265060241
FBgn0034948	143	144	287	0.498257839721254
FBgn0034950	141	122	263	0.536121673003802
FBgn0034951	126	119	245	0.514285714285714
FBgn0034956	202	173	375	0.538666666666667
FBgn0034957	177	155	332	0.533132530120482
FBgn0034958	114	119	233	0.489270386266094
FBgn0034959	54	70	124	0.435483870967742
FBgn0034961	46	37	83	0.55421686746988
FBgn0034962	138	130	268	0.514925373134328
FBgn0034963	90	91	181	0.497237569060773
FBgn0034964	425	393	818	0.519559902200489
FBgn0034965	136	154	290	0.468965517241379
FBgn0034966	134	145	279	0.480286738351254
FBgn0034968	53	55	108	0.490740740740741
FBgn0034970	67	68	135	0.496296296296296
FBgn0034971	152	173	325	0.467692307692308
FBgn0034972	163	162	325	0.501538461538461
FBgn0034973	59	64	123	0.479674796747967
FBgn0034974	215	246	461	0.466377440347072
FBgn0034975	439	414	853	0.514654161781946
FBgn0034976	444	385	829	0.535585042219542
FBgn0034978	244	250	494	0.493927125506073
FBgn0034982	165	149	314	0.525477707006369
FBgn0034985	382	416	798	0.478696741854637
FBgn0034986	29	33	62	0.467741935483871
FBgn0034988	64	74	138	0.463768115942029
FBgn0034989	82	85	167	0.491017964071856
FBgn0034990	271	252	523	0.518164435946463
FBgn0034994	133	107	240	0.554166666666667
FBgn0034996	121	133	254	0.476377952755905
FBgn0034997	191	164	355	0.538028169014084
FBgn0034998	120	86	206	0.58252427184466
FBgn0034999	199	230	429	0.463869463869464
FBgn0035000	60	47	107	0.560747663551402
FBgn0035001	370	356	726	0.509641873278237
FBgn0035003	97	93	190	0.510526315789474
FBgn0035004	59	60	119	0.495798319327731
FBgn0035005	67	68	135	0.496296296296296
FBgn0035006	116	118	234	0.495726495726496
FBgn0035007	67	83	150	0.446666666666667
FBgn0035008	54	40	94	0.574468085106383
FBgn0035009	65	58	123	0.528455284552846
FBgn0035010	255	219	474	0.537974683544304
FBgn0035011	67	55	122	0.549180327868853
FBgn0035012	67	49	116	0.577586206896552
FBgn0035014	58	53	111	0.522522522522523
FBgn0035016	114	110	224	0.508928571428571
FBgn0035019	114	119	233	0.489270386266094
FBgn0035020	110	99	209	0.526315789473684
FBgn0035021	153	162	315	0.485714285714286
FBgn0035022	26	21	47	0.553191489361702
FBgn0035023	191	181	372	0.513440860215054
FBgn0035024	87	73	160	0.54375
FBgn0035025	16	28	44	0.363636363636364
FBgn0035026	128	115	243	0.526748971193416
FBgn0035027	113	102	215	0.525581395348837
FBgn0035028	128	103	231	0.554112554112554
FBgn0035031	68	72	140	0.485714285714286
FBgn0035032	44	44	88	0.5
FBgn0035033	75	82	157	0.477707006369427
FBgn0035034	21	16	37	0.567567567567568
FBgn0035035	23	7	30	0.766666666666667
FBgn0035036	48	49	97	0.494845360824742
FBgn0035039	69	89	158	0.436708860759494
FBgn0035040	85	92	177	0.480225988700565
FBgn0035041	229	264	493	0.464503042596349
FBgn0035042	37	65	102	0.362745098039216
FBgn0035043	79	79	158	0.5
FBgn0035044	29	30	59	0.491525423728814
FBgn0035046	22	25	47	0.468085106382979
FBgn0035047	50	40	90	0.555555555555556
FBgn0035049	189	246	435	0.43448275862069
FBgn0035050	29	23	52	0.557692307692308
FBgn0035056	53	49	102	0.519607843137255
FBgn0035057	9	2	11	0.818181818181818
FBgn0035059	9	15	24	0.375
FBgn0035060	80	89	169	0.473372781065089
FBgn0035063	9	14	23	0.391304347826087
FBgn0035064	20	14	34	0.588235294117647
FBgn0035065	24	25	49	0.489795918367347
FBgn0035068	44	51	95	0.463157894736842
FBgn0035069	61	88	149	0.409395973154362
FBgn0035070	69	64	133	0.518796992481203
FBgn0035073	103	85	188	0.547872340425532
FBgn0035076	45	52	97	0.463917525773196
FBgn0035077	0	0	0	NA
FBgn0035078	50	44	94	0.531914893617021
FBgn0035082	10	7	17	0.588235294117647
FBgn0035083	17	25	42	0.404761904761905
FBgn0035084	32	26	58	0.551724137931034
FBgn0035085	10	10	20	0.5
FBgn0035086	56	67	123	0.455284552845528
FBgn0035087	48	47	95	0.505263157894737
FBgn0035088	14	19	33	0.424242424242424
FBgn0035089	0	0	0	NA
FBgn0035090	9	17	26	0.346153846153846
FBgn0035091	40	41	81	0.493827160493827
FBgn0035092	33	36	69	0.478260869565217
FBgn0035094	288	310	598	0.481605351170569
FBgn0035097	17	12	29	0.586206896551724
FBgn0035099	25	33	58	0.431034482758621
FBgn0035101	31	25	56	0.553571428571429
FBgn0035102	0	0	0	NA
FBgn0035103	9	13	22	0.409090909090909
FBgn0035104	39	32	71	0.549295774647887
FBgn0035106	112	82	194	0.577319587628866
FBgn0035107	0	0	0	NA
FBgn0035109	29	19	48	0.604166666666667
FBgn0035110	0	0	0	NA
FBgn0035111	18	15	33	0.545454545454545
FBgn0035112	0	0	0	NA
FBgn0035113	20	16	36	0.555555555555556
FBgn0035120	21	14	35	0.6
FBgn0035121	51	44	95	0.536842105263158
FBgn0035122	25	16	41	0.609756097560976
FBgn0035124	66	74	140	0.471428571428571
FBgn0035131	107	113	220	0.486363636363636
FBgn0035132	151	132	283	0.53356890459364
FBgn0035134	28	15	43	0.651162790697674
FBgn0035137	35	34	69	0.507246376811594
FBgn0035138	48	41	89	0.539325842696629
FBgn0035139	18	8	26	0.692307692307692
FBgn0035140	62	56	118	0.525423728813559
FBgn0035141	55	49	104	0.528846153846154
FBgn0035142	709	699	1408	0.503551136363636
FBgn0035143	119	112	231	0.515151515151515
FBgn0035144	171	159	330	0.518181818181818
FBgn0035145	374	319	693	0.53968253968254
FBgn0035146	55	67	122	0.450819672131148
FBgn0035147	188	207	395	0.475949367088608
FBgn0035148	77	77	154	0.5
FBgn0035149	46	36	82	0.560975609756098
FBgn0035150	221	215	436	0.506880733944954
FBgn0035151	168	148	316	0.531645569620253
FBgn0035152	116	101	217	0.534562211981567
FBgn0035153	207	190	397	0.521410579345088
FBgn0035154	177	176	353	0.501416430594901
FBgn0035155	63	92	155	0.406451612903226
FBgn0035157	186	187	373	0.498659517426273
FBgn0035158	149	167	316	0.471518987341772
FBgn0035159	94	88	182	0.516483516483517
FBgn0035160	161	141	302	0.533112582781457
FBgn0035161	62	75	137	0.452554744525547
FBgn0035162	135	113	248	0.544354838709677
FBgn0035164	88	67	155	0.567741935483871
FBgn0035165	75	110	185	0.405405405405405
FBgn0035166	101	113	214	0.47196261682243
FBgn0035167	190	174	364	0.521978021978022
FBgn0035168	599	592	1191	0.502938706968934
FBgn0035169	98	85	183	0.53551912568306
FBgn0035170	245	264	509	0.481335952848723
FBgn0035171	343	358	701	0.489300998573466
FBgn0035173	338	305	643	0.525660964230171
FBgn0035176	121	119	240	0.504166666666667
FBgn0035179	123	110	233	0.527896995708155
FBgn0035181	87	94	181	0.480662983425414
FBgn0035186	0	0	0	NA
FBgn0035187	55	49	104	0.528846153846154
FBgn0035189	121	86	207	0.584541062801932
FBgn0035192	53	51	104	0.509615384615385
FBgn0035193	24	21	45	0.533333333333333
FBgn0035194	49	29	78	0.628205128205128
FBgn0035196	55	55	110	0.5
FBgn0035197	0	0	0	NA
FBgn0035198	0	1	1	0
FBgn0035199	244	221	465	0.524731182795699
FBgn0035203	0	0	0	NA
FBgn0035204	0	0	0	NA
FBgn0035205	0	0	0	NA
FBgn0035206	0	0	0	NA
FBgn0035207	0	0	0	NA
FBgn0035208	95	110	205	0.463414634146341
FBgn0035209	13	14	27	0.481481481481481
FBgn0035210	56	54	110	0.509090909090909
FBgn0035211	100	110	210	0.476190476190476
FBgn0035213	145	140	285	0.508771929824561
FBgn0035216	210	198	408	0.514705882352941
FBgn0035217	178	158	336	0.529761904761905
FBgn0035218	235	222	457	0.514223194748359
FBgn0035227	505	484	989	0.51061678463094
FBgn0035228	128	124	252	0.507936507936508
FBgn0035229	507	536	1043	0.486097794822627
FBgn0035231	128	134	262	0.488549618320611
FBgn0035232	203	197	400	0.5075
FBgn0035233	79	76	155	0.509677419354839
FBgn0035234	142	128	270	0.525925925925926
FBgn0035235	273	270	543	0.502762430939227
FBgn0035236	350	410	760	0.460526315789474
FBgn0035237	544	614	1158	0.469775474956822
FBgn0035238	80	63	143	0.559440559440559
FBgn0035239	0	0	0	NA
FBgn0035240	0	0	0	NA
FBgn0035241	354	345	699	0.506437768240343
FBgn0035243	0	0	0	NA
FBgn0035244	198	194	392	0.505102040816326
FBgn0035245	195	212	407	0.479115479115479
FBgn0035246	38	36	74	0.513513513513513
FBgn0035247	9	8	17	0.529411764705882
FBgn0035248	14	19	33	0.424242424242424
FBgn0035249	22	23	45	0.488888888888889
FBgn0035251	0	0	0	NA
FBgn0035252	44	25	69	0.63768115942029
FBgn0035253	287	325	612	0.468954248366013
FBgn0035254	0	0	0	NA
FBgn0035255	105	116	221	0.475113122171946
FBgn0035256	165	168	333	0.495495495495495
FBgn0035257	100	92	192	0.520833333333333
FBgn0035258	124	98	222	0.558558558558559
FBgn0035260	364	340	704	0.517045454545455
FBgn0035262	149	158	307	0.485342019543974
FBgn0035263	90	110	200	0.45
FBgn0035264	138	156	294	0.469387755102041
FBgn0035265	90	92	182	0.494505494505495
FBgn0035266	136	128	264	0.515151515151515
FBgn0035267	182	126	308	0.590909090909091
FBgn0035268	34	29	63	0.53968253968254
FBgn0035270	33	43	76	0.434210526315789
FBgn0035271	0	0	0	NA
FBgn0035272	0	0	0	NA
FBgn0035273	65	52	117	0.555555555555556
FBgn0035279	49	46	95	0.515789473684211
FBgn0035280	13	4	17	0.764705882352941
FBgn0035281	134	119	253	0.529644268774704
FBgn0035282	157	190	347	0.452449567723343
FBgn0035283	71	55	126	0.563492063492063
FBgn0035285	163	183	346	0.471098265895954
FBgn0035286	153	135	288	0.53125
FBgn0035287	212	166	378	0.560846560846561
FBgn0035290	321	309	630	0.509523809523809
FBgn0035293	279	273	552	0.505434782608696
FBgn0035294	102	93	195	0.523076923076923
FBgn0035295	250	205	455	0.549450549450549
FBgn0035298	56	41	97	0.577319587628866
FBgn0035299	10	15	25	0.4
FBgn0035300	198	211	409	0.484107579462103
FBgn0035308	374	340	714	0.523809523809524
FBgn0035309	138	129	267	0.51685393258427
FBgn0035311	2	1	3	0.666666666666667
FBgn0035312	95	88	183	0.519125683060109
FBgn0035313	112	132	244	0.459016393442623
FBgn0035315	62	65	127	0.488188976377953
FBgn0035316	140	120	260	0.538461538461538
FBgn0035317	454	448	902	0.503325942350333
FBgn0035318	34	35	69	0.492753623188406
FBgn0035321	281	279	560	0.501785714285714
FBgn0035323	3	11	14	0.214285714285714
FBgn0035325	100	106	206	0.485436893203884
FBgn0035328	208	188	396	0.525252525252525
FBgn0035331	444	431	875	0.507428571428571
FBgn0035332	187	173	360	0.519444444444444
FBgn0035333	196	232	428	0.457943925233645
FBgn0035334	18	16	34	0.529411764705882
FBgn0035335	58	56	114	0.508771929824561
FBgn0035336	229	231	460	0.497826086956522
FBgn0035337	81	77	158	0.512658227848101
FBgn0035343	91	97	188	0.484042553191489
FBgn0035344	165	185	350	0.471428571428571
FBgn0035346	229	236	465	0.49247311827957
FBgn0035348	153	144	297	0.515151515151515
FBgn0035355	40	44	84	0.476190476190476
FBgn0035356	80	57	137	0.583941605839416
FBgn0035357	46	47	93	0.494623655913978
FBgn0035358	111	104	215	0.516279069767442
FBgn0035359	218	196	414	0.526570048309179
FBgn0035360	129	136	265	0.486792452830189
FBgn0035370	64	65	129	0.496124031007752
FBgn0035371	223	219	442	0.504524886877828
FBgn0035372	152	138	290	0.524137931034483
FBgn0035374	76	79	155	0.490322580645161
FBgn0035375	235	257	492	0.477642276422764
FBgn0035379	285	239	524	0.543893129770992
FBgn0035380	117	106	223	0.524663677130045
FBgn0035382	209	177	386	0.541450777202073
FBgn0035383	182	202	384	0.473958333333333
FBgn0035384	72	94	166	0.433734939759036
FBgn0035385	347	320	667	0.52023988005997
FBgn0035388	244	265	509	0.479371316306483
FBgn0035390	130	169	299	0.434782608695652
FBgn0035392	183	165	348	0.525862068965517
FBgn0035393	33	46	79	0.417721518987342
FBgn0035397	426	485	911	0.46761800219539
FBgn0035398	306	328	634	0.482649842271293
FBgn0035400	475	480	955	0.49738219895288
FBgn0035401	122	134	256	0.4765625
FBgn0035402	163	206	369	0.441734417344173
FBgn0035405	150	137	287	0.522648083623693
FBgn0035407	83	80	163	0.50920245398773
FBgn0035409	41	50	91	0.450549450549451
FBgn0035410	190	181	371	0.512129380053908
FBgn0035412	41	42	83	0.493975903614458
FBgn0035413	49	40	89	0.550561797752809
FBgn0035414	93	104	197	0.472081218274112
FBgn0035415	42	52	94	0.446808510638298
FBgn0035420	553	602	1155	0.478787878787879
FBgn0035421	90	88	178	0.50561797752809
FBgn0035422	28	23	51	0.549019607843137
FBgn0035423	61	67	128	0.4765625
FBgn0035424	426	423	849	0.501766784452297
FBgn0035425	97	80	177	0.548022598870056
FBgn0035426	114	106	220	0.518181818181818
FBgn0035427	165	149	314	0.525477707006369
FBgn0035428	194	150	344	0.563953488372093
FBgn0035429	302	298	600	0.503333333333333
FBgn0035430	312	346	658	0.474164133738602
FBgn0035431	179	186	365	0.49041095890411
FBgn0035432	309	298	607	0.509060955518946
FBgn0035434	56	60	116	0.482758620689655
FBgn0035435	69	63	132	0.522727272727273
FBgn0035436	12	5	17	0.705882352941177
FBgn0035437	258	248	506	0.509881422924901
FBgn0035438	131	154	285	0.459649122807018
FBgn0035439	227	209	436	0.520642201834862
FBgn0035440	115	104	219	0.525114155251142
FBgn0035443	152	135	287	0.529616724738676
FBgn0035444	109	128	237	0.459915611814346
FBgn0035445	113	110	223	0.506726457399103
FBgn0035449	145	135	280	0.517857142857143
FBgn0035452	175	166	341	0.513196480938416
FBgn0035453	137	154	291	0.470790378006873
FBgn0035455	95	77	172	0.552325581395349
FBgn0035458	133	152	285	0.466666666666667
FBgn0035461	83	99	182	0.456043956043956
FBgn0035462	168	168	336	0.5
FBgn0035464	89	118	207	0.429951690821256
FBgn0035468	131	120	251	0.52191235059761
FBgn0035469	39	47	86	0.453488372093023
FBgn0035470	83	68	151	0.549668874172185
FBgn0035471	118	121	239	0.493723849372385
FBgn0035473	127	151	278	0.456834532374101
FBgn0035475	135	132	267	0.50561797752809
FBgn0035476	149	164	313	0.476038338658147
FBgn0035477	404	427	831	0.486161251504212
FBgn0035478	77	63	140	0.55
FBgn0035479	9	7	16	0.5625
FBgn0035480	98	144	242	0.40495867768595
FBgn0035481	528	515	1043	0.506232023010546
FBgn0035482	240	250	490	0.489795918367347
FBgn0035483	82	91	173	0.473988439306358
FBgn0035484	230	200	430	0.534883720930233
FBgn0035486	0	0	0	NA
FBgn0035488	155	171	326	0.475460122699386
FBgn0035490	224	206	430	0.52093023255814
FBgn0035491	29	48	77	0.376623376623377
FBgn0035495	232	238	470	0.493617021276596
FBgn0035496	60	67	127	0.47244094488189
FBgn0035497	408	389	797	0.511919698870765
FBgn0035498	159	155	314	0.506369426751592
FBgn0035499	70	93	163	0.429447852760736
FBgn0035501	187	170	357	0.523809523809524
FBgn0035504	288	264	552	0.521739130434783
FBgn0035505	277	245	522	0.530651340996169
FBgn0035508	199	190	389	0.511568123393316
FBgn0035510	115	83	198	0.580808080808081
FBgn0035511	77	78	155	0.496774193548387
FBgn0035512	83	82	165	0.503030303030303
FBgn0035513	98	66	164	0.597560975609756
FBgn0035515	161	137	298	0.540268456375839
FBgn0035517	41	51	92	0.445652173913043
FBgn0035518	219	167	386	0.567357512953368
FBgn0035519	116	104	220	0.527272727272727
FBgn0035520	80	48	128	0.625
FBgn0035521	81	87	168	0.482142857142857
FBgn0035522	490	450	940	0.521276595744681
FBgn0035523	261	260	521	0.500959692898273
FBgn0035524	110	101	211	0.52132701421801
FBgn0035526	214	251	465	0.460215053763441
FBgn0035528	59	78	137	0.430656934306569
FBgn0035529	78	82	160	0.4875
FBgn0035532	83	98	181	0.458563535911602
FBgn0035533	319	329	648	0.492283950617284
FBgn0035534	63	42	105	0.6
FBgn0035537	72	84	156	0.461538461538462
FBgn0035538	287	263	550	0.521818181818182
FBgn0035539	191	191	382	0.5
FBgn0035540	42	45	87	0.482758620689655
FBgn0035541	41	43	84	0.488095238095238
FBgn0035542	302	349	651	0.463901689708141
FBgn0035543	355	345	700	0.507142857142857
FBgn0035544	98	78	176	0.556818181818182
FBgn0035545	97	87	184	0.527173913043478
FBgn0035546	79	82	161	0.490683229813665
FBgn0035547	94	87	181	0.519337016574586
FBgn0035548	66	70	136	0.485294117647059
FBgn0035550	168	171	339	0.495575221238938
FBgn0035551	56	63	119	0.470588235294118
FBgn0035552	83	86	169	0.49112426035503
FBgn0035553	204	193	397	0.513853904282116
FBgn0035554	85	75	160	0.53125
FBgn0035555	160	142	302	0.529801324503311
FBgn0035557	278	258	536	0.51865671641791
FBgn0035558	206	274	480	0.429166666666667
FBgn0035563	30	26	56	0.535714285714286
FBgn0035567	127	126	253	0.50197628458498
FBgn0035568	85	100	185	0.459459459459459
FBgn0035569	73	70	143	0.510489510489511
FBgn0035570	46	46	92	0.5
FBgn0035571	106	97	203	0.522167487684729
FBgn0035572	88	74	162	0.54320987654321
FBgn0035574	546	565	1111	0.491449144914491
FBgn0035575	114	129	243	0.469135802469136
FBgn0035577	177	156	333	0.531531531531532
FBgn0035578	193	166	359	0.537604456824513
FBgn0035581	1337	1296	2633	0.507785795670338
FBgn0035582	91	78	169	0.538461538461538
FBgn0035583	83	85	168	0.494047619047619
FBgn0035584	11	15	26	0.423076923076923
FBgn0035585	47	20	67	0.701492537313433
FBgn0035586	133	97	230	0.578260869565217
FBgn0035587	75	111	186	0.403225806451613
FBgn0035588	16	19	35	0.457142857142857
FBgn0035589	73	71	144	0.506944444444444
FBgn0035590	18	25	43	0.418604651162791
FBgn0035591	100	95	195	0.512820512820513
FBgn0035592	0	0	0	NA
FBgn0035593	131	106	237	0.552742616033755
FBgn0035594	36	48	84	0.428571428571429
FBgn0035598	122	151	273	0.446886446886447
FBgn0035600	79	64	143	0.552447552447552
FBgn0035601	6	8	14	0.428571428571429
FBgn0035603	0	0	0	NA
FBgn0035604	309	254	563	0.548845470692718
FBgn0035607	320	303	623	0.513643659711075
FBgn0035608	25	29	54	0.462962962962963
FBgn0035610	296	301	597	0.495812395309883
FBgn0035611	100	110	210	0.476190476190476
FBgn0035612	175	114	289	0.605536332179931
FBgn0035617	298	285	583	0.51114922813036
FBgn0035619	104	122	226	0.460176991150442
FBgn0035620	99	102	201	0.492537313432836
FBgn0035621	101	111	212	0.476415094339623
FBgn0035622	32	39	71	0.450704225352113
FBgn0035623	93	90	183	0.508196721311475
FBgn0035624	56	74	130	0.430769230769231
FBgn0035625	497	474	971	0.511843460350154
FBgn0035626	111	103	214	0.518691588785047
FBgn0035627	214	223	437	0.489702517162471
FBgn0035630	102	122	224	0.455357142857143
FBgn0035631	107	110	217	0.493087557603687
FBgn0035632	10	7	17	0.588235294117647
FBgn0035636	13	29	42	0.30952380952381
FBgn0035638	103	101	204	0.504901960784314
FBgn0035639	52	39	91	0.571428571428571
FBgn0035640	68	70	138	0.492753623188406
FBgn0035641	144	151	295	0.488135593220339
FBgn0035642	203	202	405	0.501234567901235
FBgn0035643	173	149	322	0.537267080745342
FBgn0035644	146	136	282	0.517730496453901
FBgn0035645	182	179	361	0.50415512465374
FBgn0035647	280	245	525	0.533333333333333
FBgn0035648	233	260	493	0.472616632860041
FBgn0035649	107	121	228	0.469298245614035
FBgn0035656	148	138	286	0.517482517482518
FBgn0035657	138	127	265	0.520754716981132
FBgn0035661	126	149	275	0.458181818181818
FBgn0035663	78	70	148	0.527027027027027
FBgn0035665	49	47	96	0.510416666666667
FBgn0035666	114	105	219	0.520547945205479
FBgn0035667	80	80	160	0.5
FBgn0035669	150	134	284	0.528169014084507
FBgn0035670	98	90	188	0.521276595744681
FBgn0035673	81	98	179	0.452513966480447
FBgn0035674	127	104	231	0.54978354978355
FBgn0035675	47	20	67	0.701492537313433
FBgn0035676	257	290	547	0.469835466179159
FBgn0035677	249	245	494	0.504048582995951
FBgn0035678	87	61	148	0.587837837837838
FBgn0035679	141	130	271	0.520295202952029
FBgn0035685	93	67	160	0.58125
FBgn0035686	59	45	104	0.567307692307692
FBgn0035687	104	123	227	0.458149779735683
FBgn0035688	382	404	786	0.486005089058524
FBgn0035689	292	313	605	0.482644628099174
FBgn0035690	183	161	344	0.531976744186046
FBgn0035691	134	150	284	0.471830985915493
FBgn0035692	84	75	159	0.528301886792453
FBgn0035693	59	59	118	0.5
FBgn0035694	25	12	37	0.675675675675676
FBgn0035695	223	235	458	0.486899563318777
FBgn0035696	325	409	734	0.442779291553134
FBgn0035697	112	114	226	0.495575221238938
FBgn0035699	236	208	444	0.531531531531532
FBgn0035702	162	129	291	0.556701030927835
FBgn0035703	241	196	437	0.551487414187643
FBgn0035704	256	280	536	0.477611940298507
FBgn0035708	301	302	603	0.499170812603648
FBgn0035709	54	63	117	0.461538461538462
FBgn0035710	327	332	659	0.496206373292868
FBgn0035711	81	90	171	0.473684210526316
FBgn0035713	351	384	735	0.477551020408163
FBgn0035714	1	1	2	0.5
FBgn0035715	99	95	194	0.510309278350515
FBgn0035718	103	106	209	0.492822966507177
FBgn0035719	259	272	531	0.487758945386064
FBgn0035720	394	415	809	0.487021013597033
FBgn0035721	61	61	122	0.5
FBgn0035722	64	42	106	0.60377358490566
FBgn0035724	240	193	433	0.554272517321016
FBgn0035725	98	90	188	0.521276595744681
FBgn0035726	139	173	312	0.445512820512821
FBgn0035727	56	61	117	0.478632478632479
FBgn0035730	41	37	78	0.525641025641026
FBgn0035733	310	299	609	0.509031198686371
FBgn0035734	135	156	291	0.463917525773196
FBgn0035735	44	41	85	0.517647058823529
FBgn0035736	80	75	155	0.516129032258065
FBgn0035737	45	63	108	0.416666666666667
FBgn0035741	92	119	211	0.436018957345972
FBgn0035742	12	18	30	0.4
FBgn0035743	101	84	185	0.545945945945946
FBgn0035750	152	124	276	0.550724637681159
FBgn0035751	125	114	239	0.523012552301255
FBgn0035753	57	61	118	0.483050847457627
FBgn0035754	70	73	143	0.48951048951049
FBgn0035755	89	69	158	0.563291139240506
FBgn0035756	753	819	1572	0.479007633587786
FBgn0035760	21	19	40	0.525
FBgn0035761	183	199	382	0.479057591623037
FBgn0035762	142	140	282	0.50354609929078
FBgn0035763	175	179	354	0.494350282485876
FBgn0035766	259	250	509	0.508840864440079
FBgn0035767	178	230	408	0.436274509803922
FBgn0035768	64	53	117	0.547008547008547
FBgn0035769	28	38	66	0.424242424242424
FBgn0035770	183	167	350	0.522857142857143
FBgn0035771	33	31	64	0.515625
FBgn0035772	196	199	395	0.49620253164557
FBgn0035776	91	98	189	0.481481481481481
FBgn0035777	229	297	526	0.435361216730038
FBgn0035779	104	125	229	0.454148471615721
FBgn0035780	82	109	191	0.429319371727749
FBgn0035781	79	99	178	0.443820224719101
FBgn0035782	59	54	113	0.52212389380531
FBgn0035785	187	170	357	0.523809523809524
FBgn0035786	0	0	0	NA
FBgn0035787	87	74	161	0.540372670807453
FBgn0035788	126	78	204	0.617647058823529
FBgn0035789	209	217	426	0.490610328638498
FBgn0035790	179	182	361	0.49584487534626
FBgn0035791	123	131	254	0.484251968503937
FBgn0035792	62	54	116	0.53448275862069
FBgn0035793	210	213	423	0.49645390070922
FBgn0035795	0	0	0	NA
FBgn0035797	251	258	509	0.493123772102161
FBgn0035798	343	336	679	0.505154639175258
FBgn0035799	236	267	503	0.469184890656064
FBgn0035800	191	213	404	0.472772277227723
FBgn0035802	748	752	1500	0.498666666666667
FBgn0035805	97	84	181	0.535911602209945
FBgn0035806	41	30	71	0.577464788732394
FBgn0035807	93	88	181	0.513812154696133
FBgn0035811	20	18	38	0.526315789473684
FBgn0035812	422	454	876	0.481735159817352
FBgn0035813	333	307	640	0.5203125
FBgn0035815	277	294	571	0.485113835376532
FBgn0035816	279	318	597	0.467336683417085
FBgn0035817	61	78	139	0.438848920863309
FBgn0035823	71	47	118	0.601694915254237
FBgn0035824	35	37	72	0.486111111111111
FBgn0035825	109	96	205	0.531707317073171
FBgn0035827	89	78	167	0.532934131736527
FBgn0035829	75	47	122	0.614754098360656
FBgn0035830	71	94	165	0.43030303030303
FBgn0035831	51	52	103	0.495145631067961
FBgn0035833	367	366	733	0.500682128240109
FBgn0035838	38	52	90	0.422222222222222
FBgn0035839	30	38	68	0.441176470588235
FBgn0035842	210	226	436	0.481651376146789
FBgn0035844	326	369	695	0.469064748201439
FBgn0035845	115	125	240	0.479166666666667
FBgn0035847	202	192	394	0.512690355329949
FBgn0035848	119	109	228	0.521929824561403
FBgn0035849	68	56	124	0.548387096774194
FBgn0035850	169	176	345	0.489855072463768
FBgn0035851	163	144	307	0.530944625407166
FBgn0035852	84	90	174	0.482758620689655
FBgn0035853	54	62	116	0.46551724137931
FBgn0035854	74	84	158	0.468354430379747
FBgn0035855	63	87	150	0.42
FBgn0035856	36	29	65	0.553846153846154
FBgn0035857	110	104	214	0.514018691588785
FBgn0035858	66	65	131	0.50381679389313
FBgn0035859	59	53	112	0.526785714285714
FBgn0035861	86	80	166	0.518072289156627
FBgn0035865	169	166	335	0.504477611940298
FBgn0035866	24	34	58	0.413793103448276
FBgn0035867	76	81	157	0.484076433121019
FBgn0035868	69	59	128	0.5390625
FBgn0035870	77	80	157	0.490445859872611
FBgn0035871	119	95	214	0.55607476635514
FBgn0035872	171	177	348	0.491379310344828
FBgn0035873	91	95	186	0.489247311827957
FBgn0035875	129	132	261	0.494252873563218
FBgn0035876	68	75	143	0.475524475524476
FBgn0035877	105	96	201	0.522388059701492
FBgn0035878	104	134	238	0.436974789915966
FBgn0035879	270	289	559	0.483005366726297
FBgn0035880	88	67	155	0.567741935483871
FBgn0035886	63	64	127	0.496062992125984
FBgn0035887	90	38	128	0.703125
FBgn0035888	221	193	414	0.533816425120773
FBgn0035889	0	0	0	NA
FBgn0035890	80	85	165	0.484848484848485
FBgn0035896	178	166	344	0.517441860465116
FBgn0035900	107	123	230	0.465217391304348
FBgn0035901	181	168	349	0.518624641833811
FBgn0035902	133	103	236	0.563559322033898
FBgn0035903	298	270	568	0.524647887323944
FBgn0035904	89	104	193	0.461139896373057
FBgn0035906	109	129	238	0.457983193277311
FBgn0035907	39	47	86	0.453488372093023
FBgn0035909	212	231	443	0.478555304740406
FBgn0035911	139	139	278	0.5
FBgn0035914	407	408	815	0.499386503067485
FBgn0035915	93	111	204	0.455882352941176
FBgn0035916	189	164	353	0.535410764872521
FBgn0035917	364	398	762	0.477690288713911
FBgn0035918	222	208	430	0.516279069767442
FBgn0035921	81	70	151	0.536423841059603
FBgn0035922	70	76	146	0.479452054794521
FBgn0035923	2816	2918	5734	0.49110568538542
FBgn0035924	225	215	440	0.511363636363636
FBgn0035926	55	39	94	0.585106382978723
FBgn0035928	172	150	322	0.53416149068323
FBgn0035929	77	99	176	0.4375
FBgn0035931	85	94	179	0.474860335195531
FBgn0035932	65	71	136	0.477941176470588
FBgn0035933	108	108	216	0.5
FBgn0035934	424	477	901	0.470588235294118
FBgn0035936	167	186	353	0.473087818696884
FBgn0035941	105	117	222	0.472972972972973
FBgn0035942	198	219	417	0.474820143884892
FBgn0035943	147	139	286	0.513986013986014
FBgn0035944	120	111	231	0.519480519480519
FBgn0035945	215	174	389	0.552699228791774
FBgn0035947	114	111	225	0.506666666666667
FBgn0035948	129	119	248	0.520161290322581
FBgn0035949	30	21	51	0.588235294117647
FBgn0035951	127	134	261	0.486590038314176
FBgn0035952	49	62	111	0.441441441441441
FBgn0035953	258	290	548	0.470802919708029
FBgn0035954	153	158	311	0.491961414790997
FBgn0035955	127	104	231	0.54978354978355
FBgn0035956	199	246	445	0.447191011235955
FBgn0035957	96	80	176	0.545454545454545
FBgn0035959	331	369	700	0.472857142857143
FBgn0035960	104	90	194	0.536082474226804
FBgn0035964	77	60	137	0.562043795620438
FBgn0035965	77	85	162	0.475308641975309
FBgn0035968	269	265	534	0.50374531835206
FBgn0035969	222	206	428	0.518691588785047
FBgn0035970	142	151	293	0.484641638225256
FBgn0035971	86	99	185	0.464864864864865
FBgn0035975	220	209	429	0.512820512820513
FBgn0035976	428	477	905	0.47292817679558
FBgn0035977	94	87	181	0.519337016574586
FBgn0035978	204	196	400	0.51
FBgn0035980	67	73	140	0.478571428571429
FBgn0035981	152	151	303	0.501650165016502
FBgn0035982	55	61	116	0.474137931034483
FBgn0035983	164	141	305	0.537704918032787
FBgn0035985	95	94	189	0.502645502645503
FBgn0035986	264	299	563	0.468916518650089
FBgn0035987	20	21	41	0.48780487804878
FBgn0035988	125	94	219	0.570776255707763
FBgn0035989	118	109	227	0.519823788546256
FBgn0035993	12	21	33	0.363636363636364
FBgn0035995	104	80	184	0.565217391304348
FBgn0035996	33	35	68	0.485294117647059
FBgn0035997	95	105	200	0.475
FBgn0035998	33	30	63	0.523809523809524
FBgn0035999	82	75	157	0.522292993630573
FBgn0036000	89	85	174	0.511494252873563
FBgn0036004	498	472	970	0.51340206185567
FBgn0036005	101	101	202	0.5
FBgn0036007	379	367	746	0.508042895442359
FBgn0036008	196	171	367	0.534059945504087
FBgn0036009	197	207	404	0.487623762376238
FBgn0036010	203	205	408	0.497549019607843
FBgn0036014	109	95	204	0.534313725490196
FBgn0036015	65	73	138	0.471014492753623
FBgn0036016	93	93	186	0.5
FBgn0036018	213	204	417	0.510791366906475
FBgn0036019	142	132	274	0.518248175182482
FBgn0036020	121	116	237	0.510548523206751
FBgn0036022	93	66	159	0.584905660377358
FBgn0036023	54	86	140	0.385714285714286
FBgn0036024	94	85	179	0.525139664804469
FBgn0036028	137	128	265	0.516981132075472
FBgn0036029	77	68	145	0.531034482758621
FBgn0036030	199	205	404	0.492574257425743
FBgn0036031	203	184	387	0.524547803617571
FBgn0036032	230	253	483	0.476190476190476
FBgn0036035	109	122	231	0.471861471861472
FBgn0036036	50	57	107	0.467289719626168
FBgn0036038	231	201	432	0.534722222222222
FBgn0036039	203	159	362	0.560773480662983
FBgn0036040	146	172	318	0.459119496855346
FBgn0036043	508	494	1002	0.506986027944112
FBgn0036044	329	319	648	0.507716049382716
FBgn0036046	76	52	128	0.59375
FBgn0036052	82	75	157	0.522292993630573
FBgn0036053	303	285	588	0.51530612244898
FBgn0036056	0	0	0	NA
FBgn0036057	0	0	0	NA
FBgn0036058	132	175	307	0.429967426710098
FBgn0036059	223	208	431	0.517401392111369
FBgn0036062	72	72	144	0.5
FBgn0036063	59	57	116	0.508620689655172
FBgn0036066	213	243	456	0.467105263157895
FBgn0036070	101	91	192	0.526041666666667
FBgn0036072	108	112	220	0.490909090909091
FBgn0036075	84	83	167	0.502994011976048
FBgn0036078	145	135	280	0.517857142857143
FBgn0036080	151	155	306	0.493464052287582
FBgn0036082	100	82	182	0.549450549450549
FBgn0036083	221	257	478	0.46234309623431
FBgn0036085	155	135	290	0.53448275862069
FBgn0036089	58	62	120	0.483333333333333
FBgn0036090	64	83	147	0.435374149659864
FBgn0036091	27	18	45	0.6
FBgn0036093	79	103	182	0.434065934065934
FBgn0036094	110	98	208	0.528846153846154
FBgn0036096	160	186	346	0.46242774566474
FBgn0036099	137	109	246	0.556910569105691
FBgn0036101	180	217	397	0.453400503778338
FBgn0036102	64	68	132	0.484848484848485
FBgn0036104	168	158	326	0.515337423312883
FBgn0036105	97	93	190	0.510526315789474
FBgn0036106	149	140	289	0.515570934256055
FBgn0036107	75	68	143	0.524475524475524
FBgn0036108	83	66	149	0.557046979865772
FBgn0036109	78	102	180	0.433333333333333
FBgn0036110	0	0	0	NA
FBgn0036111	156	145	301	0.518272425249169
FBgn0036112	89	96	185	0.481081081081081
FBgn0036116	292	331	623	0.468699839486356
FBgn0036117	149	167	316	0.471518987341772
FBgn0036118	44	46	90	0.488888888888889
FBgn0036121	58	51	109	0.532110091743119
FBgn0036124	325	349	674	0.482195845697329
FBgn0036125	148	124	272	0.544117647058823
FBgn0036126	9	10	19	0.473684210526316
FBgn0036128	98	89	187	0.524064171122995
FBgn0036131	50	29	79	0.632911392405063
FBgn0036133	204	195	399	0.511278195488722
FBgn0036134	382	388	770	0.496103896103896
FBgn0036135	74	70	144	0.513888888888889
FBgn0036136	79	70	149	0.530201342281879
FBgn0036138	55	77	132	0.416666666666667
FBgn0036139	110	125	235	0.468085106382979
FBgn0036141	102	91	193	0.528497409326425
FBgn0036142	127	133	260	0.488461538461538
FBgn0036143	252	251	503	0.500994035785288
FBgn0036144	333	357	690	0.482608695652174
FBgn0036145	77	121	198	0.388888888888889
FBgn0036146	84	72	156	0.538461538461538
FBgn0036147	334	296	630	0.53015873015873
FBgn0036150	294	282	576	0.510416666666667
FBgn0036152	180	141	321	0.560747663551402
FBgn0036153	147	141	288	0.510416666666667
FBgn0036154	162	174	336	0.482142857142857
FBgn0036155	164	158	322	0.509316770186335
FBgn0036156	71	50	121	0.586776859504132
FBgn0036157	125	135	260	0.480769230769231
FBgn0036158	91	72	163	0.558282208588957
FBgn0036159	104	80	184	0.565217391304348
FBgn0036160	124	110	234	0.52991452991453
FBgn0036161	66	73	139	0.474820143884892
FBgn0036162	210	200	410	0.51219512195122
FBgn0036165	218	199	417	0.522781774580336
FBgn0036168	152	195	347	0.438040345821326
FBgn0036170	0	0	0	NA
FBgn0036173	96	94	190	0.505263157894737
FBgn0036176	32	23	55	0.581818181818182
FBgn0036177	37	29	66	0.560606060606061
FBgn0036178	17	25	42	0.404761904761905
FBgn0036179	220	227	447	0.492170022371365
FBgn0036180	218	203	421	0.517814726840855
FBgn0036181	565	603	1168	0.483732876712329
FBgn0036183	173	169	342	0.505847953216374
FBgn0036184	101	104	205	0.492682926829268
FBgn0036186	250	227	477	0.524109014675052
FBgn0036187	161	150	311	0.517684887459807
FBgn0036188	123	119	242	0.508264462809917
FBgn0036191	133	126	259	0.513513513513513
FBgn0036192	69	80	149	0.463087248322148
FBgn0036193	149	152	301	0.495016611295681
FBgn0036194	137	166	303	0.452145214521452
FBgn0036195	191	211	402	0.475124378109453
FBgn0036196	216	220	436	0.495412844036697
FBgn0036198	60	61	121	0.495867768595041
FBgn0036199	154	135	289	0.532871972318339
FBgn0036202	409	402	811	0.504315659679408
FBgn0036203	129	137	266	0.484962406015038
FBgn0036204	52	40	92	0.565217391304348
FBgn0036205	200	212	412	0.485436893203884
FBgn0036206	238	212	450	0.528888888888889
FBgn0036207	168	181	349	0.481375358166189
FBgn0036208	69	97	166	0.41566265060241
FBgn0036210	91	88	179	0.508379888268156
FBgn0036211	114	99	213	0.535211267605634
FBgn0036212	144	126	270	0.533333333333333
FBgn0036213	47	69	116	0.405172413793103
FBgn0036214	113	121	234	0.482905982905983
FBgn0036217	77	66	143	0.538461538461538
FBgn0036218	196	202	398	0.492462311557789
FBgn0036219	114	115	229	0.497816593886463
FBgn0036220	113	107	220	0.513636363636364
FBgn0036221	92	86	178	0.51685393258427
FBgn0036222	123	116	239	0.514644351464435
FBgn0036224	141	132	273	0.516483516483517
FBgn0036225	33	41	74	0.445945945945946
FBgn0036226	109	93	202	0.53960396039604
FBgn0036227	60	40	100	0.6
FBgn0036228	47	51	98	0.479591836734694
FBgn0036229	242	230	472	0.51271186440678
FBgn0036230	48	61	109	0.440366972477064
FBgn0036232	42	38	80	0.525
FBgn0036235	375	325	700	0.535714285714286
FBgn0036236	6	9	15	0.4
FBgn0036237	59	56	115	0.51304347826087
FBgn0036239	145	155	300	0.483333333333333
FBgn0036240	238	233	471	0.505307855626327
FBgn0036242	136	148	284	0.47887323943662
FBgn0036246	74	80	154	0.480519480519481
FBgn0036248	79	72	151	0.52317880794702
FBgn0036249	80	66	146	0.547945205479452
FBgn0036250	153	120	273	0.56043956043956
FBgn0036254	204	192	396	0.515151515151515
FBgn0036255	12	11	23	0.521739130434783
FBgn0036257	179	156	335	0.534328358208955
FBgn0036258	94	100	194	0.484536082474227
FBgn0036259	395	140	535	0.738317757009346
FBgn0036260	344	328	672	0.511904761904762
FBgn0036262	224	202	426	0.525821596244131
FBgn0036263	70	82	152	0.460526315789474
FBgn0036264	94	109	203	0.463054187192118
FBgn0036266	156	176	332	0.469879518072289
FBgn0036271	74	74	148	0.5
FBgn0036272	234	223	457	0.512035010940919
FBgn0036273	261	256	517	0.504835589941973
FBgn0036274	121	128	249	0.485943775100402
FBgn0036277	60	61	121	0.495867768595041
FBgn0036278	335	368	703	0.476529160739687
FBgn0036279	535	564	1099	0.48680618744313
FBgn0036282	166	213	379	0.437994722955145
FBgn0036285	218	214	432	0.50462962962963
FBgn0036286	144	167	311	0.463022508038585
FBgn0036287	331	362	693	0.477633477633478
FBgn0036288	200	216	416	0.480769230769231
FBgn0036289	24	24	48	0.5
FBgn0036290	151	178	329	0.458966565349544
FBgn0036291	50	59	109	0.458715596330275
FBgn0036292	76	81	157	0.484076433121019
FBgn0036294	97	102	199	0.487437185929648
FBgn0036298	175	208	383	0.456919060052219
FBgn0036299	260	279	539	0.482374768089054
FBgn0036300	60	71	131	0.458015267175573
FBgn0036301	138	125	263	0.524714828897338
FBgn0036302	506	507	1013	0.499506416584403
FBgn0036305	156	149	305	0.511475409836066
FBgn0036306	115	111	226	0.508849557522124
FBgn0036309	340	308	648	0.524691358024691
FBgn0036310	203	156	359	0.565459610027855
FBgn0036311	97	99	196	0.494897959183673
FBgn0036314	81	97	178	0.455056179775281
FBgn0036316	448	405	853	0.525205158264947
FBgn0036317	217	203	420	0.516666666666667
FBgn0036318	292	309	601	0.48585690515807
FBgn0036319	299	319	618	0.483818770226537
FBgn0036320	141	148	289	0.487889273356401
FBgn0036321	329	316	645	0.510077519379845
FBgn0036323	86	92	178	0.48314606741573
FBgn0036324	92	59	151	0.609271523178808
FBgn0036325	113	138	251	0.450199203187251
FBgn0036327	67	50	117	0.572649572649573
FBgn0036328	72	86	158	0.455696202531646
FBgn0036329	176	191	367	0.479564032697548
FBgn0036330	59	48	107	0.551401869158878
FBgn0036331	97	95	192	0.505208333333333
FBgn0036332	160	164	324	0.493827160493827
FBgn0036333	70	80	150	0.466666666666667
FBgn0036334	38	36	74	0.513513513513513
FBgn0036335	52	41	93	0.559139784946237
FBgn0036336	17	19	36	0.472222222222222
FBgn0036337	145	155	300	0.483333333333333
FBgn0036340	194	170	364	0.532967032967033
FBgn0036341	108	101	209	0.516746411483254
FBgn0036342	150	145	295	0.508474576271186
FBgn0036343	135	121	256	0.52734375
FBgn0036345	103	96	199	0.517587939698492
FBgn0036346	58	81	139	0.41726618705036
FBgn0036348	415	451	866	0.479214780600462
FBgn0036349	53	32	85	0.623529411764706
FBgn0036350	57	57	114	0.5
FBgn0036351	85	78	163	0.521472392638037
FBgn0036352	96	80	176	0.545454545454545
FBgn0036353	172	148	320	0.5375
FBgn0036354	142	155	297	0.478114478114478
FBgn0036356	101	107	208	0.485576923076923
FBgn0036359	92	79	171	0.538011695906433
FBgn0036360	155	187	342	0.453216374269006
FBgn0036361	135	85	220	0.613636363636364
FBgn0036362	122	108	230	0.530434782608696
FBgn0036363	91	85	176	0.517045454545455
FBgn0036364	101	97	198	0.51010101010101
FBgn0036365	367	315	682	0.538123167155425
FBgn0036366	43	60	103	0.41747572815534
FBgn0036367	94	114	208	0.451923076923077
FBgn0036368	365	373	738	0.494579945799458
FBgn0036369	296	323	619	0.478190630048465
FBgn0036372	147	189	336	0.4375
FBgn0036373	226	206	432	0.523148148148148
FBgn0036374	470	472	942	0.498938428874735
FBgn0036376	67	81	148	0.452702702702703
FBgn0036377	207	208	415	0.498795180722892
FBgn0036380	31	36	67	0.462686567164179
FBgn0036381	274	266	540	0.507407407407407
FBgn0036382	105	96	201	0.522388059701492
FBgn0036386	297	291	588	0.505102040816326
FBgn0036389	0	0	0	NA
FBgn0036390	33	42	75	0.44
FBgn0036391	427	416	843	0.506524317912218
FBgn0036393	38	31	69	0.550724637681159
FBgn0036394	76	73	149	0.51006711409396
FBgn0036395	44	55	99	0.444444444444444
FBgn0036396	47	43	90	0.522222222222222
FBgn0036397	73	69	142	0.514084507042254
FBgn0036398	419	433	852	0.491784037558685
FBgn0036402	144	135	279	0.516129032258065
FBgn0036403	0	0	0	NA
FBgn0036405	72	47	119	0.605042016806723
FBgn0036406	33	28	61	0.540983606557377
FBgn0036410	305	274	579	0.526770293609672
FBgn0036411	163	143	306	0.532679738562091
FBgn0036414	118	120	238	0.495798319327731
FBgn0036415	34	38	72	0.472222222222222
FBgn0036416	94	105	199	0.472361809045226
FBgn0036417	62	66	128	0.484375
FBgn0036419	55	48	103	0.533980582524272
FBgn0036421	39	64	103	0.378640776699029
FBgn0036422	148	172	320	0.4625
FBgn0036423	133	126	259	0.513513513513513
FBgn0036426	50	66	116	0.431034482758621
FBgn0036427	129	139	268	0.48134328358209
FBgn0036428	252	225	477	0.528301886792453
FBgn0036433	69	47	116	0.594827586206897
FBgn0036436	86	105	191	0.450261780104712
FBgn0036437	112	75	187	0.598930481283422
FBgn0036438	75	66	141	0.531914893617021
FBgn0036439	27	26	53	0.509433962264151
FBgn0036440	224	237	461	0.48590021691974
FBgn0036441	40	50	90	0.444444444444444
FBgn0036442	47	48	95	0.494736842105263
FBgn0036443	55	59	114	0.482456140350877
FBgn0036446	325	302	627	0.518341307814992
FBgn0036447	85	92	177	0.480225988700565
FBgn0036448	486	475	961	0.505723204994797
FBgn0036449	203	217	420	0.483333333333333
FBgn0036450	192	190	382	0.50261780104712
FBgn0036451	490	423	913	0.536692223439211
FBgn0036454	371	364	735	0.504761904761905
FBgn0036459	182	174	356	0.51123595505618
FBgn0036460	117	108	225	0.52
FBgn0036461	163	165	328	0.496951219512195
FBgn0036462	58	61	119	0.487394957983193
FBgn0036463	450	431	881	0.510783200908059
FBgn0036465	93	74	167	0.55688622754491
FBgn0036466	33	28	61	0.540983606557377
FBgn0036467	35	31	66	0.53030303030303
FBgn0036468	72	64	136	0.529411764705882
FBgn0036469	73	94	167	0.437125748502994
FBgn0036470	59	62	121	0.487603305785124
FBgn0036471	94	90	184	0.510869565217391
FBgn0036474	132	141	273	0.483516483516484
FBgn0036476	148	150	298	0.496644295302013
FBgn0036479	87	100	187	0.46524064171123
FBgn0036480	0	0	0	NA
FBgn0036481	95	103	198	0.47979797979798
FBgn0036482	81	84	165	0.490909090909091
FBgn0036483	78	84	162	0.481481481481481
FBgn0036484	79	96	175	0.451428571428571
FBgn0036485	228	208	436	0.522935779816514
FBgn0036486	126	129	255	0.494117647058824
FBgn0036487	42	57	99	0.424242424242424
FBgn0036488	41	23	64	0.640625
FBgn0036489	91	98	189	0.481481481481481
FBgn0036490	26	23	49	0.530612244897959
FBgn0036491	102	112	214	0.476635514018692
FBgn0036492	51	89	140	0.364285714285714
FBgn0036493	396	417	813	0.487084870848708
FBgn0036494	209	200	409	0.511002444987775
FBgn0036495	39	30	69	0.565217391304348
FBgn0036496	96	94	190	0.505263157894737
FBgn0036497	37	42	79	0.468354430379747
FBgn0036498	40	29	69	0.579710144927536
FBgn0036499	35	37	72	0.486111111111111
FBgn0036500	69	63	132	0.522727272727273
FBgn0036501	75	93	168	0.446428571428571
FBgn0036502	60	55	115	0.521739130434783
FBgn0036503	45	39	84	0.535714285714286
FBgn0036504	0	0	0	NA
FBgn0036505	16	24	40	0.4
FBgn0036509	63	68	131	0.480916030534351
FBgn0036510	74	116	190	0.389473684210526
FBgn0036512	33	36	69	0.478260869565217
FBgn0036514	100	115	215	0.465116279069767
FBgn0036515	11	14	25	0.44
FBgn0036516	69	86	155	0.445161290322581
FBgn0036518	311	297	608	0.511513157894737
FBgn0036519	36	49	85	0.423529411764706
FBgn0036520	199	259	458	0.434497816593886
FBgn0036522	244	266	510	0.47843137254902
FBgn0036527	196	173	369	0.531165311653117
FBgn0036528	95	79	174	0.545977011494253
FBgn0036529	203	214	417	0.486810551558753
FBgn0036531	41	32	73	0.561643835616438
FBgn0036532	22	27	49	0.448979591836735
FBgn0036534	271	279	550	0.492727272727273
FBgn0036536	29	31	60	0.483333333333333
FBgn0036537	86	78	164	0.524390243902439
FBgn0036538	101	82	183	0.551912568306011
FBgn0036544	378	338	716	0.527932960893855
FBgn0036545	53	48	101	0.524752475247525
FBgn0036547	138	119	257	0.536964980544747
FBgn0036549	97	95	192	0.505208333333333
FBgn0036550	69	58	127	0.543307086614173
FBgn0036551	70	58	128	0.546875
FBgn0036552	72	73	145	0.496551724137931
FBgn0036553	102	86	188	0.542553191489362
FBgn0036556	247	264	511	0.483365949119374
FBgn0036557	48	38	86	0.558139534883721
FBgn0036560	157	163	320	0.490625
FBgn0036563	58	58	116	0.5
FBgn0036565	173	188	361	0.479224376731302
FBgn0036566	107	103	210	0.509523809523809
FBgn0036567	13	15	28	0.464285714285714
FBgn0036568	92	74	166	0.55421686746988
FBgn0036569	111	117	228	0.486842105263158
FBgn0036570	92	98	190	0.484210526315789
FBgn0036571	106	150	256	0.4140625
FBgn0036574	93	102	195	0.476923076923077
FBgn0036575	38	45	83	0.457831325301205
FBgn0036576	134	142	276	0.485507246376812
FBgn0036577	49	46	95	0.515789473684211
FBgn0036579	150	146	296	0.506756756756757
FBgn0036580	57	48	105	0.542857142857143
FBgn0036581	81	82	163	0.496932515337423
FBgn0036583	143	164	307	0.465798045602606
FBgn0036584	128	92	220	0.581818181818182
FBgn0036585	59	47	106	0.556603773584906
FBgn0036586	45	58	103	0.436893203883495
FBgn0036587	182	200	382	0.476439790575916
FBgn0036588	47	50	97	0.484536082474227
FBgn0036589	74	77	151	0.490066225165563
FBgn0036590	73	78	151	0.483443708609272
FBgn0036591	86	96	182	0.472527472527473
FBgn0036592	67	67	134	0.5
FBgn0036593	125	121	246	0.508130081300813
FBgn0036594	54	60	114	0.473684210526316
FBgn0036595	35	36	71	0.492957746478873
FBgn0036596	101	110	211	0.478672985781991
FBgn0036597	66	95	161	0.409937888198758
FBgn0036598	52	55	107	0.485981308411215
FBgn0036599	5	5	10	0.5
FBgn0036600	55	56	111	0.495495495495495
FBgn0036601	58	64	122	0.475409836065574
FBgn0036602	56	57	113	0.495575221238938
FBgn0036603	73	95	168	0.43452380952381
FBgn0036605	0	0	0	NA
FBgn0036606	53	24	77	0.688311688311688
FBgn0036607	70	68	138	0.507246376811594
FBgn0036608	90	72	162	0.555555555555556
FBgn0036609	1	0	1	1
FBgn0036610	48	66	114	0.421052631578947
FBgn0036612	178	182	360	0.494444444444444
FBgn0036614	57	53	110	0.518181818181818
FBgn0036617	103	86	189	0.544973544973545
FBgn0036618	88	83	171	0.514619883040936
FBgn0036619	87	89	176	0.494318181818182
FBgn0036620	94	89	183	0.513661202185792
FBgn0036621	285	354	639	0.446009389671362
FBgn0036622	111	102	213	0.52112676056338
FBgn0036623	159	181	340	0.467647058823529
FBgn0036624	237	257	494	0.479757085020243
FBgn0036627	142	170	312	0.455128205128205
FBgn0036629	127	142	269	0.472118959107807
FBgn0036638	114	105	219	0.520547945205479
FBgn0036639	93	110	203	0.458128078817734
FBgn0036640	39	51	90	0.433333333333333
FBgn0036641	15	15	30	0.5
FBgn0036643	0	0	0	NA
FBgn0036646	81	37	118	0.686440677966102
FBgn0036648	4	16	20	0.2
FBgn0036652	119	122	241	0.493775933609959
FBgn0036654	77	73	150	0.513333333333333
FBgn0036655	0	0	0	NA
FBgn0036656	47	38	85	0.552941176470588
FBgn0036659	200	193	393	0.508905852417303
FBgn0036660	105	111	216	0.486111111111111
FBgn0036661	121	100	221	0.547511312217195
FBgn0036662	61	77	138	0.442028985507246
FBgn0036663	445	479	924	0.481601731601732
FBgn0036665	206	183	389	0.529562982005141
FBgn0036666	145	152	297	0.488215488215488
FBgn0036667	26	21	47	0.553191489361702
FBgn0036668	234	209	443	0.528216704288939
FBgn0036670	21	24	45	0.466666666666667
FBgn0036671	59	66	125	0.472
FBgn0036676	7	16	23	0.304347826086957
FBgn0036677	127	123	250	0.508
FBgn0036678	510	466	976	0.522540983606557
FBgn0036679	69	67	136	0.507352941176471
FBgn0036680	173	192	365	0.473972602739726
FBgn0036681	95	87	182	0.521978021978022
FBgn0036684	370	371	741	0.499325236167341
FBgn0036685	79	66	145	0.544827586206897
FBgn0036686	108	131	239	0.451882845188285
FBgn0036687	97	118	215	0.451162790697674
FBgn0036688	139	131	270	0.514814814814815
FBgn0036689	105	107	212	0.495283018867925
FBgn0036690	33	47	80	0.4125
FBgn0036691	51	45	96	0.53125
FBgn0036695	59	76	135	0.437037037037037
FBgn0036696	43	60	103	0.41747572815534
FBgn0036697	241	260	501	0.481037924151697
FBgn0036698	115	126	241	0.477178423236515
FBgn0036702	72	86	158	0.455696202531646
FBgn0036703	52	53	105	0.495238095238095
FBgn0036704	82	107	189	0.433862433862434
FBgn0036705	33	46	79	0.417721518987342
FBgn0036706	40	43	83	0.481927710843373
FBgn0036707	68	77	145	0.468965517241379
FBgn0036708	49	28	77	0.636363636363636
FBgn0036709	64	64	128	0.5
FBgn0036710	126	123	249	0.506024096385542
FBgn0036711	75	70	145	0.517241379310345
FBgn0036712	224	190	414	0.541062801932367
FBgn0036713	150	131	281	0.533807829181495
FBgn0036714	269	235	504	0.533730158730159
FBgn0036715	462	502	964	0.479253112033195
FBgn0036716	152	139	291	0.52233676975945
FBgn0036717	97	90	187	0.518716577540107
FBgn0036723	66	65	131	0.50381679389313
FBgn0036725	540	554	1094	0.493601462522852
FBgn0036726	23	26	49	0.469387755102041
FBgn0036727	139	122	261	0.532567049808429
FBgn0036728	111	112	223	0.497757847533632
FBgn0036729	62	86	148	0.418918918918919
FBgn0036730	75	93	168	0.446428571428571
FBgn0036731	148	157	305	0.485245901639344
FBgn0036732	262	281	543	0.482504604051565
FBgn0036733	87	88	175	0.497142857142857
FBgn0036734	109	114	223	0.488789237668161
FBgn0036735	129	123	252	0.511904761904762
FBgn0036738	46	56	102	0.450980392156863
FBgn0036740	82	86	168	0.488095238095238
FBgn0036741	191	219	410	0.465853658536585
FBgn0036742	140	160	300	0.466666666666667
FBgn0036745	57	45	102	0.558823529411765
FBgn0036746	209	229	438	0.477168949771689
FBgn0036747	313	326	639	0.489827856025039
FBgn0036749	141	122	263	0.536121673003802
FBgn0036750	172	173	345	0.498550724637681
FBgn0036751	118	102	220	0.536363636363636
FBgn0036752	199	198	397	0.501259445843829
FBgn0036754	142	137	279	0.508960573476703
FBgn0036756	144	147	291	0.494845360824742
FBgn0036757	157	167	324	0.484567901234568
FBgn0036759	36	49	85	0.423529411764706
FBgn0036760	2	1	3	0.666666666666667
FBgn0036761	72	52	124	0.580645161290323
FBgn0036762	114	96	210	0.542857142857143
FBgn0036763	99	86	185	0.535135135135135
FBgn0036764	78	89	167	0.467065868263473
FBgn0036765	206	251	457	0.450765864332604
FBgn0036766	66	60	126	0.523809523809524
FBgn0036767	67	66	133	0.503759398496241
FBgn0036768	222	207	429	0.517482517482518
FBgn0036769	170	146	316	0.537974683544304
FBgn0036770	299	277	576	0.519097222222222
FBgn0036771	66	97	163	0.404907975460123
FBgn0036772	150	159	309	0.485436893203884
FBgn0036773	198	181	379	0.522427440633245
FBgn0036774	72	63	135	0.533333333333333
FBgn0036775	124	141	265	0.467924528301887
FBgn0036777	93	93	186	0.5
FBgn0036778	267	308	575	0.464347826086957
FBgn0036780	132	157	289	0.456747404844291
FBgn0036781	339	326	665	0.509774436090226
FBgn0036782	180	173	353	0.509915014164306
FBgn0036783	83	100	183	0.453551912568306
FBgn0036784	113	125	238	0.474789915966387
FBgn0036785	192	183	375	0.512
FBgn0036786	89	67	156	0.57051282051282
FBgn0036787	38	50	88	0.431818181818182
FBgn0036789	341	339	680	0.501470588235294
FBgn0036790	274	256	530	0.516981132075472
FBgn0036791	18	24	42	0.428571428571429
FBgn0036793	4	0	4	1
FBgn0036795	63	75	138	0.456521739130435
FBgn0036796	202	176	378	0.534391534391534
FBgn0036799	0	0	0	NA
FBgn0036801	317	330	647	0.489953632148377
FBgn0036804	58	38	96	0.604166666666667
FBgn0036805	22	34	56	0.392857142857143
FBgn0036806	117	91	208	0.5625
FBgn0036807	88	89	177	0.497175141242938
FBgn0036808	135	164	299	0.451505016722408
FBgn0036809	51	79	130	0.392307692307692
FBgn0036810	31	52	83	0.373493975903614
FBgn0036811	52	34	86	0.604651162790698
FBgn0036812	159	141	300	0.53
FBgn0036813	54	51	105	0.514285714285714
FBgn0036814	140	149	289	0.484429065743945
FBgn0036815	9	11	20	0.45
FBgn0036816	77	71	148	0.52027027027027
FBgn0036817	0	0	0	NA
FBgn0036818	86	107	193	0.44559585492228
FBgn0036819	64	93	157	0.407643312101911
FBgn0036820	22	17	39	0.564102564102564
FBgn0036821	152	158	310	0.490322580645161
FBgn0036822	37	53	90	0.411111111111111
FBgn0036824	69	63	132	0.522727272727273
FBgn0036825	38	37	75	0.506666666666667
FBgn0036826	78	64	142	0.549295774647887
FBgn0036827	48	60	108	0.444444444444444
FBgn0036828	125	122	247	0.506072874493927
FBgn0036829	12	7	19	0.631578947368421
FBgn0036830	46	58	104	0.442307692307692
FBgn0036831	49	60	109	0.44954128440367
FBgn0036832	42	35	77	0.545454545454545
FBgn0036833	71	67	138	0.514492753623188
FBgn0036834	146	151	297	0.491582491582492
FBgn0036835	42	46	88	0.477272727272727
FBgn0036836	229	220	449	0.510022271714922
FBgn0036837	202	198	400	0.505
FBgn0036838	133	172	305	0.436065573770492
FBgn0036839	189	176	365	0.517808219178082
FBgn0036842	212	220	432	0.490740740740741
FBgn0036843	68	67	135	0.503703703703704
FBgn0036844	281	304	585	0.48034188034188
FBgn0036846	82	104	186	0.440860215053763
FBgn0036847	89	82	171	0.52046783625731
FBgn0036848	121	128	249	0.485943775100402
FBgn0036849	76	65	141	0.539007092198582
FBgn0036850	99	95	194	0.510309278350515
FBgn0036851	236	252	488	0.483606557377049
FBgn0036853	97	107	204	0.475490196078431
FBgn0036856	0	0	0	NA
FBgn0036857	95	109	204	0.465686274509804
FBgn0036858	52	68	120	0.433333333333333
FBgn0036859	192	230	422	0.454976303317536
FBgn0036860	143	150	293	0.488054607508532
FBgn0036861	71	65	136	0.522058823529412
FBgn0036862	262	263	525	0.499047619047619
FBgn0036868	126	117	243	0.518518518518518
FBgn0036870	37	28	65	0.569230769230769
FBgn0036871	54	56	110	0.490909090909091
FBgn0036872	29	34	63	0.46031746031746
FBgn0036873	0	0	0	NA
FBgn0036874	107	90	197	0.543147208121827
FBgn0036875	98	136	234	0.418803418803419
FBgn0036876	74	83	157	0.471337579617834
FBgn0036877	150	154	304	0.493421052631579
FBgn0036878	59	56	115	0.51304347826087
FBgn0036879	39	39	78	0.5
FBgn0036880	120	124	244	0.491803278688525
FBgn0036881	176	157	333	0.528528528528528
FBgn0036882	0	0	0	NA
FBgn0036886	0	0	0	NA
FBgn0036887	4	3	7	0.571428571428571
FBgn0036888	35	28	63	0.555555555555556
FBgn0036889	32	33	65	0.492307692307692
FBgn0036890	77	82	159	0.484276729559748
FBgn0036891	72	55	127	0.566929133858268
FBgn0036892	97	105	202	0.48019801980198
FBgn0036893	23	28	51	0.450980392156863
FBgn0036895	98	103	201	0.487562189054726
FBgn0036896	164	167	331	0.495468277945619
FBgn0036897	197	191	388	0.507731958762887
FBgn0036899	238	207	445	0.534831460674157
FBgn0036900	107	119	226	0.473451327433628
FBgn0036905	0	0	0	NA
FBgn0036906	86	88	174	0.494252873563218
FBgn0036908	22	20	42	0.523809523809524
FBgn0036909	1	0	1	1
FBgn0036910	13	19	32	0.40625
FBgn0036911	72	64	136	0.529411764705882
FBgn0036913	135	135	270	0.5
FBgn0036915	3	10	13	0.230769230769231
FBgn0036916	16	14	30	0.533333333333333
FBgn0036918	82	100	182	0.450549450549451
FBgn0036919	85	88	173	0.491329479768786
FBgn0036920	9	10	19	0.473684210526316
FBgn0036921	33	36	69	0.478260869565217
FBgn0036922	41	42	83	0.493975903614458
FBgn0036923	34	26	60	0.566666666666667
FBgn0036924	26	32	58	0.448275862068966
FBgn0036925	45	54	99	0.454545454545455
FBgn0036926	79	83	162	0.487654320987654
FBgn0036927	46	36	82	0.560975609756098
FBgn0036928	47	55	102	0.46078431372549
FBgn0036929	83	81	164	0.50609756097561
FBgn0036931	69	86	155	0.445161290322581
FBgn0036932	29	29	58	0.5
FBgn0036934	217	187	404	0.537128712871287
FBgn0036935	164	133	297	0.552188552188552
FBgn0036936	117	124	241	0.485477178423237
FBgn0036937	60	48	108	0.555555555555556
FBgn0036938	21	17	38	0.552631578947368
FBgn0036939	107	104	211	0.507109004739337
FBgn0036940	27	25	52	0.519230769230769
FBgn0036941	17	18	35	0.485714285714286
FBgn0036942	52	53	105	0.495238095238095
FBgn0036945	23	21	44	0.522727272727273
FBgn0036947	11	21	32	0.34375
FBgn0036948	84	70	154	0.545454545454545
FBgn0036949	45	40	85	0.529411764705882
FBgn0036950	11	16	27	0.407407407407407
FBgn0036951	53	63	116	0.456896551724138
FBgn0036952	107	117	224	0.477678571428571
FBgn0036953	53	52	105	0.504761904761905
FBgn0036956	19	38	57	0.333333333333333
FBgn0036958	91	114	205	0.44390243902439
FBgn0036959	28	20	48	0.583333333333333
FBgn0036962	51	52	103	0.495145631067961
FBgn0036964	49	65	114	0.429824561403509
FBgn0036967	79	93	172	0.459302325581395
FBgn0036969	25	37	62	0.403225806451613
FBgn0036970	47	48	95	0.494736842105263
FBgn0036972	24	29	53	0.452830188679245
FBgn0036973	0	0	0	NA
FBgn0036974	45	34	79	0.569620253164557
FBgn0036975	31	30	61	0.508196721311475
FBgn0036977	0	0	0	NA
FBgn0036978	141	153	294	0.479591836734694
FBgn0036979	41	30	71	0.577464788732394
FBgn0036980	82	78	160	0.5125
FBgn0036984	14	14	28	0.5
FBgn0036985	23	21	44	0.522727272727273
FBgn0036986	68	68	136	0.5
FBgn0036987	23	19	42	0.547619047619048
FBgn0036988	63	52	115	0.547826086956522
FBgn0036990	28	18	46	0.608695652173913
FBgn0036991	44	33	77	0.571428571428571
FBgn0036992	13	16	29	0.448275862068966
FBgn0036993	23	25	48	0.479166666666667
FBgn0036994	15	11	26	0.576923076923077
FBgn0036995	64	66	130	0.492307692307692
FBgn0036996	20	21	41	0.48780487804878
FBgn0036997	31	41	72	0.430555555555556
FBgn0036998	6	11	17	0.352941176470588
FBgn0036999	41	50	91	0.450549450549451
FBgn0037000	110	87	197	0.558375634517767
FBgn0037001	41	33	74	0.554054054054054
FBgn0037003	88	75	163	0.539877300613497
FBgn0037004	32	16	48	0.666666666666667
FBgn0037005	32	25	57	0.56140350877193
FBgn0037007	68	62	130	0.523076923076923
FBgn0037008	28	36	64	0.4375
FBgn0037009	46	44	90	0.511111111111111
FBgn0037010	25	27	52	0.480769230769231
FBgn0037011	0	2	2	0
FBgn0037012	9	18	27	0.333333333333333
FBgn0037013	9	7	16	0.5625
FBgn0037014	30	63	93	0.32258064516129
FBgn0037015	109	104	213	0.511737089201878
FBgn0037016	135	133	268	0.503731343283582
FBgn0037017	61	48	109	0.559633027522936
FBgn0037018	4	5	9	0.444444444444444
FBgn0037019	55	54	109	0.504587155963303
FBgn0037020	63	56	119	0.529411764705882
FBgn0037021	73	64	137	0.532846715328467
FBgn0037022	48	44	92	0.521739130434783
FBgn0037023	66	49	115	0.573913043478261
FBgn0037024	88	77	165	0.533333333333333
FBgn0037025	154	148	302	0.509933774834437
FBgn0037026	40	57	97	0.412371134020619
FBgn0037027	75	110	185	0.405405405405405
FBgn0037028	33	25	58	0.568965517241379
FBgn0037030	0	0	0	NA
FBgn0037031	12	20	32	0.375
FBgn0037035	0	0	0	NA
FBgn0037036	49	57	106	0.462264150943396
FBgn0037037	115	124	239	0.481171548117155
FBgn0037038	16	9	25	0.64
FBgn0037039	39	49	88	0.443181818181818
FBgn0037040	135	139	274	0.492700729927007
FBgn0037042	42	34	76	0.552631578947368
FBgn0037044	36	35	71	0.507042253521127
FBgn0037045	28	31	59	0.474576271186441
FBgn0037046	8	6	14	0.571428571428571
FBgn0037050	0	0	0	NA
FBgn0037051	0	0	0	NA
FBgn0037057	0	0	0	NA
FBgn0037059	0	0	0	NA
FBgn0037060	49	49	98	0.5
FBgn0037061	0	0	0	NA
FBgn0037063	46	62	108	0.425925925925926
FBgn0037064	51	49	100	0.51
FBgn0037065	113	125	238	0.474789915966387
FBgn0037067	6	5	11	0.545454545454545
FBgn0037068	63	62	125	0.504
FBgn0037069	17	20	37	0.459459459459459
FBgn0037070	5	10	15	0.333333333333333
FBgn0037071	4	6	10	0.4
FBgn0037073	45	67	112	0.401785714285714
FBgn0037074	104	89	193	0.538860103626943
FBgn0037076	24	41	65	0.369230769230769
FBgn0037078	71	102	173	0.410404624277457
FBgn0037081	15	10	25	0.6
FBgn0037082	98	111	209	0.4688995215311
FBgn0037084	183	180	363	0.504132231404959
FBgn0037085	30	28	58	0.517241379310345
FBgn0037086	22	26	48	0.458333333333333
FBgn0037087	33	34	67	0.492537313432836
FBgn0037090	56	56	112	0.5
FBgn0037092	75	58	133	0.56390977443609
FBgn0037093	63	49	112	0.5625
FBgn0037094	53	61	114	0.464912280701754
FBgn0037098	161	190	351	0.458689458689459
FBgn0037099	91	99	190	0.478947368421053
FBgn0037100	82	77	159	0.515723270440252
FBgn0037101	34	27	61	0.557377049180328
FBgn0037102	35	32	67	0.522388059701492
FBgn0037105	207	194	401	0.516209476309227
FBgn0037106	90	78	168	0.535714285714286
FBgn0037107	207	134	341	0.607038123167155
FBgn0037108	96	92	188	0.51063829787234
FBgn0037109	124	147	271	0.457564575645756
FBgn0037110	16	20	36	0.444444444444444
FBgn0037114	5	1	6	0.833333333333333
FBgn0037115	21	28	49	0.428571428571429
FBgn0037116	68	81	149	0.456375838926175
FBgn0037117	109	124	233	0.467811158798283
FBgn0037120	29	35	64	0.453125
FBgn0037121	18	22	40	0.45
FBgn0037122	7	15	22	0.318181818181818
FBgn0037123	59	65	124	0.475806451612903
FBgn0037124	39	24	63	0.619047619047619
FBgn0037125	45	45	90	0.5
FBgn0037126	33	32	65	0.507692307692308
FBgn0037127	47	41	88	0.534090909090909
FBgn0037128	80	74	154	0.519480519480519
FBgn0037129	40	46	86	0.465116279069767
FBgn0037130	216	209	425	0.508235294117647
FBgn0037131	23	37	60	0.383333333333333
FBgn0037133	0	9	9	0
FBgn0037134	1	3	4	0.25
FBgn0037135	66	51	117	0.564102564102564
FBgn0037137	69	57	126	0.547619047619048
FBgn0037138	83	75	158	0.525316455696203
FBgn0037139	18	21	39	0.461538461538462
FBgn0037140	56	64	120	0.466666666666667
FBgn0037141	72	47	119	0.605042016806723
FBgn0037142	63	47	110	0.572727272727273
FBgn0037143	0	0	0	NA
FBgn0037144	73	73	146	0.5
FBgn0037146	235	221	456	0.515350877192982
FBgn0037147	33	31	64	0.515625
FBgn0037149	31	41	72	0.430555555555556
FBgn0037150	56	60	116	0.482758620689655
FBgn0037151	0	0	0	NA
FBgn0037153	364	359	723	0.503457814661134
FBgn0037156	2	0	2	1
FBgn0037162	39	55	94	0.414893617021277
FBgn0037163	77	71	148	0.52027027027027
FBgn0037164	103	102	205	0.502439024390244
FBgn0037165	27	15	42	0.642857142857143
FBgn0037166	91	109	200	0.455
FBgn0037167	52	44	96	0.541666666666667
FBgn0037169	21	20	41	0.51219512195122
FBgn0037170	36	35	71	0.507042253521127
FBgn0037171	221	228	449	0.492204899777283
FBgn0037172	47	54	101	0.465346534653465
FBgn0037174	44	32	76	0.578947368421053
FBgn0037175	0	0	0	NA
FBgn0037176	0	0	0	NA
FBgn0037177	0	0	0	NA
FBgn0037178	0	0	0	NA
FBgn0037179	52	54	106	0.490566037735849
FBgn0037180	0	0	0	NA
FBgn0037181	42	25	67	0.626865671641791
FBgn0037182	66	55	121	0.545454545454545
FBgn0037183	0	0	0	NA
FBgn0037184	0	0	0	NA
FBgn0037185	8	13	21	0.380952380952381
FBgn0037186	25	23	48	0.520833333333333
FBgn0037188	99	82	181	0.546961325966851
FBgn0037191	16	19	35	0.457142857142857
FBgn0037195	18	15	33	0.545454545454545
FBgn0037197	10	15	25	0.4
FBgn0037199	0	0	0	NA
FBgn0037200	0	0	0	NA
FBgn0037202	34	29	63	0.53968253968254
FBgn0037203	64	68	132	0.484848484848485
FBgn0037204	73	61	134	0.544776119402985
FBgn0037205	64	57	121	0.528925619834711
FBgn0037206	161	140	301	0.534883720930233
FBgn0037207	0	0	0	NA
FBgn0037213	72	58	130	0.553846153846154
FBgn0037215	15	14	29	0.517241379310345
FBgn0037217	9	20	29	0.310344827586207
FBgn0037218	92	86	178	0.51685393258427
FBgn0037220	60	69	129	0.465116279069767
FBgn0037222	38	53	91	0.417582417582418
FBgn0037223	52	50	102	0.509803921568627
FBgn0037224	24	29	53	0.452830188679245
FBgn0037225	48	43	91	0.527472527472527
FBgn0037227	22	22	44	0.5
FBgn0037228	19	13	32	0.59375
FBgn0037229	16	16	32	0.5
FBgn0037230	17	17	34	0.5
FBgn0037231	16	18	34	0.470588235294118
FBgn0037232	5	4	9	0.555555555555556
FBgn0037234	94	94	188	0.5
FBgn0037235	5	13	18	0.277777777777778
FBgn0037236	26	27	53	0.490566037735849
FBgn0037238	78	69	147	0.530612244897959
FBgn0037239	18	6	24	0.75
FBgn0037240	56	49	105	0.533333333333333
FBgn0037241	0	0	0	NA
FBgn0037242	6	14	20	0.3
FBgn0037244	13	19	32	0.40625
FBgn0037248	163	154	317	0.514195583596215
FBgn0037249	59	54	113	0.52212389380531
FBgn0037250	0	0	0	NA
FBgn0037251	0	0	0	NA
FBgn0037252	17	10	27	0.62962962962963
FBgn0037254	92	84	176	0.522727272727273
FBgn0037255	29	27	56	0.517857142857143
FBgn0037260	15	11	26	0.576923076923077
FBgn0037261	20	22	42	0.476190476190476
FBgn0037262	15	22	37	0.405405405405405
FBgn0037263	27	25	52	0.519230769230769
FBgn0037265	59	68	127	0.464566929133858
FBgn0037270	31	39	70	0.442857142857143
FBgn0037275	98	97	195	0.502564102564103
FBgn0037276	32	50	82	0.390243902439024
FBgn0037279	92	77	169	0.544378698224852
FBgn0037280	49	53	102	0.480392156862745
FBgn0037282	133	115	248	0.536290322580645
FBgn0037283	0	1	1	0
FBgn0037284	32	15	47	0.680851063829787
FBgn0037288	30	23	53	0.566037735849057
FBgn0037290	79	99	178	0.443820224719101
FBgn0037291	7	5	12	0.583333333333333
FBgn0037292	54	39	93	0.580645161290323
FBgn0037293	34	26	60	0.566666666666667
FBgn0037294	27	36	63	0.428571428571429
FBgn0037295	87	80	167	0.520958083832335
FBgn0037296	38	46	84	0.452380952380952
FBgn0037297	31	49	80	0.3875
FBgn0037298	74	86	160	0.4625
FBgn0037299	19	27	46	0.41304347826087
FBgn0037301	108	108	216	0.5
FBgn0037304	75	73	148	0.506756756756757
FBgn0037305	13	21	34	0.382352941176471
FBgn0037307	22	31	53	0.415094339622642
FBgn0037310	0	0	0	NA
FBgn0037312	47	31	78	0.602564102564103
FBgn0037313	41	41	82	0.5
FBgn0037315	27	35	62	0.435483870967742
FBgn0037317	22	17	39	0.564102564102564
FBgn0037320	16	15	31	0.516129032258065
FBgn0037322	0	0	0	NA
FBgn0037323	34	39	73	0.465753424657534
FBgn0037324	99	84	183	0.540983606557377
FBgn0037325	36	38	74	0.486486486486487
FBgn0037326	203	219	422	0.481042654028436
FBgn0037327	29	45	74	0.391891891891892
FBgn0037328	53	61	114	0.464912280701754
FBgn0037329	11	11	22	0.5
FBgn0037330	10	14	24	0.416666666666667
FBgn0037332	88	89	177	0.497175141242938
FBgn0037336	160	131	291	0.549828178694158
FBgn0037338	46	36	82	0.560975609756098
FBgn0037339	69	58	127	0.543307086614173
FBgn0037340	20	14	34	0.588235294117647
FBgn0037341	30	33	63	0.476190476190476
FBgn0037342	0	0	0	NA
FBgn0037344	95	89	184	0.516304347826087
FBgn0037345	14	14	28	0.5
FBgn0037347	51	30	81	0.62962962962963
FBgn0037350	19	25	44	0.431818181818182
FBgn0037351	27	19	46	0.58695652173913
FBgn0037354	0	0	0	NA
FBgn0037356	1	0	1	1
FBgn0037358	44	44	88	0.5
FBgn0037359	11	22	33	0.333333333333333
FBgn0037360	57	60	117	0.487179487179487
FBgn0037363	41	34	75	0.546666666666667
FBgn0037364	19	10	29	0.655172413793103
FBgn0037365	12	6	18	0.666666666666667
FBgn0037368	0	0	0	NA
FBgn0037369	0	0	0	NA
FBgn0037370	0	0	0	NA
FBgn0037371	15	17	32	0.46875
FBgn0037372	45	51	96	0.46875
FBgn0037374	41	52	93	0.440860215053763
FBgn0037375	93	83	176	0.528409090909091
FBgn0037376	64	57	121	0.528925619834711
FBgn0037377	38	44	82	0.463414634146341
FBgn0037378	49	49	98	0.5
FBgn0037379	79	64	143	0.552447552447552
FBgn0037382	11	8	19	0.578947368421053
FBgn0037383	0	0	0	NA
FBgn0037384	2	3	5	0.4
FBgn0037385	28	21	49	0.571428571428571
FBgn0037386	68	49	117	0.581196581196581
FBgn0037387	108	105	213	0.507042253521127
FBgn0037388	5	2	7	0.714285714285714
FBgn0037389	29	46	75	0.386666666666667
FBgn0037391	94	63	157	0.598726114649682
FBgn0037395	10	5	15	0.666666666666667
FBgn0037396	14	7	21	0.666666666666667
FBgn0037397	35	40	75	0.466666666666667
FBgn0037398	75	69	144	0.520833333333333
FBgn0037399	76	79	155	0.490322580645161
FBgn0037402	100	121	221	0.452488687782805
FBgn0037405	39	54	93	0.419354838709677
FBgn0037406	49	43	92	0.532608695652174
FBgn0037408	126	150	276	0.456521739130435
FBgn0037409	175	162	337	0.519287833827893
FBgn0037410	99	95	194	0.510309278350515
FBgn0037411	13	20	33	0.393939393939394
FBgn0037412	20	17	37	0.540540540540541
FBgn0037413	8	10	18	0.444444444444444
FBgn0037414	0	0	0	NA
FBgn0037415	19	15	34	0.558823529411765
FBgn0037416	9	11	20	0.45
FBgn0037417	22	23	45	0.488888888888889
FBgn0037418	0	0	0	NA
FBgn0037419	0	0	0	NA
FBgn0037420	0	0	0	NA
FBgn0037421	19	19	38	0.5
FBgn0037422	52	36	88	0.590909090909091
FBgn0037424	42	47	89	0.471910112359551
FBgn0037427	156	158	314	0.496815286624204
FBgn0037428	0	0	0	NA
FBgn0037429	5	2	7	0.714285714285714
FBgn0037430	11	13	24	0.458333333333333
FBgn0037431	40	25	65	0.615384615384615
FBgn0037432	48	62	110	0.436363636363636
FBgn0037433	13	18	31	0.419354838709677
FBgn0037435	11	15	26	0.423076923076923
FBgn0037436	19	35	54	0.351851851851852
FBgn0037439	51	52	103	0.495145631067961
FBgn0037440	75	95	170	0.441176470588235
FBgn0037442	150	185	335	0.447761194029851
FBgn0037443	163	176	339	0.480825958702065
FBgn0037445	42	47	89	0.471910112359551
FBgn0037446	52	43	95	0.547368421052632
FBgn0037447	16	21	37	0.432432432432432
FBgn0037448	136	129	265	0.513207547169811
FBgn0037449	96	103	199	0.482412060301508
FBgn0037454	92	82	174	0.528735632183908
FBgn0037455	29	62	91	0.318681318681319
FBgn0037456	87	64	151	0.576158940397351
FBgn0037460	63	70	133	0.473684210526316
FBgn0037461	13	0	13	1
FBgn0037462	68	61	129	0.527131782945736
FBgn0037463	62	57	119	0.521008403361345
FBgn0037464	52	55	107	0.485981308411215
FBgn0037465	106	94	200	0.53
FBgn0037466	101	108	209	0.483253588516746
FBgn0037467	97	85	182	0.532967032967033
FBgn0037468	27	36	63	0.428571428571429
FBgn0037469	46	30	76	0.605263157894737
FBgn0037470	39	42	81	0.481481481481481
FBgn0037472	18	23	41	0.439024390243902
FBgn0037473	58	56	114	0.508771929824561
FBgn0037475	59	67	126	0.468253968253968
FBgn0037477	0	0	0	NA
FBgn0037478	5	7	12	0.416666666666667
FBgn0037481	33	25	58	0.568965517241379
FBgn0037482	66	35	101	0.653465346534653
FBgn0037483	0	0	0	NA
FBgn0037485	54	66	120	0.45
FBgn0037486	23	18	41	0.560975609756098
FBgn0037487	253	256	509	0.49705304518664
FBgn0037488	100	92	192	0.520833333333333
FBgn0037489	61	55	116	0.525862068965517
FBgn0037490	28	23	51	0.549019607843137
FBgn0037491	40	39	79	0.506329113924051
FBgn0037492	27	18	45	0.6
FBgn0037493	77	71	148	0.52027027027027
FBgn0037498	111	122	233	0.476394849785408
FBgn0037500	44	38	82	0.536585365853659
FBgn0037501	81	79	160	0.50625
FBgn0037502	137	150	287	0.477351916376307
FBgn0037503	16	23	39	0.41025641025641
FBgn0037504	8	2	10	0.8
FBgn0037506	93	87	180	0.516666666666667
FBgn0037512	81	84	165	0.490909090909091
FBgn0037513	27	21	48	0.5625
FBgn0037514	35	37	72	0.486111111111111
FBgn0037515	151	157	308	0.49025974025974
FBgn0037516	79	99	178	0.443820224719101
FBgn0037517	119	145	264	0.450757575757576
FBgn0037518	117	126	243	0.481481481481481
FBgn0037519	128	131	259	0.494208494208494
FBgn0037520	104	103	207	0.502415458937198
FBgn0037521	247	286	533	0.463414634146341
FBgn0037525	270	282	552	0.489130434782609
FBgn0037526	20	42	62	0.32258064516129
FBgn0037529	27	26	53	0.509433962264151
FBgn0037530	79	86	165	0.478787878787879
FBgn0037531	109	124	233	0.467811158798283
FBgn0037533	58	53	111	0.522522522522523
FBgn0037534	98	89	187	0.524064171122995
FBgn0037535	23	20	43	0.534883720930233
FBgn0037536	79	74	153	0.516339869281046
FBgn0037537	37	36	73	0.506849315068493
FBgn0037538	40	19	59	0.677966101694915
FBgn0037539	47	35	82	0.573170731707317
FBgn0037540	5	3	8	0.625
FBgn0037541	45	33	78	0.576923076923077
FBgn0037543	11	25	36	0.305555555555556
FBgn0037544	57	49	106	0.537735849056604
FBgn0037546	147	158	305	0.481967213114754
FBgn0037547	11	9	20	0.55
FBgn0037548	25	19	44	0.568181818181818
FBgn0037549	40	24	64	0.625
FBgn0037550	18	14	32	0.5625
FBgn0037551	72	49	121	0.59504132231405
FBgn0037552	58	40	98	0.591836734693878
FBgn0037553	101	96	197	0.512690355329949
FBgn0037554	37	44	81	0.45679012345679
FBgn0037555	71	81	152	0.467105263157895
FBgn0037556	77	81	158	0.487341772151899
FBgn0037560	43	34	77	0.558441558441558
FBgn0037561	76	91	167	0.455089820359281
FBgn0037562	37	42	79	0.468354430379747
FBgn0037563	39	36	75	0.52
FBgn0037565	78	74	152	0.513157894736842
FBgn0037566	45	34	79	0.569620253164557
FBgn0037569	15	13	28	0.535714285714286
FBgn0037570	53	55	108	0.490740740740741
FBgn0037571	26	22	48	0.541666666666667
FBgn0037572	11	13	24	0.458333333333333
FBgn0037573	3	9	12	0.25
FBgn0037574	37	40	77	0.480519480519481
FBgn0037576	42	19	61	0.688524590163934
FBgn0037577	0	0	0	NA
FBgn0037578	0	0	0	NA
FBgn0037579	0	0	0	NA
FBgn0037580	0	0	0	NA
FBgn0037581	0	0	0	NA
FBgn0037583	0	0	0	NA
FBgn0037584	0	0	0	NA
FBgn0037589	0	0	0	NA
FBgn0037590	25	48	73	0.342465753424658
FBgn0037591	37	33	70	0.528571428571429
FBgn0037592	130	160	290	0.448275862068966
FBgn0037594	59	67	126	0.468253968253968
FBgn0037601	92	69	161	0.571428571428571
FBgn0037602	4	14	18	0.222222222222222
FBgn0037603	0	0	0	NA
FBgn0037606	93	72	165	0.563636363636364
FBgn0037607	72	64	136	0.529411764705882
FBgn0037608	23	24	47	0.48936170212766
FBgn0037609	5	7	12	0.416666666666667
FBgn0037610	29	43	72	0.402777777777778
FBgn0037611	43	37	80	0.5375
FBgn0037612	0	0	0	NA
FBgn0037613	26	15	41	0.634146341463415
FBgn0037614	50	54	104	0.480769230769231
FBgn0037615	16	22	38	0.421052631578947
FBgn0037616	59	52	111	0.531531531531532
FBgn0037617	105	107	212	0.495283018867925
FBgn0037618	2	0	2	1
FBgn0037619	52	54	106	0.490566037735849
FBgn0037620	7	12	19	0.368421052631579
FBgn0037621	5	1	6	0.833333333333333
FBgn0037622	111	107	218	0.509174311926605
FBgn0037623	132	141	273	0.483516483516484
FBgn0037624	13	12	25	0.52
FBgn0037625	4	3	7	0.571428571428571
FBgn0037626	108	100	208	0.519230769230769
FBgn0037627	88	80	168	0.523809523809524
FBgn0037630	63	50	113	0.557522123893805
FBgn0037632	82	83	165	0.496969696969697
FBgn0037633	57	46	103	0.553398058252427
FBgn0037634	5	1	6	0.833333333333333
FBgn0037635	84	81	165	0.509090909090909
FBgn0037637	47	54	101	0.465346534653465
FBgn0037638	72	61	133	0.541353383458647
FBgn0037643	120	100	220	0.545454545454545
FBgn0037644	48	38	86	0.558139534883721
FBgn0037646	55	38	93	0.591397849462366
FBgn0037647	11	21	32	0.34375
FBgn0037648	62	101	163	0.380368098159509
FBgn0037650	29	38	67	0.432835820895522
FBgn0037652	22	26	48	0.458333333333333
FBgn0037653	60	54	114	0.526315789473684
FBgn0037654	35	57	92	0.380434782608696
FBgn0037655	81	78	159	0.509433962264151
FBgn0037656	23	16	39	0.58974358974359
FBgn0037657	71	62	133	0.533834586466165
FBgn0037659	127	140	267	0.47565543071161
FBgn0037660	21	24	45	0.466666666666667
FBgn0037661	76	86	162	0.469135802469136
FBgn0037662	59	80	139	0.424460431654676
FBgn0037664	160	154	314	0.509554140127389
FBgn0037665	66	50	116	0.568965517241379
FBgn0037666	105	110	215	0.488372093023256
FBgn0037667	28	47	75	0.373333333333333
FBgn0037668	3	3	6	0.5
FBgn0037669	29	33	62	0.467741935483871
FBgn0037670	1	2	3	0.333333333333333
FBgn0037671	32	50	82	0.390243902439024
FBgn0037672	74	65	139	0.532374100719424
FBgn0037675	71	58	129	0.550387596899225
FBgn0037676	210	229	439	0.478359908883827
FBgn0037677	103	117	220	0.468181818181818
FBgn0037678	28	55	83	0.337349397590361
FBgn0037679	108	114	222	0.486486486486487
FBgn0037680	168	163	331	0.507552870090634
FBgn0037683	37	45	82	0.451219512195122
FBgn0037684	91	82	173	0.526011560693642
FBgn0037685	59	71	130	0.453846153846154
FBgn0037686	28	30	58	0.482758620689655
FBgn0037687	30	21	51	0.588235294117647
FBgn0037688	39	27	66	0.590909090909091
FBgn0037689	0	0	0	NA
FBgn0037690	124	124	248	0.5
FBgn0037696	52	67	119	0.436974789915966
FBgn0037697	151	134	285	0.529824561403509
FBgn0037698	484	491	975	0.496410256410256
FBgn0037700	6	3	9	0.666666666666667
FBgn0037702	171	160	331	0.516616314199396
FBgn0037703	40	37	77	0.519480519480519
FBgn0037705	186	197	383	0.485639686684073
FBgn0037707	11	10	21	0.523809523809524
FBgn0037708	18	21	39	0.461538461538462
FBgn0037709	3	8	11	0.272727272727273
FBgn0037710	38	35	73	0.520547945205479
FBgn0037712	14	11	25	0.56
FBgn0037713	35	26	61	0.573770491803279
FBgn0037714	41	45	86	0.476744186046512
FBgn0037715	23	29	52	0.442307692307692
FBgn0037716	48	32	80	0.6
FBgn0037717	113	125	238	0.474789915966387
FBgn0037718	46	63	109	0.422018348623853
FBgn0037719	54	54	108	0.5
FBgn0037720	163	158	321	0.507788161993769
FBgn0037721	23	10	33	0.696969696969697
FBgn0037722	8	11	19	0.421052631578947
FBgn0037723	39	35	74	0.527027027027027
FBgn0037724	35	37	72	0.486111111111111
FBgn0037726	597	588	1185	0.50379746835443
FBgn0037727	68	74	142	0.47887323943662
FBgn0037728	0	5	5	0
FBgn0037730	15	15	30	0.5
FBgn0037731	0	0	0	NA
FBgn0037734	81	79	160	0.50625
FBgn0037736	90	103	193	0.466321243523316
FBgn0037737	15	33	48	0.3125
FBgn0037739	0	0	0	NA
FBgn0037741	0	0	0	NA
FBgn0037742	0	0	0	NA
FBgn0037743	10	15	25	0.4
FBgn0037746	36	28	64	0.5625
FBgn0037747	16	16	32	0.5
FBgn0037749	0	0	0	NA
FBgn0037750	60	70	130	0.461538461538462
FBgn0037751	87	86	173	0.502890173410405
FBgn0037753	0	0	0	NA
FBgn0037754	0	0	0	NA
FBgn0037755	0	0	0	NA
FBgn0037756	0	0	0	NA
FBgn0037757	14	16	30	0.466666666666667
FBgn0037758	15	17	32	0.46875
FBgn0037759	26	26	52	0.5
FBgn0037760	35	19	54	0.648148148148148
FBgn0037761	0	1	1	0
FBgn0037762	30	49	79	0.379746835443038
FBgn0037763	0	0	0	NA
FBgn0037764	40	38	78	0.512820512820513
FBgn0037765	40	66	106	0.377358490566038
FBgn0037766	96	120	216	0.444444444444444
FBgn0037770	76	67	143	0.531468531468531
FBgn0037772	25	33	58	0.431034482758621
FBgn0037773	0	0	0	NA
FBgn0037777	16	18	34	0.470588235294118
FBgn0037778	33	28	61	0.540983606557377
FBgn0037779	54	50	104	0.519230769230769
FBgn0037780	44	39	83	0.530120481927711
FBgn0037781	11	3	14	0.785714285714286
FBgn0037782	11	21	32	0.34375
FBgn0037783	11	10	21	0.523809523809524
FBgn0037786	9	12	21	0.428571428571429
FBgn0037788	143	130	273	0.523809523809524
FBgn0037792	195	166	361	0.54016620498615
FBgn0037794	53	44	97	0.54639175257732
FBgn0037796	65	62	127	0.511811023622047
FBgn0037797	0	0	0	NA
FBgn0037798	6	2	8	0.75
FBgn0037801	120	125	245	0.489795918367347
FBgn0037802	29	26	55	0.527272727272727
FBgn0037807	61	80	141	0.432624113475177
FBgn0037809	43	54	97	0.443298969072165
FBgn0037810	117	102	219	0.534246575342466
FBgn0037811	32	33	65	0.492307692307692
FBgn0037812	37	71	108	0.342592592592593
FBgn0037814	99	102	201	0.492537313432836
FBgn0037815	19	23	42	0.452380952380952
FBgn0037816	155	146	301	0.514950166112957
FBgn0037817	82	79	161	0.509316770186335
FBgn0037818	138	133	271	0.509225092250922
FBgn0037819	170	166	336	0.505952380952381
FBgn0037822	45	55	100	0.45
FBgn0037824	20	17	37	0.540540540540541
FBgn0037826	106	102	208	0.509615384615385
FBgn0037827	86	100	186	0.462365591397849
FBgn0037828	37	28	65	0.569230769230769
FBgn0037829	102	101	203	0.502463054187192
FBgn0037831	188	187	375	0.501333333333333
FBgn0037832	73	56	129	0.565891472868217
FBgn0037834	30	30	60	0.5
FBgn0037835	40	41	81	0.493827160493827
FBgn0037836	657	660	1317	0.498861047835991
FBgn0037837	177	145	322	0.549689440993789
FBgn0037838	154	133	287	0.536585365853659
FBgn0037841	53	43	96	0.552083333333333
FBgn0037842	25	30	55	0.454545454545455
FBgn0037843	111	92	203	0.54679802955665
FBgn0037844	74	64	138	0.536231884057971
FBgn0037845	103	103	206	0.5
FBgn0037846	125	135	260	0.480769230769231
FBgn0037848	17	22	39	0.435897435897436
FBgn0037849	66	103	169	0.390532544378698
FBgn0037850	30	18	48	0.625
FBgn0037852	78	98	176	0.443181818181818
FBgn0037853	101	70	171	0.590643274853801
FBgn0037855	108	123	231	0.467532467532468
FBgn0037856	109	116	225	0.484444444444444
FBgn0037857	10	2	12	0.833333333333333
FBgn0037860	75	87	162	0.462962962962963
FBgn0037862	101	91	192	0.526041666666667
FBgn0037870	68	88	156	0.435897435897436
FBgn0037873	63	77	140	0.45
FBgn0037874	57	60	117	0.487179487179487
FBgn0037875	160	119	279	0.573476702508961
FBgn0037876	33	42	75	0.44
FBgn0037877	102	106	208	0.490384615384615
FBgn0037878	52	43	95	0.547368421052632
FBgn0037879	34	28	62	0.548387096774194
FBgn0037880	68	79	147	0.462585034013605
FBgn0037881	62	60	122	0.508196721311475
FBgn0037882	70	87	157	0.445859872611465
FBgn0037883	1	5	6	0.166666666666667
FBgn0037884	161	163	324	0.496913580246914
FBgn0037885	67	58	125	0.536
FBgn0037888	58	95	153	0.379084967320261
FBgn0037889	58	41	99	0.585858585858586
FBgn0037890	115	112	227	0.506607929515419
FBgn0037891	129	167	296	0.435810810810811
FBgn0037892	50	63	113	0.442477876106195
FBgn0037894	91	87	178	0.51123595505618
FBgn0037895	99	83	182	0.543956043956044
FBgn0037896	172	139	311	0.553054662379421
FBgn0037897	263	256	519	0.506743737957611
FBgn0037898	31	16	47	0.659574468085106
FBgn0037899	0	0	0	NA
FBgn0037900	0	0	0	NA
FBgn0037901	13	32	45	0.288888888888889
FBgn0037902	11	17	28	0.392857142857143
FBgn0037906	45	30	75	0.6
FBgn0037908	71	81	152	0.467105263157895
FBgn0037910	71	94	165	0.43030303030303
FBgn0037911	42	44	86	0.488372093023256
FBgn0037912	50	35	85	0.588235294117647
FBgn0037913	22	28	50	0.44
FBgn0037915	99	134	233	0.424892703862661
FBgn0037916	167	171	338	0.494082840236686
FBgn0037917	113	98	211	0.535545023696682
FBgn0037918	138	132	270	0.511111111111111
FBgn0037920	58	47	105	0.552380952380952
FBgn0037921	37	40	77	0.480519480519481
FBgn0037922	0	0	0	NA
FBgn0037923	98	64	162	0.604938271604938
FBgn0037924	284	262	546	0.52014652014652
FBgn0037926	211	179	390	0.541025641025641
FBgn0037930	4	6	10	0.4
FBgn0037931	121	133	254	0.476377952755905
FBgn0037933	79	66	145	0.544827586206897
FBgn0037934	183	195	378	0.484126984126984
FBgn0037935	221	214	435	0.508045977011494
FBgn0037936	104	81	185	0.562162162162162
FBgn0037937	41	55	96	0.427083333333333
FBgn0037939	29	40	69	0.420289855072464
FBgn0037940	32	39	71	0.450704225352113
FBgn0037941	254	264	518	0.49034749034749
FBgn0037942	24	16	40	0.6
FBgn0037943	16	16	32	0.5
FBgn0037944	167	158	325	0.513846153846154
FBgn0037949	132	137	269	0.490706319702602
FBgn0037950	48	37	85	0.564705882352941
FBgn0037955	126	143	269	0.468401486988848
FBgn0037956	195	179	374	0.521390374331551
FBgn0037958	180	179	359	0.501392757660167
FBgn0037960	125	145	270	0.462962962962963
FBgn0037962	23	15	38	0.605263157894737
FBgn0037963	362	396	758	0.477572559366755
FBgn0037964	186	183	369	0.504065040650406
FBgn0037970	0	0	0	NA
FBgn0037972	91	67	158	0.575949367088608
FBgn0037973	77	85	162	0.475308641975309
FBgn0037974	104	112	216	0.481481481481481
FBgn0037975	76	71	147	0.517006802721088
FBgn0037976	198	206	404	0.49009900990099
FBgn0037978	143	108	251	0.569721115537849
FBgn0037979	80	73	153	0.522875816993464
FBgn0037980	75	76	151	0.496688741721854
FBgn0037981	48	56	104	0.461538461538462
FBgn0037985	151	175	326	0.46319018404908
FBgn0037986	198	207	405	0.488888888888889
FBgn0037987	24	40	64	0.375
FBgn0037988	62	67	129	0.48062015503876
FBgn0037989	456	475	931	0.489795918367347
FBgn0037992	198	165	363	0.545454545454545
FBgn0037993	232	217	449	0.516703786191537
FBgn0037994	141	142	283	0.498233215547703
FBgn0037995	55	57	112	0.491071428571429
FBgn0037996	106	120	226	0.469026548672566
FBgn0037997	0	0	0	NA
FBgn0037998	225	234	459	0.490196078431373
FBgn0037999	74	74	148	0.5
FBgn0038000	53	67	120	0.441666666666667
FBgn0038001	29	39	68	0.426470588235294
FBgn0038002	6	3	9	0.666666666666667
FBgn0038003	50	68	118	0.423728813559322
FBgn0038005	98	89	187	0.524064171122995
FBgn0038006	135	127	262	0.515267175572519
FBgn0038007	181	167	348	0.520114942528736
FBgn0038008	160	185	345	0.463768115942029
FBgn0038009	46	41	87	0.528735632183908
FBgn0038011	201	190	391	0.514066496163683
FBgn0038012	54	66	120	0.45
FBgn0038013	131	150	281	0.466192170818505
FBgn0038014	109	95	204	0.534313725490196
FBgn0038016	186	238	424	0.438679245283019
FBgn0038017	82	85	167	0.491017964071856
FBgn0038018	50	62	112	0.446428571428571
FBgn0038020	66	64	130	0.507692307692308
FBgn0038028	173	181	354	0.488700564971751
FBgn0038029	103	116	219	0.470319634703196
FBgn0038032	0	0	0	NA
FBgn0038033	0	0	0	NA
FBgn0038034	169	140	309	0.546925566343042
FBgn0038037	59	55	114	0.517543859649123
FBgn0038038	120	100	220	0.545454545454545
FBgn0038039	168	159	327	0.513761467889908
FBgn0038042	48	69	117	0.41025641025641
FBgn0038043	48	46	94	0.51063829787234
FBgn0038045	100	93	193	0.518134715025907
FBgn0038046	47	51	98	0.479591836734694
FBgn0038047	72	74	146	0.493150684931507
FBgn0038049	53	64	117	0.452991452991453
FBgn0038051	0	0	0	NA
FBgn0038053	106	101	207	0.51207729468599
FBgn0038054	56	67	123	0.455284552845528
FBgn0038055	66	71	137	0.481751824817518
FBgn0038056	155	131	286	0.541958041958042
FBgn0038057	28	26	54	0.518518518518518
FBgn0038058	50	51	101	0.495049504950495
FBgn0038063	475	491	966	0.491718426501035
FBgn0038065	97	93	190	0.510526315789474
FBgn0038067	48	43	91	0.527472527472527
FBgn0038068	94	99	193	0.487046632124352
FBgn0038069	108	107	215	0.502325581395349
FBgn0038070	67	51	118	0.567796610169492
FBgn0038071	204	199	403	0.506203473945409
FBgn0038072	209	212	421	0.496437054631829
FBgn0038073	389	349	738	0.52710027100271
FBgn0038074	97	101	198	0.48989898989899
FBgn0038076	105	127	232	0.452586206896552
FBgn0038078	27	21	48	0.5625
FBgn0038079	116	118	234	0.495726495726496
FBgn0038080	11	18	29	0.379310344827586
FBgn0038082	180	173	353	0.509915014164306
FBgn0038083	141	132	273	0.516483516483517
FBgn0038084	255	242	497	0.51307847082495
FBgn0038087	207	205	412	0.502427184466019
FBgn0038088	88	98	186	0.473118279569892
FBgn0038089	36	27	63	0.571428571428571
FBgn0038090	98	113	211	0.464454976303318
FBgn0038092	175	168	343	0.510204081632653
FBgn0038095	132	122	254	0.519685039370079
FBgn0038097	7	6	13	0.538461538461538
FBgn0038098	243	247	490	0.495918367346939
FBgn0038099	121	110	231	0.523809523809524
FBgn0038100	132	135	267	0.49438202247191
FBgn0038102	43	41	84	0.511904761904762
FBgn0038105	104	92	196	0.530612244897959
FBgn0038106	43	28	71	0.605633802816901
FBgn0038107	0	0	0	NA
FBgn0038108	342	312	654	0.522935779816514
FBgn0038109	33	22	55	0.6
FBgn0038110	64	60	124	0.516129032258065
FBgn0038113	72	61	133	0.541353383458647
FBgn0038114	124	128	252	0.492063492063492
FBgn0038115	79	85	164	0.481707317073171
FBgn0038118	168	186	354	0.474576271186441
FBgn0038122	37	67	104	0.355769230769231
FBgn0038123	116	131	247	0.469635627530364
FBgn0038124	57	46	103	0.553398058252427
FBgn0038125	119	112	231	0.515151515151515
FBgn0038126	166	188	354	0.468926553672316
FBgn0038127	57	71	128	0.4453125
FBgn0038128	40	43	83	0.481927710843373
FBgn0038129	32	29	61	0.524590163934426
FBgn0038130	148	157	305	0.485245901639344
FBgn0038131	76	70	146	0.520547945205479
FBgn0038132	103	98	201	0.512437810945274
FBgn0038133	53	45	98	0.540816326530612
FBgn0038134	46	41	87	0.528735632183908
FBgn0038135	209	187	396	0.527777777777778
FBgn0038136	63	97	160	0.39375
FBgn0038139	261	271	532	0.490601503759398
FBgn0038140	129	99	228	0.565789473684211
FBgn0038142	0	0	0	NA
FBgn0038143	57	46	103	0.553398058252427
FBgn0038144	44	49	93	0.473118279569892
FBgn0038145	54	41	95	0.568421052631579
FBgn0038146	0	0	0	NA
FBgn0038147	36	60	96	0.375
FBgn0038148	50	44	94	0.531914893617021
FBgn0038149	77	101	178	0.432584269662921
FBgn0038150	112	97	209	0.535885167464115
FBgn0038151	71	69	140	0.507142857142857
FBgn0038153	11	10	21	0.523809523809524
FBgn0038156	7	14	21	0.333333333333333
FBgn0038157	28	24	52	0.538461538461538
FBgn0038158	92	73	165	0.557575757575758
FBgn0038159	43	46	89	0.48314606741573
FBgn0038160	140	177	317	0.441640378548896
FBgn0038161	15	22	37	0.405405405405405
FBgn0038163	144	167	311	0.463022508038585
FBgn0038165	307	287	594	0.516835016835017
FBgn0038166	23	39	62	0.370967741935484
FBgn0038167	104	100	204	0.509803921568627
FBgn0038168	115	115	230	0.5
FBgn0038170	43	48	91	0.472527472527473
FBgn0038172	114	97	211	0.540284360189573
FBgn0038173	116	111	227	0.511013215859031
FBgn0038179	83	71	154	0.538961038961039
FBgn0038180	149	158	307	0.485342019543974
FBgn0038181	427	438	865	0.49364161849711
FBgn0038183	91	92	183	0.497267759562842
FBgn0038186	83	69	152	0.546052631578947
FBgn0038188	2	5	7	0.285714285714286
FBgn0038189	97	108	205	0.473170731707317
FBgn0038190	116	114	230	0.504347826086956
FBgn0038191	126	141	267	0.471910112359551
FBgn0038194	138	108	246	0.560975609756098
FBgn0038195	110	108	218	0.504587155963303
FBgn0038196	139	111	250	0.556
FBgn0038197	322	343	665	0.484210526315789
FBgn0038198	96	82	178	0.539325842696629
FBgn0038199	59	56	115	0.51304347826087
FBgn0038200	9	7	16	0.5625
FBgn0038201	153	168	321	0.476635514018692
FBgn0038202	166	141	307	0.54071661237785
FBgn0038203	1	1	2	0.5
FBgn0038204	107	96	203	0.527093596059113
FBgn0038205	144	127	271	0.531365313653137
FBgn0038206	98	78	176	0.556818181818182
FBgn0038207	96	91	187	0.513368983957219
FBgn0038208	187	203	390	0.47948717948718
FBgn0038209	109	88	197	0.553299492385787
FBgn0038210	78	83	161	0.484472049689441
FBgn0038211	138	122	260	0.530769230769231
FBgn0038213	99	124	223	0.443946188340807
FBgn0038214	31	43	74	0.418918918918919
FBgn0038217	25	15	40	0.625
FBgn0038218	59	66	125	0.472
FBgn0038219	41	35	76	0.539473684210526
FBgn0038221	134	163	297	0.451178451178451
FBgn0038223	299	268	567	0.527336860670194
FBgn0038224	87	66	153	0.568627450980392
FBgn0038225	48	51	99	0.484848484848485
FBgn0038233	97	98	195	0.497435897435897
FBgn0038234	39	53	92	0.423913043478261
FBgn0038235	16	10	26	0.615384615384615
FBgn0038236	5	2	7	0.714285714285714
FBgn0038237	120	145	265	0.452830188679245
FBgn0038238	0	1	1	0
FBgn0038239	21	38	59	0.355932203389831
FBgn0038240	33	27	60	0.55
FBgn0038241	20	11	31	0.645161290322581
FBgn0038242	12	9	21	0.571428571428571
FBgn0038243	95	94	189	0.502645502645503
FBgn0038244	274	217	491	0.558044806517312
FBgn0038246	119	90	209	0.569377990430622
FBgn0038247	476	473	949	0.501580611169652
FBgn0038248	171	186	357	0.478991596638655
FBgn0038250	21	16	37	0.567567567567568
FBgn0038251	0	0	0	NA
FBgn0038252	0	1	1	0
FBgn0038256	126	153	279	0.451612903225806
FBgn0038257	216	246	462	0.467532467532468
FBgn0038258	259	281	540	0.47962962962963
FBgn0038260	171	166	337	0.507418397626113
FBgn0038261	154	172	326	0.47239263803681
FBgn0038262	184	171	355	0.51830985915493
FBgn0038266	24	22	46	0.521739130434783
FBgn0038268	0	0	0	NA
FBgn0038269	78	68	146	0.534246575342466
FBgn0038271	12	14	26	0.461538461538462
FBgn0038272	19	14	33	0.575757575757576
FBgn0038273	0	0	0	NA
FBgn0038274	0	0	0	NA
FBgn0038275	0	0	0	NA
FBgn0038277	31	52	83	0.373493975903614
FBgn0038279	60	53	113	0.530973451327434
FBgn0038280	65	84	149	0.436241610738255
FBgn0038281	62	67	129	0.48062015503876
FBgn0038282	283	273	556	0.508992805755396
FBgn0038285	49	56	105	0.466666666666667
FBgn0038286	130	111	241	0.539419087136929
FBgn0038290	90	101	191	0.471204188481675
FBgn0038291	0	0	0	NA
FBgn0038292	62	95	157	0.394904458598726
FBgn0038294	425	437	862	0.493039443155452
FBgn0038295	167	151	318	0.525157232704403
FBgn0038296	0	1	1	0
FBgn0038299	47	70	117	0.401709401709402
FBgn0038300	32	35	67	0.477611940298507
FBgn0038301	15	7	22	0.681818181818182
FBgn0038302	21	32	53	0.39622641509434
FBgn0038303	86	87	173	0.497109826589595
FBgn0038304	3	4	7	0.428571428571429
FBgn0038306	13	17	30	0.433333333333333
FBgn0038307	0	0	0	NA
FBgn0038309	57	58	115	0.495652173913044
FBgn0038311	15	15	30	0.5
FBgn0038312	0	0	0	NA
FBgn0038313	0	0	0	NA
FBgn0038315	0	0	0	NA
FBgn0038316	54	49	103	0.524271844660194
FBgn0038318	12	17	29	0.413793103448276
FBgn0038319	4	6	10	0.4
FBgn0038320	136	103	239	0.569037656903766
FBgn0038321	1	1	2	0.5
FBgn0038324	70	57	127	0.551181102362205
FBgn0038325	59	59	118	0.5
FBgn0038326	22	25	47	0.468085106382979
FBgn0038327	15	18	33	0.454545454545455
FBgn0038330	102	102	204	0.5
FBgn0038331	50	51	101	0.495049504950495
FBgn0038332	0	0	0	NA
FBgn0038334	43	47	90	0.477777777777778
FBgn0038337	125	105	230	0.543478260869565
FBgn0038339	275	265	540	0.509259259259259
FBgn0038342	82	80	162	0.506172839506173
FBgn0038343	29	30	59	0.491525423728814
FBgn0038344	200	210	410	0.48780487804878
FBgn0038345	20	29	49	0.408163265306122
FBgn0038348	304	290	594	0.511784511784512
FBgn0038349	278	304	582	0.47766323024055
FBgn0038350	191	180	371	0.514824797843666
FBgn0038353	29	31	60	0.483333333333333
FBgn0038354	194	220	414	0.468599033816425
FBgn0038355	80	75	155	0.516129032258065
FBgn0038356	31	44	75	0.413333333333333
FBgn0038357	74	50	124	0.596774193548387
FBgn0038358	122	106	228	0.535087719298246
FBgn0038359	99	126	225	0.44
FBgn0038360	89	71	160	0.55625
FBgn0038361	76	55	131	0.580152671755725
FBgn0038363	3	8	11	0.272727272727273
FBgn0038365	0	0	0	NA
FBgn0038366	123	142	265	0.464150943396226
FBgn0038369	17	22	39	0.435897435897436
FBgn0038371	12	19	31	0.387096774193548
FBgn0038373	16	28	44	0.363636363636364
FBgn0038376	42	27	69	0.608695652173913
FBgn0038377	41	58	99	0.414141414141414
FBgn0038380	77	81	158	0.487341772151899
FBgn0038381	87	76	163	0.533742331288344
FBgn0038385	135	108	243	0.555555555555556
FBgn0038386	54	45	99	0.545454545454545
FBgn0038387	65	61	126	0.515873015873016
FBgn0038388	109	110	219	0.497716894977169
FBgn0038389	24	29	53	0.452830188679245
FBgn0038390	149	178	327	0.45565749235474
FBgn0038391	121	144	265	0.456603773584906
FBgn0038394	32	39	71	0.450704225352113
FBgn0038395	52	43	95	0.547368421052632
FBgn0038396	31	34	65	0.476923076923077
FBgn0038397	362	335	697	0.519368723098996
FBgn0038398	103	104	207	0.497584541062802
FBgn0038400	85	62	147	0.578231292517007
FBgn0038401	132	113	245	0.538775510204082
FBgn0038402	104	105	209	0.497607655502392
FBgn0038404	230	247	477	0.482180293501048
FBgn0038405	100	101	201	0.497512437810945
FBgn0038407	232	220	452	0.513274336283186
FBgn0038412	129	135	264	0.488636363636364
FBgn0038414	118	110	228	0.517543859649123
FBgn0038415	127	117	244	0.520491803278688
FBgn0038416	65	79	144	0.451388888888889
FBgn0038418	173	183	356	0.485955056179775
FBgn0038419	141	147	288	0.489583333333333
FBgn0038420	74	51	125	0.592
FBgn0038421	45	56	101	0.445544554455446
FBgn0038422	239	203	442	0.540723981900452
FBgn0038423	105	130	235	0.446808510638298
FBgn0038424	97	90	187	0.518716577540107
FBgn0038425	99	98	197	0.50253807106599
FBgn0038426	41	40	81	0.506172839506173
FBgn0038427	272	271	543	0.500920810313076
FBgn0038428	58	58	116	0.5
FBgn0038429	102	120	222	0.459459459459459
FBgn0038431	90	110	200	0.45
FBgn0038432	43	55	98	0.438775510204082
FBgn0038435	9	15	24	0.375
FBgn0038436	4	10	14	0.285714285714286
FBgn0038437	34	52	86	0.395348837209302
FBgn0038438	90	128	218	0.412844036697248
FBgn0038439	668	623	1291	0.517428350116189
FBgn0038440	79	79	158	0.5
FBgn0038445	54	56	110	0.490909090909091
FBgn0038446	32	40	72	0.444444444444444
FBgn0038447	163	188	351	0.464387464387464
FBgn0038448	71	57	128	0.5546875
FBgn0038449	80	80	160	0.5
FBgn0038450	123	100	223	0.551569506726457
FBgn0038451	140	146	286	0.48951048951049
FBgn0038452	88	100	188	0.468085106382979
FBgn0038453	105	86	191	0.549738219895288
FBgn0038454	70	74	144	0.486111111111111
FBgn0038455	30	28	58	0.517241379310345
FBgn0038458	8	9	17	0.470588235294118
FBgn0038460	86	96	182	0.472527472527473
FBgn0038461	26	52	78	0.333333333333333
FBgn0038462	96	29	125	0.768
FBgn0038463	69	69	138	0.5
FBgn0038465	263	216	479	0.549060542797495
FBgn0038466	147	163	310	0.474193548387097
FBgn0038467	79	101	180	0.438888888888889
FBgn0038468	0	0	0	NA
FBgn0038469	88	83	171	0.514619883040936
FBgn0038470	56	83	139	0.402877697841727
FBgn0038471	0	0	0	NA
FBgn0038472	0	0	0	NA
FBgn0038473	93	81	174	0.53448275862069
FBgn0038474	37	41	78	0.474358974358974
FBgn0038475	252	241	493	0.511156186612576
FBgn0038476	222	202	424	0.523584905660377
FBgn0038478	170	155	325	0.523076923076923
FBgn0038479	59	56	115	0.51304347826087
FBgn0038481	114	130	244	0.467213114754098
FBgn0038482	98	101	199	0.492462311557789
FBgn0038484	81	108	189	0.428571428571429
FBgn0038485	108	89	197	0.548223350253807
FBgn0038486	156	152	308	0.506493506493506
FBgn0038487	76	68	144	0.527777777777778
FBgn0038488	288	280	568	0.507042253521127
FBgn0038490	89	109	198	0.44949494949495
FBgn0038491	110	106	216	0.509259259259259
FBgn0038492	528	461	989	0.533872598584429
FBgn0038494	203	178	381	0.532808398950131
FBgn0038498	284	231	515	0.551456310679612
FBgn0038499	255	274	529	0.482041587901701
FBgn0038504	270	288	558	0.483870967741935
FBgn0038505	133	209	342	0.388888888888889
FBgn0038506	112	222	334	0.335329341317365
FBgn0038507	120	220	340	0.352941176470588
FBgn0038508	60	132	192	0.3125
FBgn0038509	41	48	89	0.460674157303371
FBgn0038510	163	123	286	0.56993006993007
FBgn0038511	301	325	626	0.480830670926518
FBgn0038512	90	92	182	0.494505494505495
FBgn0038515	145	156	301	0.481727574750831
FBgn0038516	36	34	70	0.514285714285714
FBgn0038519	69	95	164	0.420731707317073
FBgn0038523	62	69	131	0.473282442748092
FBgn0038524	173	197	370	0.467567567567568
FBgn0038525	115	134	249	0.461847389558233
FBgn0038526	127	121	248	0.512096774193548
FBgn0038527	57	56	113	0.504424778761062
FBgn0038528	39	41	80	0.4875
FBgn0038529	104	116	220	0.472727272727273
FBgn0038530	77	100	177	0.435028248587571
FBgn0038531	144	123	267	0.539325842696629
FBgn0038532	459	419	878	0.522779043280182
FBgn0038533	67	70	137	0.489051094890511
FBgn0038535	261	271	532	0.490601503759398
FBgn0038536	55	43	98	0.561224489795918
FBgn0038539	76	72	148	0.513513513513513
FBgn0038540	108	124	232	0.46551724137931
FBgn0038541	320	288	608	0.526315789473684
FBgn0038542	440	396	836	0.526315789473684
FBgn0038545	110	115	225	0.488888888888889
FBgn0038546	79	104	183	0.431693989071038
FBgn0038547	154	146	300	0.513333333333333
FBgn0038548	70	86	156	0.448717948717949
FBgn0038549	124	96	220	0.563636363636364
FBgn0038550	125	134	259	0.482625482625483
FBgn0038551	135	131	266	0.507518796992481
FBgn0038552	124	133	257	0.482490272373541
FBgn0038558	54	65	119	0.453781512605042
FBgn0038564	157	152	309	0.508090614886731
FBgn0038565	124	107	231	0.536796536796537
FBgn0038566	119	132	251	0.474103585657371
FBgn0038567	119	134	253	0.470355731225296
FBgn0038568	0	0	0	NA
FBgn0038569	142	140	282	0.50354609929078
FBgn0038570	0	0	0	NA
FBgn0038571	0	0	0	NA
FBgn0038575	53	47	100	0.53
FBgn0038576	47	46	93	0.505376344086022
FBgn0038577	46	44	90	0.511111111111111
FBgn0038578	140	141	281	0.498220640569395
FBgn0038579	54	46	100	0.54
FBgn0038581	137	119	256	0.53515625
FBgn0038582	37	43	80	0.4625
FBgn0038583	121	102	223	0.542600896860987
FBgn0038584	149	122	271	0.549815498154982
FBgn0038585	42	49	91	0.461538461538462
FBgn0038586	71	84	155	0.458064516129032
FBgn0038588	210	213	423	0.49645390070922
FBgn0038589	0	0	0	NA
FBgn0038590	73	101	174	0.419540229885057
FBgn0038592	129	125	254	0.507874015748031
FBgn0038593	232	235	467	0.49678800856531
FBgn0038595	119	108	227	0.524229074889868
FBgn0038596	31	25	56	0.553571428571429
FBgn0038597	242	235	477	0.507337526205451
FBgn0038598	132	146	278	0.474820143884892
FBgn0038601	213	124	337	0.632047477744807
FBgn0038602	103	66	169	0.609467455621302
FBgn0038603	399	435	834	0.47841726618705
FBgn0038606	335	357	692	0.484104046242775
FBgn0038607	146	108	254	0.574803149606299
FBgn0038608	149	164	313	0.476038338658147
FBgn0038609	101	86	187	0.540106951871658
FBgn0038610	164	165	329	0.498480243161094
FBgn0038611	243	263	506	0.480237154150198
FBgn0038612	47	55	102	0.46078431372549
FBgn0038613	237	207	444	0.533783783783784
FBgn0038617	145	95	240	0.604166666666667
FBgn0038619	69	85	154	0.448051948051948
FBgn0038621	132	104	236	0.559322033898305
FBgn0038626	87	125	212	0.410377358490566
FBgn0038627	90	85	175	0.514285714285714
FBgn0038629	391	367	758	0.515831134564644
FBgn0038630	78	73	151	0.516556291390728
FBgn0038631	85	108	193	0.440414507772021
FBgn0038632	207	214	421	0.491686460807601
FBgn0038638	171	178	349	0.489971346704871
FBgn0038640	107	118	225	0.475555555555556
FBgn0038641	85	86	171	0.497076023391813
FBgn0038642	253	237	490	0.516326530612245
FBgn0038643	38	36	74	0.513513513513513
FBgn0038645	0	0	0	NA
FBgn0038646	23	23	46	0.5
FBgn0038647	12	20	32	0.375
FBgn0038649	94	125	219	0.429223744292237
FBgn0038651	534	557	1091	0.489459211732356
FBgn0038652	344	347	691	0.497829232995658
FBgn0038653	558	577	1135	0.491629955947137
FBgn0038654	89	101	190	0.468421052631579
FBgn0038655	90	91	181	0.497237569060773
FBgn0038656	27	31	58	0.46551724137931
FBgn0038658	71	80	151	0.470198675496689
FBgn0038659	209	209	418	0.5
FBgn0038660	186	206	392	0.474489795918367
FBgn0038662	104	90	194	0.536082474226804
FBgn0038665	43	39	82	0.524390243902439
FBgn0038666	141	129	270	0.522222222222222
FBgn0038672	92	100	192	0.479166666666667
FBgn0038673	76	79	155	0.490322580645161
FBgn0038674	77	68	145	0.531034482758621
FBgn0038675	69	75	144	0.479166666666667
FBgn0038676	409	429	838	0.488066825775656
FBgn0038678	37	34	71	0.52112676056338
FBgn0038679	640	705	1345	0.475836431226766
FBgn0038680	272	190	462	0.588744588744589
FBgn0038681	188	88	276	0.681159420289855
FBgn0038682	123	138	261	0.471264367816092
FBgn0038683	210	212	422	0.497630331753554
FBgn0038685	51	82	133	0.383458646616541
FBgn0038686	107	127	234	0.457264957264957
FBgn0038690	114	106	220	0.518181818181818
FBgn0038691	47	49	96	0.489583333333333
FBgn0038692	85	88	173	0.491329479768786
FBgn0038693	831	870	1701	0.488536155202822
FBgn0038694	119	97	216	0.550925925925926
FBgn0038695	245	248	493	0.496957403651116
FBgn0038697	62	81	143	0.433566433566434
FBgn0038700	179	180	359	0.498607242339833
FBgn0038701	141	144	285	0.494736842105263
FBgn0038702	136	150	286	0.475524475524476
FBgn0038704	170	188	358	0.474860335195531
FBgn0038705	154	158	312	0.493589743589744
FBgn0038706	89	120	209	0.425837320574163
FBgn0038708	104	90	194	0.536082474226804
FBgn0038709	87	70	157	0.554140127388535
FBgn0038714	134	149	283	0.473498233215548
FBgn0038715	158	156	314	0.503184713375796
FBgn0038716	275	290	565	0.486725663716814
FBgn0038717	217	242	459	0.47276688453159
FBgn0038718	207	233	440	0.470454545454545
FBgn0038719	154	166	320	0.48125
FBgn0038720	403	389	792	0.508838383838384
FBgn0038721	343	349	692	0.495664739884393
FBgn0038722	7	8	15	0.466666666666667
FBgn0038723	56	50	106	0.528301886792453
FBgn0038725	279	272	551	0.506352087114338
FBgn0038727	184	183	367	0.501362397820163
FBgn0038730	116	98	214	0.542056074766355
FBgn0038731	120	114	234	0.512820512820513
FBgn0038732	65	99	164	0.396341463414634
FBgn0038733	176	163	339	0.519174041297935
FBgn0038734	111	112	223	0.497757847533632
FBgn0038735	295	308	603	0.48922056384743
FBgn0038737	4	1	5	0.8
FBgn0038738	22	14	36	0.611111111111111
FBgn0038739	71	52	123	0.577235772357724
FBgn0038740	396	359	755	0.524503311258278
FBgn0038741	146	137	283	0.515901060070671
FBgn0038742	106	112	218	0.486238532110092
FBgn0038744	203	179	382	0.531413612565445
FBgn0038745	180	184	364	0.494505494505495
FBgn0038746	4	1	5	0.8
FBgn0038747	280	265	545	0.513761467889908
FBgn0038749	0	0	0	NA
FBgn0038750	172	136	308	0.558441558441558
FBgn0038751	193	204	397	0.486146095717884
FBgn0038752	198	181	379	0.522427440633245
FBgn0038753	155	168	323	0.479876160990712
FBgn0038755	329	328	657	0.50076103500761
FBgn0038756	17	13	30	0.566666666666667
FBgn0038760	131	175	306	0.428104575163399
FBgn0038761	91	62	153	0.594771241830065
FBgn0038763	103	136	239	0.430962343096234
FBgn0038765	122	117	239	0.510460251046025
FBgn0038766	66	78	144	0.458333333333333
FBgn0038767	124	143	267	0.464419475655431
FBgn0038768	130	99	229	0.567685589519651
FBgn0038769	64	64	128	0.5
FBgn0038771	70	65	135	0.518518518518518
FBgn0038772	112	97	209	0.535885167464115
FBgn0038773	111	133	244	0.454918032786885
FBgn0038774	75	59	134	0.559701492537313
FBgn0038775	151	128	279	0.541218637992832
FBgn0038783	92	102	194	0.474226804123711
FBgn0038784	90	79	169	0.532544378698225
FBgn0038787	135	148	283	0.477031802120141
FBgn0038788	96	77	173	0.554913294797688
FBgn0038789	300	295	595	0.504201680672269
FBgn0038790	31	27	58	0.53448275862069
FBgn0038795	100	107	207	0.483091787439614
FBgn0038796	73	69	142	0.514084507042254
FBgn0038797	123	126	249	0.493975903614458
FBgn0038798	111	113	224	0.495535714285714
FBgn0038799	174	208	382	0.455497382198953
FBgn0038803	251	224	475	0.528421052631579
FBgn0038804	123	102	225	0.546666666666667
FBgn0038805	112	116	228	0.491228070175439
FBgn0038806	36	31	67	0.537313432835821
FBgn0038808	38	13	51	0.745098039215686
FBgn0038809	119	131	250	0.476
FBgn0038810	65	81	146	0.445205479452055
FBgn0038811	96	100	196	0.489795918367347
FBgn0038814	291	252	543	0.535911602209945
FBgn0038815	163	141	304	0.536184210526316
FBgn0038816	473	502	975	0.485128205128205
FBgn0038818	289	272	561	0.515151515151515
FBgn0038819	188	187	375	0.501333333333333
FBgn0038820	44	57	101	0.435643564356436
FBgn0038821	42	35	77	0.545454545454545
FBgn0038826	611	597	1208	0.505794701986755
FBgn0038827	405	370	775	0.52258064516129
FBgn0038828	176	175	351	0.501424501424501
FBgn0038829	203	202	405	0.501234567901235
FBgn0038830	21	16	37	0.567567567567568
FBgn0038832	67	70	137	0.489051094890511
FBgn0038833	0	0	0	NA
FBgn0038834	13	11	24	0.541666666666667
FBgn0038837	288	256	544	0.529411764705882
FBgn0038838	53	42	95	0.557894736842105
FBgn0038839	117	107	224	0.522321428571429
FBgn0038840	277	320	597	0.463986599664992
FBgn0038842	291	269	560	0.519642857142857
FBgn0038845	127	116	243	0.522633744855967
FBgn0038846	93	80	173	0.53757225433526
FBgn0038847	63	52	115	0.547826086956522
FBgn0038849	153	135	288	0.53125
FBgn0038850	99	113	212	0.466981132075472
FBgn0038851	159	143	302	0.526490066225166
FBgn0038852	109	111	220	0.495454545454545
FBgn0038853	519	456	975	0.532307692307692
FBgn0038854	241	199	440	0.547727272727273
FBgn0038855	105	106	211	0.497630331753554
FBgn0038857	51	50	101	0.504950495049505
FBgn0038858	80	65	145	0.551724137931034
FBgn0038859	15	16	31	0.483870967741935
FBgn0038860	212	208	420	0.504761904761905
FBgn0038861	85	90	175	0.485714285714286
FBgn0038862	204	232	436	0.467889908256881
FBgn0038865	159	180	339	0.469026548672566
FBgn0038866	110	126	236	0.466101694915254
FBgn0038868	85	120	205	0.414634146341463
FBgn0038869	93	86	179	0.519553072625698
FBgn0038870	60	71	131	0.458015267175573
FBgn0038871	38	28	66	0.575757575757576
FBgn0038872	227	248	475	0.477894736842105
FBgn0038873	224	201	425	0.527058823529412
FBgn0038874	426	407	833	0.51140456182473
FBgn0038876	30	35	65	0.461538461538462
FBgn0038877	97	100	197	0.49238578680203
FBgn0038878	140	139	279	0.50179211469534
FBgn0038879	64	57	121	0.528925619834711
FBgn0038880	189	215	404	0.467821782178218
FBgn0038881	450	524	974	0.462012320328542
FBgn0038886	218	205	423	0.515366430260047
FBgn0038887	186	174	360	0.516666666666667
FBgn0038888	51	72	123	0.414634146341463
FBgn0038889	332	301	633	0.524486571879937
FBgn0038890	345	347	692	0.498554913294798
FBgn0038892	149	139	288	0.517361111111111
FBgn0038893	114	105	219	0.520547945205479
FBgn0038894	131	139	270	0.485185185185185
FBgn0038897	235	251	486	0.483539094650206
FBgn0038901	55	62	117	0.47008547008547
FBgn0038902	90	83	173	0.520231213872832
FBgn0038903	31	39	70	0.442857142857143
FBgn0038909	77	70	147	0.523809523809524
FBgn0038912	183	168	351	0.521367521367521
FBgn0038914	33	29	62	0.532258064516129
FBgn0038915	65	72	137	0.474452554744526
FBgn0038916	31	46	77	0.402597402597403
FBgn0038917	218	225	443	0.492099322799097
FBgn0038918	129	125	254	0.507874015748031
FBgn0038919	145	145	290	0.5
FBgn0038921	162	147	309	0.524271844660194
FBgn0038922	177	195	372	0.475806451612903
FBgn0038923	69	51	120	0.575
FBgn0038924	38	48	86	0.441860465116279
FBgn0038925	137	150	287	0.477351916376307
FBgn0038926	194	218	412	0.470873786407767
FBgn0038927	0	0	0	NA
FBgn0038928	62	54	116	0.53448275862069
FBgn0038929	129	135	264	0.488636363636364
FBgn0038930	107	88	195	0.548717948717949
FBgn0038931	143	152	295	0.484745762711864
FBgn0038934	153	143	296	0.516891891891892
FBgn0038938	280	274	554	0.505415162454874
FBgn0038941	121	135	256	0.47265625
FBgn0038942	70	74	144	0.486111111111111
FBgn0038943	64	90	154	0.415584415584416
FBgn0038944	48	54	102	0.470588235294118
FBgn0038945	31	40	71	0.436619718309859
FBgn0038946	166	180	346	0.479768786127168
FBgn0038947	135	153	288	0.46875
FBgn0038948	112	101	213	0.525821596244131
FBgn0038950	76	87	163	0.466257668711656
FBgn0038951	131	114	245	0.53469387755102
FBgn0038952	104	120	224	0.464285714285714
FBgn0038953	350	331	681	0.513950073421439
FBgn0038956	98	106	204	0.480392156862745
FBgn0038957	47	49	96	0.489583333333333
FBgn0038958	51	53	104	0.490384615384615
FBgn0038959	72	87	159	0.452830188679245
FBgn0038960	130	107	237	0.548523206751055
FBgn0038961	145	181	326	0.44478527607362
FBgn0038964	132	127	259	0.50965250965251
FBgn0038965	91	82	173	0.526011560693642
FBgn0038966	69	56	125	0.552
FBgn0038967	248	250	498	0.497991967871486
FBgn0038968	339	378	717	0.472803347280335
FBgn0038972	73	81	154	0.474025974025974
FBgn0038973	29	29	58	0.5
FBgn0038974	100	136	236	0.423728813559322
FBgn0038975	646	601	1247	0.518043303929431
FBgn0038976	39	16	55	0.709090909090909
FBgn0038977	36	68	104	0.346153846153846
FBgn0038978	22	15	37	0.594594594594595
FBgn0038979	58	36	94	0.617021276595745
FBgn0038980	520	520	1040	0.5
FBgn0038981	189	208	397	0.476070528967254
FBgn0038983	176	176	352	0.5
FBgn0038984	256	275	531	0.48210922787194
FBgn0038986	172	201	373	0.46112600536193
FBgn0038989	94	70	164	0.573170731707317
FBgn0038993	43	60	103	0.41747572815534
FBgn0039002	28	28	56	0.5
FBgn0039003	23	30	53	0.433962264150943
FBgn0039004	139	175	314	0.442675159235669
FBgn0039006	200	208	408	0.490196078431373
FBgn0039007	72	79	151	0.47682119205298
FBgn0039008	139	126	265	0.524528301886792
FBgn0039009	143	136	279	0.512544802867383
FBgn0039010	159	173	332	0.478915662650602
FBgn0039013	36	31	67	0.537313432835821
FBgn0039015	69	68	137	0.503649635036496
FBgn0039016	387	381	768	0.50390625
FBgn0039017	62	66	128	0.484375
FBgn0039019	0	0	0	NA
FBgn0039020	0	0	0	NA
FBgn0039022	39	62	101	0.386138613861386
FBgn0039023	119	138	257	0.463035019455253
FBgn0039024	102	108	210	0.485714285714286
FBgn0039025	52	43	95	0.547368421052632
FBgn0039026	516	526	1042	0.495201535508637
FBgn0039027	75	47	122	0.614754098360656
FBgn0039028	0	0	0	NA
FBgn0039029	15	19	34	0.441176470588235
FBgn0039030	93	101	194	0.479381443298969
FBgn0039031	65	69	134	0.485074626865672
FBgn0039033	118	121	239	0.493723849372385
FBgn0039034	116	126	242	0.479338842975207
FBgn0039038	108	107	215	0.502325581395349
FBgn0039039	319	263	582	0.548109965635739
FBgn0039040	129	128	257	0.501945525291829
FBgn0039041	46	54	100	0.46
FBgn0039042	55	51	106	0.518867924528302
FBgn0039043	146	154	300	0.486666666666667
FBgn0039044	110	105	215	0.511627906976744
FBgn0039045	0	0	0	NA
FBgn0039048	282	278	560	0.503571428571429
FBgn0039049	0	0	0	NA
FBgn0039050	36	36	72	0.5
FBgn0039051	164	133	297	0.552188552188552
FBgn0039052	158	155	313	0.504792332268371
FBgn0039053	137	138	275	0.498181818181818
FBgn0039054	389	417	806	0.482630272952854
FBgn0039055	220	202	422	0.52132701421801
FBgn0039056	279	325	604	0.461920529801325
FBgn0039058	122	129	251	0.48605577689243
FBgn0039059	45	34	79	0.569620253164557
FBgn0039064	733	684	1417	0.517290049400141
FBgn0039065	132	130	262	0.50381679389313
FBgn0039066	239	257	496	0.481854838709677
FBgn0039067	182	187	369	0.493224932249323
FBgn0039068	111	117	228	0.486842105263158
FBgn0039069	113	116	229	0.493449781659389
FBgn0039070	150	143	293	0.511945392491468
FBgn0039071	164	144	308	0.532467532467532
FBgn0039073	131	133	264	0.496212121212121
FBgn0039075	468	501	969	0.48297213622291
FBgn0039077	35	36	71	0.492957746478873
FBgn0039078	335	352	687	0.487627365356623
FBgn0039079	167	155	322	0.518633540372671
FBgn0039080	140	146	286	0.48951048951049
FBgn0039081	225	218	443	0.507900677200903
FBgn0039083	107	122	229	0.467248908296943
FBgn0039084	171	190	361	0.473684210526316
FBgn0039085	32	22	54	0.592592592592593
FBgn0039086	16	14	30	0.533333333333333
FBgn0039087	88	114	202	0.435643564356436
FBgn0039088	79	65	144	0.548611111111111
FBgn0039089	154	170	324	0.475308641975309
FBgn0039091	63	72	135	0.466666666666667
FBgn0039092	61	69	130	0.469230769230769
FBgn0039093	122	131	253	0.482213438735178
FBgn0039094	8	8	16	0.5
FBgn0039098	39	49	88	0.443181818181818
FBgn0039099	69	46	115	0.6
FBgn0039101	48	54	102	0.470588235294118
FBgn0039102	87	70	157	0.554140127388535
FBgn0039104	27	30	57	0.473684210526316
FBgn0039106	0	0	0	NA
FBgn0039107	40	63	103	0.388349514563107
FBgn0039108	169	184	353	0.478753541076487
FBgn0039109	88	103	191	0.460732984293194
FBgn0039110	119	116	235	0.506382978723404
FBgn0039111	37	29	66	0.560606060606061
FBgn0039112	52	54	106	0.490566037735849
FBgn0039113	130	124	254	0.511811023622047
FBgn0039114	148	149	297	0.498316498316498
FBgn0039115	24	38	62	0.387096774193548
FBgn0039116	32	40	72	0.444444444444444
FBgn0039117	283	263	546	0.518315018315018
FBgn0039118	73	44	117	0.623931623931624
FBgn0039120	311	362	673	0.462109955423477
FBgn0039124	79	82	161	0.490683229813665
FBgn0039125	115	104	219	0.525114155251142
FBgn0039126	65	69	134	0.485074626865672
FBgn0039128	67	82	149	0.449664429530201
FBgn0039129	55	38	93	0.591397849462366
FBgn0039130	114	107	221	0.515837104072398
FBgn0039131	184	194	378	0.486772486772487
FBgn0039132	158	120	278	0.568345323741007
FBgn0039135	115	125	240	0.479166666666667
FBgn0039136	81	100	181	0.447513812154696
FBgn0039137	246	213	459	0.535947712418301
FBgn0039139	107	112	219	0.488584474885845
FBgn0039140	183	223	406	0.450738916256158
FBgn0039141	245	295	540	0.453703703703704
FBgn0039145	0	0	0	NA
FBgn0039147	33	37	70	0.471428571428571
FBgn0039149	30	16	46	0.652173913043478
FBgn0039150	153	183	336	0.455357142857143
FBgn0039151	167	141	308	0.542207792207792
FBgn0039152	563	602	1165	0.483261802575107
FBgn0039153	47	47	94	0.5
FBgn0039154	47	65	112	0.419642857142857
FBgn0039155	120	126	246	0.48780487804878
FBgn0039156	102	99	201	0.507462686567164
FBgn0039157	363	393	756	0.48015873015873
FBgn0039158	17	19	36	0.472222222222222
FBgn0039159	0	0	0	NA
FBgn0039160	101	112	213	0.474178403755869
FBgn0039161	202	183	385	0.524675324675325
FBgn0039163	36	41	77	0.467532467532468
FBgn0039165	133	119	252	0.527777777777778
FBgn0039167	192	190	382	0.50261780104712
FBgn0039169	149	108	257	0.579766536964981
FBgn0039170	53	76	129	0.410852713178295
FBgn0039172	28	26	54	0.518518518518518
FBgn0039175	149	157	306	0.486928104575163
FBgn0039178	232	210	442	0.524886877828054
FBgn0039180	57	73	130	0.438461538461538
FBgn0039182	179	185	364	0.491758241758242
FBgn0039183	182	170	352	0.517045454545455
FBgn0039184	148	137	285	0.519298245614035
FBgn0039186	305	311	616	0.49512987012987
FBgn0039187	320	364	684	0.467836257309941
FBgn0039188	82	104	186	0.440860215053763
FBgn0039189	185	160	345	0.536231884057971
FBgn0039190	42	42	84	0.5
FBgn0039192	66	76	142	0.464788732394366
FBgn0039193	72	66	138	0.521739130434783
FBgn0039194	102	96	198	0.515151515151515
FBgn0039195	107	100	207	0.516908212560386
FBgn0039196	167	164	331	0.504531722054381
FBgn0039197	181	173	354	0.511299435028249
FBgn0039198	134	132	266	0.503759398496241
FBgn0039199	164	127	291	0.563573883161512
FBgn0039200	47	52	99	0.474747474747475
FBgn0039201	246	283	529	0.465028355387524
FBgn0039202	104	114	218	0.477064220183486
FBgn0039203	147	148	295	0.498305084745763
FBgn0039204	102	116	218	0.467889908256881
FBgn0039205	54	49	103	0.524271844660194
FBgn0039207	398	354	752	0.529255319148936
FBgn0039209	616	558	1174	0.524701873935264
FBgn0039210	164	197	361	0.454293628808864
FBgn0039212	58	64	122	0.475409836065574
FBgn0039213	228	233	461	0.494577006507592
FBgn0039214	631	610	1241	0.508460918614021
FBgn0039215	159	166	325	0.489230769230769
FBgn0039217	10	18	28	0.357142857142857
FBgn0039218	14	22	36	0.388888888888889
FBgn0039219	79	90	169	0.467455621301775
FBgn0039223	230	231	461	0.498915401301518
FBgn0039224	150	134	284	0.528169014084507
FBgn0039225	220	238	458	0.480349344978166
FBgn0039226	85	88	173	0.491329479768786
FBgn0039227	229	242	471	0.48619957537155
FBgn0039228	58	60	118	0.491525423728814
FBgn0039229	270	237	507	0.532544378698225
FBgn0039232	188	187	375	0.501333333333333
FBgn0039233	26	44	70	0.371428571428571
FBgn0039234	168	185	353	0.475920679886686
FBgn0039235	109	71	180	0.605555555555556
FBgn0039237	52	67	119	0.436974789915966
FBgn0039238	45	32	77	0.584415584415584
FBgn0039239	47	30	77	0.61038961038961
FBgn0039240	235	193	428	0.549065420560748
FBgn0039241	118	89	207	0.570048309178744
FBgn0039244	197	150	347	0.567723342939481
FBgn0039246	144	102	246	0.585365853658537
FBgn0039249	240	240	480	0.5
FBgn0039250	57	77	134	0.425373134328358
FBgn0039251	65	58	123	0.528455284552846
FBgn0039252	190	201	391	0.485933503836317
FBgn0039254	83	72	155	0.535483870967742
FBgn0039257	760	782	1542	0.492866407263294
FBgn0039258	72	64	136	0.529411764705882
FBgn0039259	34	35	69	0.492753623188406
FBgn0039260	142	110	252	0.563492063492063
FBgn0039261	149	132	281	0.530249110320285
FBgn0039264	72	63	135	0.533333333333333
FBgn0039265	103	109	212	0.485849056603774
FBgn0039266	92	71	163	0.56441717791411
FBgn0039269	69	69	138	0.5
FBgn0039270	31	14	45	0.688888888888889
FBgn0039271	10	14	24	0.416666666666667
FBgn0039272	78	89	167	0.467065868263473
FBgn0039273	145	150	295	0.491525423728814
FBgn0039274	111	95	206	0.538834951456311
FBgn0039277	299	306	605	0.494214876033058
FBgn0039280	0	0	0	NA
FBgn0039282	264	274	538	0.490706319702602
FBgn0039283	48	46	94	0.51063829787234
FBgn0039286	248	269	517	0.479690522243714
FBgn0039288	96	110	206	0.466019417475728
FBgn0039290	245	219	464	0.52801724137931
FBgn0039291	7	18	25	0.28
FBgn0039293	99	100	199	0.49748743718593
FBgn0039294	236	213	449	0.525612472160356
FBgn0039296	186	188	374	0.497326203208556
FBgn0039297	105	93	198	0.53030303030303
FBgn0039298	134	125	259	0.517374517374517
FBgn0039299	76	79	155	0.490322580645161
FBgn0039300	47	42	89	0.528089887640449
FBgn0039301	87	98	185	0.47027027027027
FBgn0039302	319	339	658	0.484802431610942
FBgn0039303	68	61	129	0.527131782945736
FBgn0039304	104	97	201	0.517412935323383
FBgn0039305	46	30	76	0.605263157894737
FBgn0039306	15	23	38	0.394736842105263
FBgn0039307	83	87	170	0.488235294117647
FBgn0039308	0	0	0	NA
FBgn0039309	0	0	0	NA
FBgn0039310	100	90	190	0.526315789473684
FBgn0039311	65	86	151	0.43046357615894
FBgn0039312	137	123	260	0.526923076923077
FBgn0039313	36	65	101	0.356435643564356
FBgn0039315	64	70	134	0.477611940298507
FBgn0039316	69	57	126	0.547619047619048
FBgn0039319	123	134	257	0.478599221789883
FBgn0039321	95	95	190	0.5
FBgn0039323	91	95	186	0.489247311827957
FBgn0039324	170	176	346	0.491329479768786
FBgn0039325	70	80	150	0.466666666666667
FBgn0039326	116	94	210	0.552380952380952
FBgn0039328	137	126	263	0.520912547528517
FBgn0039329	166	195	361	0.45983379501385
FBgn0039331	129	108	237	0.544303797468354
FBgn0039332	119	103	222	0.536036036036036
FBgn0039335	164	205	369	0.444444444444444
FBgn0039336	20	24	44	0.454545454545455
FBgn0039337	58	69	127	0.456692913385827
FBgn0039338	253	259	512	0.494140625
FBgn0039339	1	0	1	1
FBgn0039341	0	0	0	NA
FBgn0039342	78	105	183	0.426229508196721
FBgn0039343	144	136	280	0.514285714285714
FBgn0039344	121	146	267	0.453183520599251
FBgn0039346	51	40	91	0.56043956043956
FBgn0039347	294	297	591	0.49746192893401
FBgn0039348	186	160	346	0.53757225433526
FBgn0039349	100	105	205	0.48780487804878
FBgn0039350	245	262	507	0.483234714003945
FBgn0039354	273	279	552	0.494565217391304
FBgn0039355	55	72	127	0.433070866141732
FBgn0039356	12	15	27	0.444444444444444
FBgn0039357	73	60	133	0.548872180451128
FBgn0039358	175	178	353	0.495750708215297
FBgn0039359	27	29	56	0.482142857142857
FBgn0039360	185	158	343	0.53935860058309
FBgn0039366	0	0	0	NA
FBgn0039367	0	0	0	NA
FBgn0039368	44	41	85	0.517647058823529
FBgn0039369	74	58	132	0.560606060606061
FBgn0039370	33	18	51	0.647058823529412
FBgn0039371	104	99	203	0.512315270935961
FBgn0039373	68	63	131	0.519083969465649
FBgn0039374	0	0	0	NA
FBgn0039376	47	52	99	0.474747474747475
FBgn0039378	143	128	271	0.527675276752767
FBgn0039379	122	127	249	0.48995983935743
FBgn0039380	396	400	796	0.49748743718593
FBgn0039381	227	236	463	0.490280777537797
FBgn0039385	33	47	80	0.4125
FBgn0039386	116	126	242	0.479338842975207
FBgn0039387	215	182	397	0.541561712846348
FBgn0039395	150	133	283	0.530035335689046
FBgn0039396	289	282	571	0.506129597197898
FBgn0039398	62	70	132	0.46969696969697
FBgn0039402	44	48	92	0.478260869565217
FBgn0039403	58	54	112	0.517857142857143
FBgn0039404	45	30	75	0.6
FBgn0039405	0	0	0	NA
FBgn0039406	67	65	132	0.507575757575758
FBgn0039407	70	69	139	0.503597122302158
FBgn0039408	141	116	257	0.54863813229572
FBgn0039411	307	283	590	0.520338983050847
FBgn0039413	103	104	207	0.497584541062802
FBgn0039415	278	269	547	0.508226691042048
FBgn0039417	101	87	188	0.537234042553192
FBgn0039419	293	282	575	0.509565217391304
FBgn0039420	243	261	504	0.482142857142857
FBgn0039421	95	85	180	0.527777777777778
FBgn0039424	131	150	281	0.466192170818505
FBgn0039425	92	76	168	0.547619047619048
FBgn0039427	83	94	177	0.468926553672316
FBgn0039428	18	33	51	0.352941176470588
FBgn0039429	193	210	403	0.478908188585608
FBgn0039430	248	239	487	0.509240246406571
FBgn0039431	545	513	1058	0.515122873345936
FBgn0039434	89	94	183	0.486338797814208
FBgn0039435	61	49	110	0.554545454545455
FBgn0039436	96	46	142	0.676056338028169
FBgn0039437	61	53	114	0.535087719298246
FBgn0039438	44	30	74	0.594594594594595
FBgn0039439	33	38	71	0.464788732394366
FBgn0039440	113	83	196	0.576530612244898
FBgn0039441	80	65	145	0.551724137931034
FBgn0039443	92	70	162	0.567901234567901
FBgn0039444	74	68	142	0.52112676056338
FBgn0039448	88	100	188	0.468085106382979
FBgn0039449	132	118	250	0.528
FBgn0039450	110	98	208	0.528846153846154
FBgn0039451	158	129	287	0.550522648083624
FBgn0039452	68	93	161	0.422360248447205
FBgn0039453	78	92	170	0.458823529411765
FBgn0039454	126	106	232	0.543103448275862
FBgn0039459	64	56	120	0.533333333333333
FBgn0039461	81	93	174	0.46551724137931
FBgn0039462	136	161	297	0.457912457912458
FBgn0039463	106	111	217	0.488479262672811
FBgn0039464	260	221	481	0.540540540540541
FBgn0039465	235	203	438	0.536529680365297
FBgn0039466	636	626	1262	0.503961965134707
FBgn0039467	119	119	238	0.5
FBgn0039469	132	134	266	0.496240601503759
FBgn0039470	196	200	396	0.494949494949495
FBgn0039471	116	72	188	0.617021276595745
FBgn0039472	88	80	168	0.523809523809524
FBgn0039473	99	95	194	0.510309278350515
FBgn0039474	98	105	203	0.482758620689655
FBgn0039475	101	105	206	0.490291262135922
FBgn0039476	115	110	225	0.511111111111111
FBgn0039478	350	344	694	0.504322766570605
FBgn0039479	297	247	544	0.545955882352941
FBgn0039480	182	185	367	0.49591280653951
FBgn0039481	116	89	205	0.565853658536585
FBgn0039482	154	155	309	0.498381877022654
FBgn0039483	94	95	189	0.497354497354497
FBgn0039485	102	150	252	0.404761904761905
FBgn0039486	147	150	297	0.494949494949495
FBgn0039487	117	106	223	0.524663677130045
FBgn0039488	36	54	90	0.4
FBgn0039489	125	124	249	0.502008032128514
FBgn0039490	180	171	351	0.512820512820513
FBgn0039491	161	130	291	0.553264604810997
FBgn0039492	261	258	519	0.502890173410405
FBgn0039494	208	209	417	0.498800959232614
FBgn0039495	140	139	279	0.50179211469534
FBgn0039498	28	24	52	0.538461538461538
FBgn0039500	148	169	317	0.466876971608833
FBgn0039501	168	182	350	0.48
FBgn0039503	82	70	152	0.539473684210526
FBgn0039504	40	31	71	0.563380281690141
FBgn0039505	40	42	82	0.48780487804878
FBgn0039507	163	174	337	0.483679525222552
FBgn0039508	175	192	367	0.476839237057221
FBgn0039509	38	50	88	0.431818181818182
FBgn0039510	1040	1108	2148	0.484171322160149
FBgn0039511	58	65	123	0.471544715447154
FBgn0039518	206	192	398	0.517587939698492
FBgn0039519	296	298	594	0.498316498316498
FBgn0039520	160	166	326	0.49079754601227
FBgn0039521	49	44	93	0.526881720430108
FBgn0039522	111	115	226	0.491150442477876
FBgn0039523	236	264	500	0.472
FBgn0039525	82	82	164	0.5
FBgn0039527	331	380	711	0.465541490857947
FBgn0039528	398	428	826	0.4818401937046
FBgn0039529	155	172	327	0.474006116207951
FBgn0039530	501	470	971	0.515962924819773
FBgn0039531	77	84	161	0.478260869565217
FBgn0039532	201	199	400	0.5025
FBgn0039536	1021	912	1933	0.528194516295913
FBgn0039537	81	82	163	0.496932515337423
FBgn0039538	43	58	101	0.425742574257426
FBgn0039543	91	109	200	0.455
FBgn0039544	300	284	584	0.513698630136986
FBgn0039551	118	130	248	0.475806451612903
FBgn0039552	105	100	205	0.51219512195122
FBgn0039554	198	199	397	0.498740554156171
FBgn0039555	22	21	43	0.511627906976744
FBgn0039557	96	93	189	0.507936507936508
FBgn0039558	99	89	188	0.526595744680851
FBgn0039559	246	216	462	0.532467532467532
FBgn0039560	294	262	556	0.528776978417266
FBgn0039561	197	192	389	0.506426735218509
FBgn0039562	212	233	445	0.476404494382022
FBgn0039563	105	106	211	0.497630331753554
FBgn0039564	110	135	245	0.448979591836735
FBgn0039565	0	0	0	NA
FBgn0039566	159	172	331	0.48036253776435
FBgn0039568	61	44	105	0.580952380952381
FBgn0039576	26	27	53	0.490566037735849
FBgn0039577	54	46	100	0.54
FBgn0039580	73	88	161	0.453416149068323
FBgn0039581	225	247	472	0.476694915254237
FBgn0039582	95	94	189	0.502645502645503
FBgn0039584	246	227	473	0.520084566596195
FBgn0039585	187	22	209	0.894736842105263
FBgn0039588	121	105	226	0.535398230088496
FBgn0039589	134	138	272	0.492647058823529
FBgn0039590	516	493	1009	0.511397423191278
FBgn0039591	136	145	281	0.483985765124555
FBgn0039592	135	131	266	0.507518796992481
FBgn0039593	80	99	179	0.446927374301676
FBgn0039594	509	461	970	0.524742268041237
FBgn0039595	202	200	402	0.502487562189055
FBgn0039596	195	195	390	0.5
FBgn0039597	49	53	102	0.480392156862745
FBgn0039598	74	74	148	0.5
FBgn0039599	108	104	212	0.509433962264151
FBgn0039600	161	194	355	0.453521126760563
FBgn0039601	81	67	148	0.547297297297297
FBgn0039602	217	250	467	0.464668094218415
FBgn0039609	69	76	145	0.475862068965517
FBgn0039611	158	153	311	0.508038585209003
FBgn0039612	183	147	330	0.554545454545455
FBgn0039613	163	144	307	0.530944625407166
FBgn0039616	150	157	307	0.488599348534202
FBgn0039617	169	191	360	0.469444444444444
FBgn0039620	202	193	395	0.511392405063291
FBgn0039621	98	96	194	0.505154639175258
FBgn0039622	37	36	73	0.506849315068493
FBgn0039623	120	116	236	0.508474576271186
FBgn0039625	0	0	0	NA
FBgn0039626	51	81	132	0.386363636363636
FBgn0039627	86	81	167	0.514970059880239
FBgn0039628	102	95	197	0.517766497461929
FBgn0039629	141	89	230	0.61304347826087
FBgn0039630	2	1	3	0.666666666666667
FBgn0039631	178	173	351	0.507122507122507
FBgn0039632	188	179	367	0.512261580381471
FBgn0039633	643	638	1281	0.501951600312256
FBgn0039634	207	200	407	0.508599508599509
FBgn0039635	153	157	310	0.493548387096774
FBgn0039636	70	55	125	0.56
FBgn0039637	215	234	449	0.478841870824053
FBgn0039638	249	206	455	0.547252747252747
FBgn0039639	25	24	49	0.510204081632653
FBgn0039640	341	339	680	0.501470588235294
FBgn0039641	77	84	161	0.478260869565217
FBgn0039642	77	102	179	0.430167597765363
FBgn0039644	353	362	715	0.493706293706294
FBgn0039645	378	359	737	0.512890094979647
FBgn0039647	325	314	639	0.508607198748044
FBgn0039648	66	73	139	0.474820143884892
FBgn0039650	14	23	37	0.378378378378378
FBgn0039651	90	80	170	0.529411764705882
FBgn0039654	186	185	371	0.501347708894879
FBgn0039655	110	131	241	0.45643153526971
FBgn0039656	165	136	301	0.548172757475083
FBgn0039659	286	265	551	0.519056261343013
FBgn0039663	176	184	360	0.488888888888889
FBgn0039664	137	126	263	0.520912547528517
FBgn0039665	170	163	333	0.510510510510511
FBgn0039666	50	57	107	0.467289719626168
FBgn0039667	248	257	505	0.491089108910891
FBgn0039668	303	273	576	0.526041666666667
FBgn0039669	108	113	221	0.48868778280543
FBgn0039670	111	124	235	0.472340425531915
FBgn0039671	105	88	193	0.544041450777202
FBgn0039673	100	111	211	0.4739336492891
FBgn0039674	135	147	282	0.478723404255319
FBgn0039675	196	167	363	0.539944903581267
FBgn0039676	182	183	365	0.498630136986301
FBgn0039677	195	211	406	0.480295566502463
FBgn0039678	74	78	152	0.486842105263158
FBgn0039679	102	122	224	0.455357142857143
FBgn0039680	376	327	703	0.534850640113798
FBgn0039681	142	117	259	0.548262548262548
FBgn0039682	73	78	151	0.483443708609272
FBgn0039683	247	242	489	0.505112474437628
FBgn0039684	51	52	103	0.495145631067961
FBgn0039685	74	69	143	0.517482517482518
FBgn0039686	89	95	184	0.483695652173913
FBgn0039687	58	63	121	0.479338842975207
FBgn0039688	604	675	1279	0.472243940578577
FBgn0039689	65	52	117	0.555555555555556
FBgn0039690	206	168	374	0.550802139037433
FBgn0039691	101	115	216	0.467592592592593
FBgn0039694	137	125	262	0.522900763358779
FBgn0039696	260	272	532	0.488721804511278
FBgn0039697	96	125	221	0.434389140271493
FBgn0039698	83	114	197	0.421319796954315
FBgn0039702	86	85	171	0.502923976608187
FBgn0039703	73	78	151	0.483443708609272
FBgn0039704	238	205	443	0.5372460496614
FBgn0039705	223	207	430	0.518604651162791
FBgn0039707	86	73	159	0.540880503144654
FBgn0039709	496	473	969	0.511867905056759
FBgn0039710	137	142	279	0.491039426523298
FBgn0039711	57	61	118	0.483050847457627
FBgn0039712	78	99	177	0.440677966101695
FBgn0039713	71	77	148	0.47972972972973
FBgn0039714	181	180	361	0.501385041551247
FBgn0039718	42	59	101	0.415841584158416
FBgn0039719	76	86	162	0.469135802469136
FBgn0039722	81	79	160	0.50625
FBgn0039723	60	58	118	0.508474576271186
FBgn0039726	42	47	89	0.471910112359551
FBgn0039727	829	771	1600	0.518125
FBgn0039728	359	378	737	0.487109905020353
FBgn0039730	56	55	111	0.504504504504504
FBgn0039731	95	111	206	0.461165048543689
FBgn0039732	61	54	115	0.530434782608696
FBgn0039733	102	109	211	0.483412322274882
FBgn0039734	229	241	470	0.487234042553191
FBgn0039735	50	56	106	0.471698113207547
FBgn0039736	223	210	433	0.515011547344111
FBgn0039737	169	148	317	0.533123028391167
FBgn0039738	345	341	686	0.502915451895044
FBgn0039739	22	20	42	0.523809523809524
FBgn0039740	75	77	152	0.493421052631579
FBgn0039741	169	137	306	0.552287581699346
FBgn0039742	38	27	65	0.584615384615385
FBgn0039743	131	115	246	0.532520325203252
FBgn0039744	44	34	78	0.564102564102564
FBgn0039747	161	161	322	0.5
FBgn0039748	89	101	190	0.468421052631579
FBgn0039749	213	202	415	0.513253012048193
FBgn0039751	191	186	377	0.506631299734748
FBgn0039752	143	166	309	0.462783171521036
FBgn0039754	207	181	388	0.533505154639175
FBgn0039755	133	138	271	0.490774907749078
FBgn0039756	205	189	394	0.520304568527919
FBgn0039757	68	71	139	0.489208633093525
FBgn0039758	188	200	388	0.484536082474227
FBgn0039759	203	203	406	0.5
FBgn0039760	144	189	333	0.432432432432432
FBgn0039761	130	123	253	0.513833992094862
FBgn0039764	69	87	156	0.442307692307692
FBgn0039765	20	30	50	0.4
FBgn0039766	30	40	70	0.428571428571429
FBgn0039767	164	146	310	0.529032258064516
FBgn0039768	222	190	412	0.538834951456311
FBgn0039769	223	224	447	0.498881431767338
FBgn0039770	124	128	252	0.492063492063492
FBgn0039771	113	125	238	0.474789915966387
FBgn0039773	213	192	405	0.525925925925926
FBgn0039774	338	340	678	0.498525073746313
FBgn0039776	294	297	591	0.49746192893401
FBgn0039777	71	68	139	0.510791366906475
FBgn0039778	63	87	150	0.42
FBgn0039779	143	150	293	0.488054607508532
FBgn0039780	249	259	508	0.490157480314961
FBgn0039782	150	175	325	0.461538461538462
FBgn0039783	170	187	357	0.476190476190476
FBgn0039784	148	158	306	0.483660130718954
FBgn0039787	87	105	192	0.453125
FBgn0039788	20	28	48	0.416666666666667
FBgn0039789	293	259	552	0.530797101449275
FBgn0039790	282	286	568	0.496478873239437
FBgn0039792	164	206	370	0.443243243243243
FBgn0039795	134	143	277	0.483754512635379
FBgn0039796	143	144	287	0.498257839721254
FBgn0039797	101	148	249	0.405622489959839
FBgn0039798	93	102	195	0.476923076923077
FBgn0039799	140	122	262	0.534351145038168
FBgn0039800	63	72	135	0.466666666666667
FBgn0039801	96	83	179	0.536312849162011
FBgn0039802	91	99	190	0.478947368421053
FBgn0039804	409	343	752	0.543882978723404
FBgn0039805	147	133	280	0.525
FBgn0039806	147	165	312	0.471153846153846
FBgn0039807	208	215	423	0.491725768321513
FBgn0039808	163	198	361	0.451523545706371
FBgn0039809	119	92	211	0.563981042654028
FBgn0039810	103	100	203	0.507389162561576
FBgn0039811	60	57	117	0.512820512820513
FBgn0039812	184	213	397	0.463476070528967
FBgn0039816	107	114	221	0.484162895927602
FBgn0039817	210	187	397	0.52896725440806
FBgn0039818	275	259	534	0.51498127340824
FBgn0039820	90	90	180	0.5
FBgn0039821	187	201	388	0.481958762886598
FBgn0039827	241	244	485	0.496907216494845
FBgn0039828	51	46	97	0.525773195876289
FBgn0039829	51	60	111	0.459459459459459
FBgn0039830	68	61	129	0.527131782945736
FBgn0039831	314	345	659	0.476479514415782
FBgn0039832	27	36	63	0.428571428571429
FBgn0039833	141	134	275	0.512727272727273
FBgn0039835	75	67	142	0.528169014084507
FBgn0039836	86	96	182	0.472527472527473
FBgn0039838	129	110	239	0.539748953974895
FBgn0039839	177	166	343	0.516034985422741
FBgn0039840	347	264	611	0.567921440261866
FBgn0039844	239	251	490	0.487755102040816
FBgn0039846	194	177	371	0.522911051212938
FBgn0039848	33	38	71	0.464788732394366
FBgn0039849	58	56	114	0.508771929824561
FBgn0039850	34	24	58	0.586206896551724
FBgn0039851	133	134	267	0.49812734082397
FBgn0039852	157	171	328	0.478658536585366
FBgn0039854	0	0	0	NA
FBgn0039855	114	134	248	0.459677419354839
FBgn0039856	99	83	182	0.543956043956044
FBgn0039857	45	52	97	0.463917525773196
FBgn0039858	143	136	279	0.512544802867383
FBgn0039859	29	27	56	0.517857142857143
FBgn0039860	77	82	159	0.484276729559748
FBgn0039861	83	72	155	0.535483870967742
FBgn0039862	340	353	693	0.490620490620491
FBgn0039863	202	202	404	0.5
FBgn0039864	91	84	175	0.52
FBgn0039867	4	5	9	0.444444444444444
FBgn0039868	27	25	52	0.519230769230769
FBgn0039869	33	22	55	0.6
FBgn0039870	9	5	14	0.642857142857143
FBgn0039872	0	0	0	NA
FBgn0039873	41	44	85	0.482352941176471
FBgn0039875	19	15	34	0.558823529411765
FBgn0039876	17	12	29	0.586206896551724
FBgn0039877	117	102	219	0.534246575342466
FBgn0039879	43	31	74	0.581081081081081
FBgn0039881	52	63	115	0.452173913043478
FBgn0039882	23	15	38	0.605263157894737
FBgn0039883	338	356	694	0.487031700288184
FBgn0039886	163	162	325	0.501538461538461
FBgn0039887	64	57	121	0.528925619834711
FBgn0039889	19	14	33	0.575757575757576
FBgn0039890	147	154	301	0.488372093023256
FBgn0039896	44	48	92	0.478260869565217
FBgn0039897	105	87	192	0.546875
FBgn0039900	157	156	313	0.501597444089457
FBgn0039902	40	27	67	0.597014925373134
FBgn0039904	195	218	413	0.472154963680387
FBgn0039907	50	46	96	0.520833333333333
FBgn0039908	137	140	277	0.494584837545126
FBgn0039909	0	0	0	NA
FBgn0039911	15	18	33	0.454545454545455
FBgn0039914	25	29	54	0.462962962962963
FBgn0039915	40	50	90	0.444444444444444
FBgn0039916	26	20	46	0.565217391304348
FBgn0039920	130	125	255	0.509803921568627
FBgn0039923	97	106	203	0.477832512315271
FBgn0039924	42	39	81	0.518518518518518
FBgn0039925	100	130	230	0.434782608695652
FBgn0039927	191	209	400	0.4775
FBgn0039928	84	89	173	0.485549132947977
FBgn0039929	18	9	27	0.666666666666667
FBgn0039930	1	1	2	0.5
FBgn0039932	47	50	97	0.484536082474227
FBgn0039936	94	93	187	0.502673796791444
FBgn0039937	33	32	65	0.507692307692308
FBgn0039938	58	97	155	0.374193548387097
FBgn0039941	111	134	245	0.453061224489796
FBgn0039942	61	37	98	0.622448979591837
FBgn0039943	37	35	72	0.513888888888889
FBgn0039944	30	34	64	0.46875
FBgn0039945	0	0	0	NA
FBgn0039946	100	93	193	0.518134715025907
FBgn0039955	91	63	154	0.590909090909091
FBgn0039958	47	48	95	0.494736842105263
FBgn0039959	122	113	235	0.519148936170213
FBgn0039965	64	76	140	0.457142857142857
FBgn0039966	22	31	53	0.415094339622642
FBgn0039969	25	14	39	0.641025641025641
FBgn0039970	139	129	268	0.51865671641791
FBgn0039972	183	149	332	0.551204819277108
FBgn0039977	51	45	96	0.53125
FBgn0039979	0	1	1	0
FBgn0039987	0	4	4	0
FBgn0039993	59	56	115	0.51304347826087
FBgn0039994	96	85	181	0.530386740331492
FBgn0040001	44	41	85	0.517647058823529
FBgn0040005	74	55	129	0.573643410852713
FBgn0040007	27	34	61	0.442622950819672
FBgn0040009	59	57	116	0.508620689655172
FBgn0040010	353	371	724	0.487569060773481
FBgn0040011	79	105	184	0.429347826086957
FBgn0040020	31	36	67	0.462686567164179
FBgn0040022	77	69	146	0.527397260273973
FBgn0040028	44	68	112	0.392857142857143
FBgn0040031	100	83	183	0.546448087431694
FBgn0040038	8	7	15	0.533333333333333
FBgn0040045	13	12	25	0.52
FBgn0040056	106	115	221	0.479638009049774
FBgn0040060	85	94	179	0.474860335195531
FBgn0040063	96	83	179	0.536312849162011
FBgn0040064	185	165	350	0.528571428571429
FBgn0040066	92	107	199	0.462311557788945
FBgn0040068	358	419	777	0.460746460746461
FBgn0040069	136	151	287	0.473867595818815
FBgn0040070	132	133	265	0.49811320754717
FBgn0040071	197	207	404	0.487623762376238
FBgn0040074	77	74	151	0.509933774834437
FBgn0040075	47	48	95	0.494736842105263
FBgn0040076	0	0	0	NA
FBgn0040077	0	0	0	NA
FBgn0040078	72	68	140	0.514285714285714
FBgn0040079	199	191	390	0.51025641025641
FBgn0040080	188	220	408	0.46078431372549
FBgn0040087	85	69	154	0.551948051948052
FBgn0040089	227	228	455	0.498901098901099
FBgn0040091	54	77	131	0.412213740458015
FBgn0040092	48	56	104	0.461538461538462
FBgn0040093	106	91	197	0.538071065989848
FBgn0040096	46	35	81	0.567901234567901
FBgn0040097	88	111	199	0.442211055276382
FBgn0040098	49	57	106	0.462264150943396
FBgn0040099	79	74	153	0.516339869281046
FBgn0040102	105	105	210	0.5
FBgn0040104	30	34	64	0.46875
FBgn0040106	81	78	159	0.509433962264151
FBgn0040107	79	69	148	0.533783783783784
FBgn0040153	271	337	608	0.445723684210526
FBgn0040206	97	77	174	0.557471264367816
FBgn0040207	320	361	681	0.469897209985316
FBgn0040208	94	84	178	0.528089887640449
FBgn0040211	202	236	438	0.461187214611872
FBgn0040212	300	288	588	0.510204081632653
FBgn0040227	29	24	53	0.547169811320755
FBgn0040228	91	77	168	0.541666666666667
FBgn0040230	245	235	480	0.510416666666667
FBgn0040232	228	225	453	0.503311258278146
FBgn0040233	426	420	846	0.50354609929078
FBgn0040234	439	412	851	0.515863689776733
FBgn0040235	122	115	237	0.514767932489452
FBgn0040236	503	459	962	0.522869022869023
FBgn0040237	199	168	367	0.542234332425068
FBgn0040238	89	85	174	0.511494252873563
FBgn0040239	72	80	152	0.473684210526316
FBgn0040250	169	144	313	0.539936102236422
FBgn0040251	161	168	329	0.48936170212766
FBgn0040252	289	281	570	0.507017543859649
FBgn0040253	173	168	341	0.50733137829912
FBgn0040255	135	159	294	0.459183673469388
FBgn0040256	128	138	266	0.481203007518797
FBgn0040257	128	112	240	0.533333333333333
FBgn0040259	162	183	345	0.469565217391304
FBgn0040260	175	185	360	0.486111111111111
FBgn0040261	206	164	370	0.556756756756757
FBgn0040262	165	163	328	0.503048780487805
FBgn0040268	92	117	209	0.440191387559809
FBgn0040271	393	403	796	0.493718592964824
FBgn0040273	289	306	595	0.485714285714286
FBgn0040279	10	12	22	0.454545454545455
FBgn0040281	220	230	450	0.488888888888889
FBgn0040283	294	279	573	0.513089005235602
FBgn0040285	161	184	345	0.466666666666667
FBgn0040290	405	382	787	0.514612452350699
FBgn0040291	0	0	0	NA
FBgn0040294	185	175	360	0.513888888888889
FBgn0040296	88	78	166	0.530120481927711
FBgn0040297	184	230	414	0.444444444444444
FBgn0040298	131	102	233	0.562231759656652
FBgn0040299	614	617	1231	0.498781478472786
FBgn0040305	118	144	262	0.450381679389313
FBgn0040308	143	148	291	0.491408934707904
FBgn0040309	181	158	339	0.533923303834808
FBgn0040318	220	197	417	0.52757793764988
FBgn0040319	316	341	657	0.480974124809741
FBgn0040321	121	134	255	0.474509803921569
FBgn0040322	83	68	151	0.549668874172185
FBgn0040323	85	89	174	0.488505747126437
FBgn0040324	36	37	73	0.493150684931507
FBgn0040333	149	154	303	0.491749174917492
FBgn0040334	74	60	134	0.552238805970149
FBgn0040336	126	141	267	0.471910112359551
FBgn0040337	18	25	43	0.418604651162791
FBgn0040338	14	7	21	0.666666666666667
FBgn0040339	15	15	30	0.5
FBgn0040340	142	131	273	0.52014652014652
FBgn0040341	92	87	179	0.513966480446927
FBgn0040342	85	93	178	0.47752808988764
FBgn0040343	19	18	37	0.513513513513513
FBgn0040344	171	165	336	0.508928571428571
FBgn0040345	46	52	98	0.469387755102041
FBgn0040346	61	55	116	0.525862068965517
FBgn0040347	67	88	155	0.432258064516129
FBgn0040348	98	83	181	0.541436464088398
FBgn0040349	66	67	133	0.496240601503759
FBgn0040350	166	185	351	0.472934472934473
FBgn0040351	167	143	310	0.538709677419355
FBgn0040352	102	123	225	0.453333333333333
FBgn0040353	112	104	216	0.518518518518518
FBgn0040354	117	105	222	0.527027027027027
FBgn0040355	92	108	200	0.46
FBgn0040356	93	93	186	0.5
FBgn0040357	46	57	103	0.446601941747573
FBgn0040358	200	177	377	0.530503978779841
FBgn0040359	165	168	333	0.495495495495495
FBgn0040360	153	136	289	0.529411764705882
FBgn0040361	118	103	221	0.53393665158371
FBgn0040362	72	64	136	0.529411764705882
FBgn0040363	159	183	342	0.464912280701754
FBgn0040364	206	171	377	0.546419098143236
FBgn0040365	22	17	39	0.564102564102564
FBgn0040366	150	192	342	0.43859649122807
FBgn0040367	90	95	185	0.486486486486487
FBgn0040368	100	118	218	0.458715596330275
FBgn0040370	88	126	214	0.411214953271028
FBgn0040371	0	0	0	NA
FBgn0040372	71	79	150	0.473333333333333
FBgn0040373	0	0	0	NA
FBgn0040375	129	138	267	0.48314606741573
FBgn0040376	114	111	225	0.506666666666667
FBgn0040377	133	98	231	0.575757575757576
FBgn0040382	47	52	99	0.474747474747475
FBgn0040383	86	83	169	0.50887573964497
FBgn0040384	177	206	383	0.462140992167102
FBgn0040385	146	98	244	0.598360655737705
FBgn0040388	343	328	671	0.511177347242921
FBgn0040389	53	70	123	0.430894308943089
FBgn0040391	146	148	294	0.496598639455782
FBgn0040392	110	130	240	0.458333333333333
FBgn0040393	43	41	84	0.511904761904762
FBgn0040394	19	1	20	0.95
FBgn0040395	278	287	565	0.492035398230089
FBgn0040396	99	99	198	0.5
FBgn0040397	269	264	533	0.5046904315197
FBgn0040398	56	48	104	0.538461538461538
FBgn0040465	62	62	124	0.5
FBgn0040466	7	10	17	0.411764705882353
FBgn0040467	51	36	87	0.586206896551724
FBgn0040475	138	160	298	0.463087248322148
FBgn0040477	63	64	127	0.496062992125984
FBgn0040487	43	55	98	0.438775510204082
FBgn0040491	115	103	218	0.527522935779816
FBgn0040493	189	178	367	0.514986376021798
FBgn0040496	158	151	309	0.511326860841424
FBgn0040502	11	9	20	0.55
FBgn0040503	92	99	191	0.481675392670157
FBgn0040505	831	814	1645	0.50516717325228
FBgn0040506	115	102	217	0.529953917050691
FBgn0040507	124	118	242	0.512396694214876
FBgn0040508	224	221	445	0.503370786516854
FBgn0040509	85	76	161	0.527950310559006
FBgn0040510	108	90	198	0.545454545454545
FBgn0040512	137	174	311	0.440514469453376
FBgn0040513	0	0	0	NA
FBgn0040514	0	0	0	NA
FBgn0040519	40	46	86	0.465116279069767
FBgn0040524	0	1	1	0
FBgn0040528	67	70	137	0.489051094890511
FBgn0040529	0	0	0	NA
FBgn0040531	0	0	0	NA
FBgn0040532	28	42	70	0.4
FBgn0040534	3	0	3	1
FBgn0040551	79	80	159	0.49685534591195
FBgn0040553	28	24	52	0.538461538461538
FBgn0040554	5	2	7	0.714285714285714
FBgn0040565	126	100	226	0.557522123893805
FBgn0040569	46	55	101	0.455445544554455
FBgn0040571	214	237	451	0.47450110864745
FBgn0040575	52	32	84	0.619047619047619
FBgn0040582	89	75	164	0.542682926829268
FBgn0040588	60	46	106	0.566037735849057
FBgn0040600	130	127	257	0.505836575875486
FBgn0040601	297	297	594	0.5
FBgn0040602	12	7	19	0.631578947368421
FBgn0040606	60	47	107	0.560747663551402
FBgn0040607	53	49	102	0.519607843137255
FBgn0040608	64	82	146	0.438356164383562
FBgn0040609	30	39	69	0.434782608695652
FBgn0040623	0	0	0	NA
FBgn0040628	53	57	110	0.481818181818182
FBgn0040629	61	56	117	0.521367521367521
FBgn0040634	20	33	53	0.377358490566038
FBgn0040636	25	25	50	0.5
FBgn0040637	18	17	35	0.514285714285714
FBgn0040648	68	64	132	0.515151515151515
FBgn0040649	31	41	72	0.430555555555556
FBgn0040650	0	0	0	NA
FBgn0040651	41	23	64	0.640625
FBgn0040653	72	82	154	0.467532467532468
FBgn0040658	118	124	242	0.487603305785124
FBgn0040660	27	24	51	0.529411764705882
FBgn0040666	0	0	0	NA
FBgn0040670	29	21	50	0.58
FBgn0040674	38	38	76	0.5
FBgn0040679	38	35	73	0.520547945205479
FBgn0040682	52	63	115	0.452173913043478
FBgn0040684	126	106	232	0.543103448275862
FBgn0040687	0	0	0	NA
FBgn0040688	4	10	14	0.285714285714286
FBgn0040694	65	86	151	0.43046357615894
FBgn0040696	79	68	147	0.537414965986395
FBgn0040697	92	94	186	0.494623655913978
FBgn0040699	0	1	1	0
FBgn0040705	40	40	80	0.5
FBgn0040715	0	0	0	NA
FBgn0040717	64	63	127	0.503937007874016
FBgn0040718	0	0	0	NA
FBgn0040719	67	81	148	0.452702702702703
FBgn0040723	39	37	76	0.513157894736842
FBgn0040725	53	43	96	0.552083333333333
FBgn0040726	361	326	687	0.5254730713246
FBgn0040729	37	36	73	0.506849315068493
FBgn0040730	61	46	107	0.570093457943925
FBgn0040732	90	92	182	0.494505494505495
FBgn0040733	44	30	74	0.594594594594595
FBgn0040734	50	35	85	0.588235294117647
FBgn0040735	70	59	129	0.542635658914729
FBgn0040736	111	98	209	0.5311004784689
FBgn0040737	21	18	39	0.538461538461538
FBgn0040743	14	23	37	0.378378378378378
FBgn0040747	51	46	97	0.525773195876289
FBgn0040751	8	15	23	0.347826086956522
FBgn0040752	560	655	1215	0.460905349794239
FBgn0040754	26	23	49	0.530612244897959
FBgn0040755	110	104	214	0.514018691588785
FBgn0040759	0	0	0	NA
FBgn0040763	29	29	58	0.5
FBgn0040764	45	61	106	0.424528301886792
FBgn0040765	544	467	1011	0.538081107814046
FBgn0040773	64	55	119	0.53781512605042
FBgn0040775	37	48	85	0.435294117647059
FBgn0040777	92	83	175	0.525714285714286
FBgn0040778	46	32	78	0.58974358974359
FBgn0040780	34	16	50	0.68
FBgn0040784	57	63	120	0.475
FBgn0040786	0	0	0	NA
FBgn0040793	8	9	17	0.470588235294118
FBgn0040794	63	44	107	0.588785046728972
FBgn0040795	86	83	169	0.50887573964497
FBgn0040796	38	30	68	0.558823529411765
FBgn0040797	50	44	94	0.531914893617021
FBgn0040798	15	16	31	0.483870967741935
FBgn0040799	36	48	84	0.428571428571429
FBgn0040801	33	37	70	0.471428571428571
FBgn0040805	213	194	407	0.523341523341523
FBgn0040809	56	57	113	0.495575221238938
FBgn0040812	54	51	105	0.514285714285714
FBgn0040813	49	44	93	0.526881720430108
FBgn0040814	0	0	0	NA
FBgn0040816	52	51	103	0.504854368932039
FBgn0040817	77	79	156	0.493589743589744
FBgn0040823	481	518	999	0.481481481481481
FBgn0040827	66	53	119	0.554621848739496
FBgn0040828	366	378	744	0.491935483870968
FBgn0040832	81	81	162	0.5
FBgn0040837	100	78	178	0.561797752808989
FBgn0040842	11	6	17	0.647058823529412
FBgn0040843	44	22	66	0.666666666666667
FBgn0040849	62	56	118	0.525423728813559
FBgn0040850	70	74	144	0.486111111111111
FBgn0040859	89	72	161	0.552795031055901
FBgn0040871	57	61	118	0.483050847457627
FBgn0040877	86	82	168	0.511904761904762
FBgn0040890	34	18	52	0.653846153846154
FBgn0040892	56	34	90	0.622222222222222
FBgn0040899	37	36	73	0.506849315068493
FBgn0040900	67	48	115	0.582608695652174
FBgn0040904	15	15	30	0.5
FBgn0040905	55	49	104	0.528846153846154
FBgn0040906	58	48	106	0.547169811320755
FBgn0040907	38	30	68	0.558823529411765
FBgn0040918	229	214	443	0.516930022573363
FBgn0040922	48	48	96	0.5
FBgn0040923	12	8	20	0.6
FBgn0040928	152	137	289	0.525951557093426
FBgn0040929	52	61	113	0.460176991150442
FBgn0040931	30	28	58	0.517241379310345
FBgn0040941	6	4	10	0.6
FBgn0040942	73	61	134	0.544776119402985
FBgn0040949	17	16	33	0.515151515151515
FBgn0040950	18	18	36	0.5
FBgn0040958	0	0	0	NA
FBgn0040959	71	55	126	0.563492063492063
FBgn0040963	121	103	224	0.540178571428571
FBgn0040964	64	74	138	0.463768115942029
FBgn0040965	44	54	98	0.448979591836735
FBgn0040967	66	67	133	0.496240601503759
FBgn0040968	0	0	0	NA
FBgn0040972	53	58	111	0.477477477477477
FBgn0040973	76	53	129	0.589147286821705
FBgn0040984	36	26	62	0.580645161290323
FBgn0040985	74	61	135	0.548148148148148
FBgn0040989	29	29	58	0.5
FBgn0040992	0	0	0	NA
FBgn0040993	0	0	0	NA
FBgn0040996	89	66	155	0.574193548387097
FBgn0041004	0	0	0	NA
FBgn0041087	187	169	356	0.525280898876405
FBgn0041092	1017	1026	2043	0.497797356828194
FBgn0041094	49	83	132	0.371212121212121
FBgn0041096	620	685	1305	0.475095785440613
FBgn0041097	631	652	1283	0.491816056118472
FBgn0041100	0	0	0	NA
FBgn0041102	54	64	118	0.457627118644068
FBgn0041103	87	69	156	0.557692307692308
FBgn0041105	50	53	103	0.485436893203884
FBgn0041111	369	384	753	0.49003984063745
FBgn0041147	150	163	313	0.479233226837061
FBgn0041150	491	526	1017	0.482792527040315
FBgn0041156	231	199	430	0.537209302325581
FBgn0041160	83	89	172	0.482558139534884
FBgn0041164	254	278	532	0.477443609022556
FBgn0041171	266	262	528	0.503787878787879
FBgn0041174	11	11	22	0.5
FBgn0041180	220	210	430	0.511627906976744
FBgn0041181	224	211	435	0.514942528735632
FBgn0041182	434	420	854	0.508196721311475
FBgn0041183	149	138	287	0.519163763066202
FBgn0041184	235	267	502	0.468127490039841
FBgn0041186	85	85	170	0.5
FBgn0041188	154	182	336	0.458333333333333
FBgn0041191	11	19	30	0.366666666666667
FBgn0041194	201	196	397	0.506297229219144
FBgn0041195	304	300	604	0.503311258278146
FBgn0041205	36	46	82	0.439024390243902
FBgn0041210	664	669	1333	0.498124531132783
FBgn0041224	129	144	273	0.472527472527473
FBgn0041225	73	91	164	0.445121951219512
FBgn0041229	67	53	120	0.558333333333333
FBgn0041231	84	71	155	0.541935483870968
FBgn0041232	94	113	207	0.454106280193237
FBgn0041233	113	131	244	0.463114754098361
FBgn0041234	119	119	238	0.5
FBgn0041235	102	98	200	0.51
FBgn0041236	93	103	196	0.474489795918367
FBgn0041237	147	134	281	0.523131672597865
FBgn0041238	182	160	342	0.532163742690059
FBgn0041239	138	137	275	0.501818181818182
FBgn0041240	118	140	258	0.457364341085271
FBgn0041241	84	66	150	0.56
FBgn0041242	139	104	243	0.57201646090535
FBgn0041243	67	81	148	0.452702702702703
FBgn0041245	139	127	266	0.522556390977444
FBgn0041246	102	95	197	0.517766497461929
FBgn0041247	174	198	372	0.467741935483871
FBgn0041248	215	171	386	0.55699481865285
FBgn0041249	101	113	214	0.47196261682243
FBgn0041250	168	176	344	0.488372093023256
FBgn0041252	62	40	102	0.607843137254902
FBgn0041336	76	83	159	0.477987421383648
FBgn0041337	181	176	357	0.507002801120448
FBgn0041342	230	279	509	0.451866404715128
FBgn0041579	86	76	162	0.530864197530864
FBgn0041581	96	81	177	0.542372881355932
FBgn0041582	177	160	337	0.525222551928783
FBgn0041585	478	485	963	0.496365524402908
FBgn0041588	144	142	286	0.503496503496504
FBgn0041604	282	262	544	0.518382352941177
FBgn0041605	42	61	103	0.407766990291262
FBgn0041621	28	36	64	0.4375
FBgn0041622	171	165	336	0.508928571428571
FBgn0041623	138	125	263	0.524714828897338
FBgn0041624	125	155	280	0.446428571428571
FBgn0041625	150	142	292	0.513698630136986
FBgn0041626	59	31	90	0.655555555555556
FBgn0041627	212	201	413	0.513317191283293
FBgn0041629	197	209	406	0.485221674876847
FBgn0041630	178	192	370	0.481081081081081
FBgn0041702	143	82	225	0.635555555555556
FBgn0041706	150	160	310	0.483870967741935
FBgn0041707	48	45	93	0.516129032258065
FBgn0041709	195	216	411	0.474452554744526
FBgn0041710	65	63	128	0.5078125
FBgn0041711	50	51	101	0.495049504950495
FBgn0041712	117	117	234	0.5
FBgn0041713	53	50	103	0.514563106796116
FBgn0041717	12	15	27	0.444444444444444
FBgn0041719	0	0	0	NA
FBgn0041720	0	0	0	NA
FBgn0041721	48	44	92	0.521739130434783
FBgn0041723	412	404	816	0.504901960784314
FBgn0041775	180	203	383	0.469973890339426
FBgn0041780	0	0	0	NA
FBgn0041781	199	212	411	0.484184914841849
FBgn0041789	324	290	614	0.527687296416938
FBgn0042083	196	202	398	0.492462311557789
FBgn0042085	186	191	377	0.493368700265252
FBgn0042086	0	0	0	NA
FBgn0042092	94	107	201	0.467661691542289
FBgn0042094	32	25	57	0.56140350877193
FBgn0042098	84	134	218	0.385321100917431
FBgn0042101	117	74	191	0.612565445026178
FBgn0042102	41	25	66	0.621212121212121
FBgn0042103	127	119	246	0.516260162601626
FBgn0042104	85	71	156	0.544871794871795
FBgn0042105	86	79	165	0.521212121212121
FBgn0042106	137	128	265	0.516981132075472
FBgn0042110	72	65	137	0.525547445255474
FBgn0042111	64	90	154	0.415584415584416
FBgn0042112	26	20	46	0.565217391304348
FBgn0042118	0	0	0	NA
FBgn0042119	50	37	87	0.574712643678161
FBgn0042125	0	0	0	NA
FBgn0042126	81	87	168	0.482142857142857
FBgn0042127	0	0	0	NA
FBgn0042129	76	58	134	0.567164179104478
FBgn0042131	99	111	210	0.471428571428571
FBgn0042132	81	65	146	0.554794520547945
FBgn0042133	41	40	81	0.506172839506173
FBgn0042134	62	59	121	0.512396694214876
FBgn0042135	409	391	800	0.51125
FBgn0042137	82	77	159	0.515723270440252
FBgn0042138	145	149	294	0.493197278911565
FBgn0042146	63	69	132	0.477272727272727
FBgn0042173	0	0	0	NA
FBgn0042175	30	16	46	0.652173913043478
FBgn0042177	32	36	68	0.470588235294118
FBgn0042178	82	77	159	0.515723270440252
FBgn0042179	198	191	389	0.508997429305913
FBgn0042180	218	219	437	0.498855835240275
FBgn0042182	0	0	0	NA
FBgn0042185	423	446	869	0.486766398158803
FBgn0042186	105	102	207	0.507246376811594
FBgn0042187	49	46	95	0.515789473684211
FBgn0042189	85	92	177	0.480225988700565
FBgn0042198	54	47	101	0.534653465346535
FBgn0042199	33	31	64	0.515625
FBgn0042201	39	63	102	0.382352941176471
FBgn0042205	52	46	98	0.530612244897959
FBgn0042206	51	56	107	0.476635514018692
FBgn0042207	46	50	96	0.479166666666667
FBgn0042213	56	73	129	0.434108527131783
FBgn0042627	50	47	97	0.515463917525773
FBgn0042630	372	430	802	0.463840399002494
FBgn0042641	0	0	0	NA
FBgn0042693	363	365	728	0.498626373626374
FBgn0042696	171	160	331	0.516616314199396
FBgn0042701	74	55	129	0.573643410852713
FBgn0042710	92	97	189	0.486772486772487
FBgn0042711	49	48	97	0.505154639175258
FBgn0042712	145	171	316	0.458860759493671
FBgn0043001	12	16	28	0.428571428571429
FBgn0043002	7	8	15	0.466666666666667
FBgn0043005	105	95	200	0.525
FBgn0043010	31	36	67	0.462686567164179
FBgn0043012	44	60	104	0.423076923076923
FBgn0043021	47	40	87	0.540229885057471
FBgn0043022	19	18	37	0.513513513513513
FBgn0043025	181	158	339	0.533923303834808
FBgn0043043	71	76	147	0.482993197278912
FBgn0043069	0	0	0	NA
FBgn0043070	402	417	819	0.490842490842491
FBgn0043362	859	907	1766	0.486409966024915
FBgn0043364	65	76	141	0.460992907801418
FBgn0043455	23	26	49	0.469387755102041
FBgn0043456	252	255	507	0.497041420118343
FBgn0043457	114	96	210	0.542857142857143
FBgn0043458	218	190	408	0.534313725490196
FBgn0043470	34	53	87	0.390804597701149
FBgn0043471	70	60	130	0.538461538461538
FBgn0043530	33	32	65	0.507692307692308
FBgn0043532	83	99	182	0.456043956043956
FBgn0043533	71	79	150	0.473333333333333
FBgn0043534	61	48	109	0.559633027522936
FBgn0043535	69	69	138	0.5
FBgn0043536	0	0	0	NA
FBgn0043539	75	91	166	0.451807228915663
FBgn0043550	170	147	317	0.536277602523659
FBgn0043575	8	4	12	0.666666666666667
FBgn0043576	0	0	0	NA
FBgn0043577	25	29	54	0.462962962962963
FBgn0043578	0	0	0	NA
FBgn0043783	78	72	150	0.52
FBgn0043791	67	90	157	0.426751592356688
FBgn0043792	35	25	60	0.583333333333333
FBgn0043796	127	136	263	0.482889733840304
FBgn0043799	98	104	202	0.485148514851485
FBgn0043806	130	145	275	0.472727272727273
FBgn0043825	127	195	322	0.394409937888199
FBgn0043841	258	232	490	0.526530612244898
FBgn0043853	0	0	0	NA
FBgn0043854	268	243	511	0.524461839530333
FBgn0043865	370	368	738	0.501355013550135
FBgn0043884	668	697	1365	0.489377289377289
FBgn0043900	123	120	243	0.506172839506173
FBgn0043903	338	289	627	0.539074960127592
FBgn0044011	99	115	214	0.462616822429907
FBgn0044020	134	150	284	0.471830985915493
FBgn0044028	266	291	557	0.477558348294434
FBgn0044030	26	13	39	0.666666666666667
FBgn0044046	67	76	143	0.468531468531469
FBgn0044047	232	198	430	0.53953488372093
FBgn0044048	0	0	0	NA
FBgn0044049	73	85	158	0.462025316455696
FBgn0044050	112	112	224	0.5
FBgn0044051	22	28	50	0.44
FBgn0044323	311	324	635	0.489763779527559
FBgn0044324	45	47	92	0.489130434782609
FBgn0044328	272	267	539	0.504638218923933
FBgn0044419	4	6	10	0.4
FBgn0044452	449	399	848	0.529481132075472
FBgn0044508	0	0	0	NA
FBgn0044510	11	19	30	0.366666666666667
FBgn0044511	0	0	0	NA
FBgn0044809	71	82	153	0.464052287581699
FBgn0044810	61	56	117	0.521367521367521
FBgn0044811	54	34	88	0.613636363636364
FBgn0044812	59	75	134	0.440298507462687
FBgn0044817	13	16	29	0.448275862068966
FBgn0044823	29	30	59	0.491525423728814
FBgn0044826	142	120	262	0.541984732824427
FBgn0044871	109	96	205	0.531707317073171
FBgn0044872	48	35	83	0.578313253012048
FBgn0045035	300	348	648	0.462962962962963
FBgn0045038	129	130	259	0.498069498069498
FBgn0045063	209	242	451	0.463414634146341
FBgn0045064	124	114	238	0.521008403361345
FBgn0045073	240	310	550	0.436363636363636
FBgn0045442	27	21	48	0.5625
FBgn0045443	71	85	156	0.455128205128205
FBgn0045468	0	0	0	NA
FBgn0045469	111	107	218	0.509174311926605
FBgn0045470	112	99	211	0.530805687203792
FBgn0045471	110	97	207	0.531400966183575
FBgn0045473	33	28	61	0.540983606557377
FBgn0045474	95	95	190	0.5
FBgn0045476	0	0	0	NA
FBgn0045477	0	0	0	NA
FBgn0045478	0	0	0	NA
FBgn0045479	137	129	266	0.515037593984962
FBgn0045482	92	88	180	0.511111111111111
FBgn0045483	115	121	236	0.48728813559322
FBgn0045485	56	71	127	0.440944881889764
FBgn0045486	84	74	158	0.531645569620253
FBgn0045487	71	83	154	0.461038961038961
FBgn0045495	488	450	938	0.520255863539446
FBgn0045497	91	102	193	0.471502590673575
FBgn0045498	131	99	230	0.569565217391304
FBgn0045500	119	112	231	0.515151515151515
FBgn0045501	114	112	226	0.504424778761062
FBgn0045502	0	0	0	NA
FBgn0045759	227	211	438	0.518264840182648
FBgn0045761	139	133	272	0.511029411764706
FBgn0045770	194	198	392	0.494897959183673
FBgn0045800	19	14	33	0.575757575757576
FBgn0045823	85	80	165	0.515151515151515
FBgn0045827	0	0	0	NA
FBgn0045842	373	329	702	0.531339031339031
FBgn0045843	13	28	41	0.317073170731707
FBgn0045852	391	421	812	0.481527093596059
FBgn0045862	111	126	237	0.468354430379747
FBgn0045866	43	63	106	0.405660377358491
FBgn0045980	193	199	392	0.49234693877551
FBgn0046113	327	361	688	0.475290697674419
FBgn0046114	27	27	54	0.5
FBgn0046214	59	70	129	0.457364341085271
FBgn0046222	21	14	35	0.6
FBgn0046225	136	141	277	0.490974729241877
FBgn0046247	140	123	263	0.532319391634981
FBgn0046253	303	304	607	0.499176276771005
FBgn0046258	122	123	245	0.497959183673469
FBgn0046294	46	57	103	0.446601941747573
FBgn0046296	35	32	67	0.522388059701492
FBgn0046297	37	53	90	0.411111111111111
FBgn0046301	27	19	46	0.58695652173913
FBgn0046302	139	159	298	0.466442953020134
FBgn0046323	0	0	0	NA
FBgn0046332	113	124	237	0.476793248945148
FBgn0046685	179	196	375	0.477333333333333
FBgn0046687	204	195	399	0.511278195488722
FBgn0046689	93	97	190	0.489473684210526
FBgn0046692	101	103	204	0.495098039215686
FBgn0046696	0	1	1	0
FBgn0046697	0	0	0	NA
FBgn0046698	0	0	0	NA
FBgn0046704	426	414	840	0.507142857142857
FBgn0046706	0	0	0	NA
FBgn0046756	31	36	67	0.462686567164179
FBgn0046763	111	99	210	0.528571428571429
FBgn0046776	73	84	157	0.464968152866242
FBgn0046793	102	120	222	0.459459459459459
FBgn0046873	45	42	87	0.517241379310345
FBgn0046874	0	0	0	NA
FBgn0046875	24	24	48	0.5
FBgn0046876	31	22	53	0.584905660377358
FBgn0046878	0	0	0	NA
FBgn0046879	86	102	188	0.457446808510638
FBgn0046880	61	57	118	0.516949152542373
FBgn0046885	194	158	352	0.551136363636364
FBgn0046886	163	130	293	0.556313993174061
FBgn0046887	91	100	191	0.476439790575916
FBgn0046888	58	53	111	0.522522522522523
FBgn0046999	53	46	99	0.535353535353535
FBgn0047000	32	44	76	0.421052631578947
FBgn0047038	69	81	150	0.46
FBgn0047092	184	191	375	0.490666666666667
FBgn0047095	77	76	153	0.503267973856209
FBgn0047114	54	57	111	0.486486486486487
FBgn0047135	34	30	64	0.53125
FBgn0047178	10	7	17	0.588235294117647
FBgn0047199	86	100	186	0.462365591397849
FBgn0047205	207	195	402	0.514925373134328
FBgn0047330	77	77	154	0.5
FBgn0047334	12	2	14	0.857142857142857
FBgn0047338	59	55	114	0.517543859649123
FBgn0047351	54	52	106	0.509433962264151
FBgn0050000	85	114	199	0.42713567839196
FBgn0050001	81	89	170	0.476470588235294
FBgn0050005	33	36	69	0.478260869565217
FBgn0050008	37	55	92	0.402173913043478
FBgn0050009	277	264	541	0.512014787430684
FBgn0050010	32	35	67	0.477611940298507
FBgn0050011	10	8	18	0.555555555555556
FBgn0050015	606	588	1194	0.507537688442211
FBgn0050016	39	43	82	0.475609756097561
FBgn0050018	168	177	345	0.48695652173913
FBgn0050020	273	229	502	0.543824701195219
FBgn0050021	263	281	544	0.483455882352941
FBgn0050022	158	173	331	0.477341389728097
FBgn0050025	24	0	24	1
FBgn0050026	56	59	115	0.48695652173913
FBgn0050029	73	49	122	0.598360655737705
FBgn0050031	0	0	0	NA
FBgn0050033	60	48	108	0.555555555555556
FBgn0050035	230	233	463	0.496760259179266
FBgn0050036	84	85	169	0.497041420118343
FBgn0050037	47	51	98	0.479591836734694
FBgn0050039	78	67	145	0.537931034482759
FBgn0050042	106	93	199	0.532663316582915
FBgn0050043	248	267	515	0.481553398058252
FBgn0050044	163	184	347	0.469740634005764
FBgn0050045	41	37	78	0.525641025641026
FBgn0050046	252	257	509	0.495088408644401
FBgn0050047	213	209	422	0.504739336492891
FBgn0050048	325	350	675	0.481481481481481
FBgn0050049	236	270	506	0.466403162055336
FBgn0050050	95	72	167	0.568862275449102
FBgn0050051	58	55	113	0.513274336283186
FBgn0050052	70	68	138	0.507246376811594
FBgn0050053	84	83	167	0.502994011976048
FBgn0050054	158	143	301	0.524916943521595
FBgn0050055	43	53	96	0.447916666666667
FBgn0050056	7	8	15	0.466666666666667
FBgn0050058	0	0	0	NA
FBgn0050062	49	50	99	0.494949494949495
FBgn0050065	56	59	115	0.48695652173913
FBgn0050067	28	20	48	0.583333333333333
FBgn0050069	332	349	681	0.487518355359765
FBgn0050072	0	0	0	NA
FBgn0050073	0	0	0	NA
FBgn0050074	7	15	22	0.318181818181818
FBgn0050075	49	50	99	0.494949494949495
FBgn0050076	192	185	377	0.509283819628647
FBgn0050077	2	5	7	0.285714285714286
FBgn0050080	0	0	0	NA
FBgn0050081	123	134	257	0.478599221789883
FBgn0050082	77	77	154	0.5
FBgn0050083	124	98	222	0.558558558558559
FBgn0050085	305	281	586	0.520477815699659
FBgn0050087	0	0	0	NA
FBgn0050088	0	0	0	NA
FBgn0050089	325	338	663	0.490196078431373
FBgn0050090	41	65	106	0.386792452830189
FBgn0050091	79	84	163	0.484662576687117
FBgn0050093	23	16	39	0.58974358974359
FBgn0050094	72	90	162	0.444444444444444
FBgn0050095	117	111	228	0.513157894736842
FBgn0050096	32	25	57	0.56140350877193
FBgn0050098	106	99	205	0.517073170731707
FBgn0050099	37	43	80	0.4625
FBgn0050100	0	0	0	NA
FBgn0050101	140	153	293	0.477815699658703
FBgn0050103	271	235	506	0.535573122529644
FBgn0050104	217	225	442	0.490950226244344
FBgn0050105	0	0	0	NA
FBgn0050106	302	281	583	0.518010291595197
FBgn0050108	34	40	74	0.459459459459459
FBgn0050109	41	53	94	0.436170212765957
FBgn0050110	213	238	451	0.472283813747228
FBgn0050114	109	88	197	0.553299492385787
FBgn0050115	520	512	1032	0.503875968992248
FBgn0050120	0	0	0	NA
FBgn0050121	150	157	307	0.488599348534202
FBgn0050122	268	255	523	0.512428298279159
FBgn0050125	50	41	91	0.549450549450549
FBgn0050145	35	49	84	0.416666666666667
FBgn0050147	266	260	526	0.505703422053232
FBgn0050148	101	123	224	0.450892857142857
FBgn0050151	130	119	249	0.522088353413655
FBgn0050154	63	94	157	0.401273885350318
FBgn0050155	31	17	48	0.645833333333333
FBgn0050156	52	52	104	0.5
FBgn0050157	29	28	57	0.508771929824561
FBgn0050158	290	297	587	0.494037478705281
FBgn0050159	97	121	218	0.444954128440367
FBgn0050160	0	0	0	NA
FBgn0050161	30	27	57	0.526315789473684
FBgn0050163	16	22	38	0.421052631578947
FBgn0050169	187	196	383	0.488250652741514
FBgn0050172	45	44	89	0.50561797752809
FBgn0050177	112	121	233	0.48068669527897
FBgn0050178	29	21	50	0.58
FBgn0050181	174	165	339	0.513274336283186
FBgn0050183	324	389	713	0.454417952314165
FBgn0050184	48	51	99	0.484848484848485
FBgn0050185	43	63	106	0.405660377358491
FBgn0050187	73	69	142	0.514084507042254
FBgn0050192	41	29	70	0.585714285714286
FBgn0050195	70	75	145	0.482758620689655
FBgn0050196	55	53	108	0.509259259259259
FBgn0050197	48	54	102	0.470588235294118
FBgn0050198	11	7	18	0.611111111111111
FBgn0050199	13	13	26	0.5
FBgn0050200	0	11	11	0
FBgn0050201	16	16	32	0.5
FBgn0050202	19	27	46	0.41304347826087
FBgn0050203	288	250	538	0.535315985130111
FBgn0050206	17	21	38	0.447368421052632
FBgn0050208	7	8	15	0.466666666666667
FBgn0050209	0	3	3	0
FBgn0050211	13	14	27	0.481481481481481
FBgn0050212	23	20	43	0.534883720930233
FBgn0050215	24	14	38	0.631578947368421
FBgn0050218	19	16	35	0.542857142857143
FBgn0050220	16	23	39	0.41025641025641
FBgn0050222	166	184	350	0.474285714285714
FBgn0050223	31	31	62	0.5
FBgn0050225	14	36	50	0.28
FBgn0050227	7	10	17	0.411764705882353
FBgn0050229	25	19	44	0.568181818181818
FBgn0050231	15	11	26	0.576923076923077
FBgn0050232	43	23	66	0.651515151515151
FBgn0050234	8	19	27	0.296296296296296
FBgn0050235	26	19	45	0.577777777777778
FBgn0050237	21	21	42	0.5
FBgn0050238	28	22	50	0.56
FBgn0050239	28	31	59	0.474576271186441
FBgn0050240	34	28	62	0.548387096774194
FBgn0050241	38	33	71	0.535211267605634
FBgn0050249	9	7	16	0.5625
FBgn0050250	20	21	41	0.48780487804878
FBgn0050251	7	4	11	0.636363636363636
FBgn0050254	3	1	4	0.75
FBgn0050257	29	24	53	0.547169811320755
FBgn0050259	144	169	313	0.460063897763578
FBgn0050263	604	620	1224	0.493464052287582
FBgn0050265	174	191	365	0.476712328767123
FBgn0050267	40	44	84	0.476190476190476
FBgn0050268	311	300	611	0.509001636661211
FBgn0050269	0	0	0	NA
FBgn0050271	213	214	427	0.498829039812646
FBgn0050272	137	149	286	0.479020979020979
FBgn0050273	0	0	0	NA
FBgn0050274	143	165	308	0.464285714285714
FBgn0050275	218	230	448	0.486607142857143
FBgn0050277	163	166	329	0.495440729483283
FBgn0050278	79	92	171	0.461988304093567
FBgn0050280	125	93	218	0.573394495412844
FBgn0050281	124	98	222	0.558558558558559
FBgn0050284	30	26	56	0.535714285714286
FBgn0050285	55	37	92	0.597826086956522
FBgn0050286	115	117	232	0.495689655172414
FBgn0050287	30	36	66	0.454545454545455
FBgn0050288	55	71	126	0.436507936507937
FBgn0050289	119	134	253	0.470355731225296
FBgn0050290	0	0	0	NA
FBgn0050291	120	97	217	0.552995391705069
FBgn0050293	178	193	371	0.479784366576819
FBgn0050295	309	306	615	0.502439024390244
FBgn0050296	507	478	985	0.514720812182741
FBgn0050297	0	0	0	NA
FBgn0050298	1	2	3	0.333333333333333
FBgn0050299	0	0	0	NA
FBgn0050316	21	10	31	0.67741935483871
FBgn0050323	93	98	191	0.486910994764398
FBgn0050324	23	35	58	0.396551724137931
FBgn0050325	271	248	519	0.522157996146435
FBgn0050326	27	31	58	0.46551724137931
FBgn0050333	5	5	10	0.5
FBgn0050334	24	31	55	0.436363636363636
FBgn0050338	53	68	121	0.43801652892562
FBgn0050339	48	45	93	0.516129032258065
FBgn0050340	119	111	230	0.517391304347826
FBgn0050342	7	1	8	0.875
FBgn0050343	23	25	48	0.479166666666667
FBgn0050344	118	95	213	0.553990610328638
FBgn0050345	68	59	127	0.535433070866142
FBgn0050349	82	90	172	0.476744186046512
FBgn0050350	36	28	64	0.5625
FBgn0050354	33	40	73	0.452054794520548
FBgn0050355	17	13	30	0.566666666666667
FBgn0050356	0	2	2	0
FBgn0050357	31	36	67	0.462686567164179
FBgn0050359	33	42	75	0.44
FBgn0050360	65	88	153	0.42483660130719
FBgn0050361	442	404	846	0.522458628841608
FBgn0050362	66	70	136	0.485294117647059
FBgn0050363	0	0	0	NA
FBgn0050364	0	0	0	NA
FBgn0050365	0	0	0	NA
FBgn0050366	0	0	0	NA
FBgn0050369	12	14	26	0.461538461538462
FBgn0050371	96	102	198	0.484848484848485
FBgn0050372	114	110	224	0.508928571428571
FBgn0050373	24	18	42	0.571428571428571
FBgn0050374	0	0	0	NA
FBgn0050375	113	99	212	0.533018867924528
FBgn0050376	18	18	36	0.5
FBgn0050377	369	335	704	0.524147727272727
FBgn0050378	30	33	63	0.476190476190476
FBgn0050379	44	40	84	0.523809523809524
FBgn0050380	7	9	16	0.4375
FBgn0050381	35	36	71	0.492957746478873
FBgn0050382	0	0	0	NA
FBgn0050383	58	66	124	0.467741935483871
FBgn0050384	50	60	110	0.454545454545455
FBgn0050385	73	80	153	0.477124183006536
FBgn0050389	405	377	782	0.517902813299233
FBgn0050390	0	0	0	NA
FBgn0050391	133	126	259	0.513513513513513
FBgn0050392	9	5	14	0.642857142857143
FBgn0050393	55	72	127	0.433070866141732
FBgn0050394	202	184	386	0.523316062176166
FBgn0050395	504	504	1008	0.5
FBgn0050398	74	81	155	0.47741935483871
FBgn0050401	104	87	191	0.544502617801047
FBgn0050403	65	84	149	0.436241610738255
FBgn0050404	148	170	318	0.465408805031447
FBgn0050406	28	42	70	0.4
FBgn0050407	24	19	43	0.558139534883721
FBgn0050409	58	58	116	0.5
FBgn0050410	34	33	67	0.507462686567164
FBgn0050411	112	124	236	0.474576271186441
FBgn0050412	80	88	168	0.476190476190476
FBgn0050413	31	19	50	0.62
FBgn0050414	61	67	128	0.4765625
FBgn0050416	133	132	265	0.50188679245283
FBgn0050417	31	40	71	0.436619718309859
FBgn0050418	197	228	425	0.463529411764706
FBgn0050419	149	133	282	0.528368794326241
FBgn0050421	165	155	320	0.515625
FBgn0050423	23	28	51	0.450980392156863
FBgn0050424	12	15	27	0.444444444444444
FBgn0050428	0	0	0	NA
FBgn0050429	90	81	171	0.526315789473684
FBgn0050430	15	20	35	0.428571428571429
FBgn0050431	82	86	168	0.488095238095238
FBgn0050432	5	6	11	0.454545454545455
FBgn0050438	144	158	302	0.47682119205298
FBgn0050440	208	202	410	0.507317073170732
FBgn0050441	11	17	28	0.392857142857143
FBgn0050443	59	63	122	0.483606557377049
FBgn0050446	102	88	190	0.536842105263158
FBgn0050447	112	88	200	0.56
FBgn0050449	21	22	43	0.488372093023256
FBgn0050452	6	1	7	0.857142857142857
FBgn0050454	5	4	9	0.555555555555556
FBgn0050456	273	310	583	0.468267581475129
FBgn0050457	84	79	163	0.515337423312883
FBgn0050458	45	45	90	0.5
FBgn0050460	336	362	698	0.481375358166189
FBgn0050461	0	0	0	NA
FBgn0050462	4	4	8	0.5
FBgn0050463	498	545	1043	0.477468839884947
FBgn0050464	144	134	278	0.517985611510791
FBgn0050466	102	115	217	0.470046082949309
FBgn0050467	92	101	193	0.476683937823834
FBgn0050468	105	138	243	0.432098765432099
FBgn0050469	141	133	274	0.514598540145985
FBgn0050471	258	261	519	0.497109826589595
FBgn0050472	59	64	123	0.479674796747967
FBgn0050476	33	28	61	0.540983606557377
FBgn0050479	15	10	25	0.6
FBgn0050480	0	0	0	NA
FBgn0050481	0	0	0	NA
FBgn0050484	190	211	401	0.473815461346633
FBgn0050485	148	134	282	0.524822695035461
FBgn0050486	0	0	0	NA
FBgn0050487	17	25	42	0.404761904761905
FBgn0050488	86	107	193	0.44559585492228
FBgn0050489	283	265	548	0.516423357664234
FBgn0050491	7	9	16	0.4375
FBgn0050493	82	90	172	0.476744186046512
FBgn0050495	28	29	57	0.491228070175439
FBgn0050496	45	48	93	0.483870967741935
FBgn0050499	26	21	47	0.553191489361702
FBgn0050502	84	85	169	0.497041420118343
FBgn0050503	0	0	0	NA
FBgn0050506	34	25	59	0.576271186440678
FBgn0050509	8	16	24	0.333333333333333
FBgn0051002	137	148	285	0.480701754385965
FBgn0051004	460	447	907	0.507166482910695
FBgn0051005	333	300	633	0.5260663507109
FBgn0051007	61	63	124	0.491935483870968
FBgn0051008	55	75	130	0.423076923076923
FBgn0051010	62	94	156	0.397435897435897
FBgn0051013	188	197	385	0.488311688311688
FBgn0051014	194	198	392	0.494897959183673
FBgn0051015	261	249	510	0.511764705882353
FBgn0051016	409	383	792	0.516414141414141
FBgn0051017	193	208	401	0.481296758104738
FBgn0051019	243	227	470	0.517021276595745
FBgn0051021	177	154	331	0.534743202416918
FBgn0051023	28	31	59	0.474576271186441
FBgn0051025	257	269	526	0.488593155893536
FBgn0051028	202	185	387	0.521963824289406
FBgn0051029	205	206	411	0.498783454987835
FBgn0051030	135	111	246	0.548780487804878
FBgn0051032	76	67	143	0.531468531468531
FBgn0051036	337	336	673	0.50074294205052
FBgn0051038	501	506	1007	0.497517378351539
FBgn0051040	113	143	256	0.44140625
FBgn0051041	70	57	127	0.551181102362205
FBgn0051044	252	256	508	0.496062992125984
FBgn0051050	95	78	173	0.549132947976879
FBgn0051051	54	62	116	0.46551724137931
FBgn0051053	26	34	60	0.433333333333333
FBgn0051054	0	0	0	NA
FBgn0051055	91	100	191	0.476439790575916
FBgn0051064	470	475	945	0.497354497354497
FBgn0051065	84	104	188	0.446808510638298
FBgn0051068	230	246	476	0.483193277310924
FBgn0051070	22	27	49	0.448979591836735
FBgn0051071	3	9	12	0.25
FBgn0051072	338	337	675	0.500740740740741
FBgn0051075	167	192	359	0.465181058495822
FBgn0051076	79	124	203	0.389162561576355
FBgn0051077	243	281	524	0.463740458015267
FBgn0051080	81	54	135	0.6
FBgn0051081	107	109	216	0.49537037037037
FBgn0051086	0	0	0	NA
FBgn0051087	122	151	273	0.446886446886447
FBgn0051088	0	0	0	NA
FBgn0051089	56	64	120	0.466666666666667
FBgn0051091	158	140	298	0.530201342281879
FBgn0051092	501	460	961	0.521331945889698
FBgn0051093	0	4	4	0
FBgn0051097	169	182	351	0.481481481481481
FBgn0051098	55	73	128	0.4296875
FBgn0051099	142	128	270	0.525925925925926
FBgn0051100	131	134	265	0.494339622641509
FBgn0051102	152	188	340	0.447058823529412
FBgn0051103	56	32	88	0.636363636363636
FBgn0051104	136	96	232	0.586206896551724
FBgn0051105	154	146	300	0.513333333333333
FBgn0051106	191	178	369	0.517615176151762
FBgn0051108	158	176	334	0.473053892215569
FBgn0051109	50	35	85	0.588235294117647
FBgn0051111	72	69	141	0.51063829787234
FBgn0051115	76	71	147	0.517006802721088
FBgn0051116	410	389	799	0.513141426783479
FBgn0051118	42	29	71	0.591549295774648
FBgn0051119	80	76	156	0.512820512820513
FBgn0051121	305	308	613	0.497553017944535
FBgn0051122	283	275	558	0.507168458781362
FBgn0051125	82	75	157	0.522292993630573
FBgn0051126	43	44	87	0.494252873563218
FBgn0051128	78	70	148	0.527027027027027
FBgn0051130	32	19	51	0.627450980392157
FBgn0051131	0	0	0	NA
FBgn0051133	102	101	203	0.502463054187192
FBgn0051139	27	19	46	0.58695652173913
FBgn0051140	571	582	1153	0.495229835212489
FBgn0051141	19	29	48	0.395833333333333
FBgn0051143	10	12	22	0.454545454545455
FBgn0051144	0	0	0	NA
FBgn0051145	339	407	746	0.454423592493298
FBgn0051146	311	319	630	0.493650793650794
FBgn0051148	72	54	126	0.571428571428571
FBgn0051151	212	207	419	0.505966587112172
FBgn0051155	18	14	32	0.5625
FBgn0051156	227	221	448	0.506696428571429
FBgn0051157	68	55	123	0.552845528455285
FBgn0051158	629	560	1189	0.529015979814971
FBgn0051159	209	166	375	0.557333333333333
FBgn0051161	61	68	129	0.472868217054264
FBgn0051162	0	0	0	NA
FBgn0051163	541	581	1122	0.482174688057041
FBgn0051164	166	223	389	0.426735218508997
FBgn0051165	8	14	22	0.363636363636364
FBgn0051166	5	4	9	0.555555555555556
FBgn0051167	13	12	25	0.52
FBgn0051174	93	95	188	0.49468085106383
FBgn0051176	217	227	444	0.488738738738739
FBgn0051183	341	293	634	0.537854889589905
FBgn0051184	42	33	75	0.56
FBgn0051189	56	55	111	0.504504504504504
FBgn0051191	210	201	411	0.510948905109489
FBgn0051195	189	189	378	0.5
FBgn0051198	247	232	479	0.515657620041754
FBgn0051199	119	119	238	0.5
FBgn0051200	121	87	208	0.581730769230769
FBgn0051201	202	187	389	0.519280205655527
FBgn0051202	81	85	166	0.487951807228916
FBgn0051204	104	124	228	0.456140350877193
FBgn0051205	114	117	231	0.493506493506494
FBgn0051206	92	110	202	0.455445544554455
FBgn0051207	64	70	134	0.477611940298507
FBgn0051211	167	178	345	0.484057971014493
FBgn0051213	287	269	556	0.516187050359712
FBgn0051215	27	15	42	0.642857142857143
FBgn0051216	187	229	416	0.449519230769231
FBgn0051217	92	116	208	0.442307692307692
FBgn0051219	40	58	98	0.408163265306122
FBgn0051220	164	179	343	0.478134110787172
FBgn0051221	429	387	816	0.525735294117647
FBgn0051223	29	24	53	0.547169811320755
FBgn0051224	412	369	781	0.52752880921895
FBgn0051225	157	176	333	0.471471471471471
FBgn0051226	65	66	131	0.49618320610687
FBgn0051228	8	12	20	0.4
FBgn0051229	28	30	58	0.482758620689655
FBgn0051230	40	34	74	0.540540540540541
FBgn0051231	176	126	302	0.582781456953642
FBgn0051233	223	260	483	0.461697722567288
FBgn0051242	3	11	14	0.214285714285714
FBgn0051244	90	101	191	0.471204188481675
FBgn0051245	99	77	176	0.5625
FBgn0051248	44	55	99	0.444444444444444
FBgn0051249	81	70	151	0.536423841059603
FBgn0051251	82	68	150	0.546666666666667
FBgn0051253	0	0	0	NA
FBgn0051259	106	94	200	0.53
FBgn0051262	281	274	555	0.506306306306306
FBgn0051265	63	63	126	0.5
FBgn0051266	65	87	152	0.427631578947368
FBgn0051267	117	114	231	0.506493506493506
FBgn0051268	18	17	35	0.514285714285714
FBgn0051269	19	17	36	0.527777777777778
FBgn0051272	77	89	166	0.463855421686747
FBgn0051274	0	0	0	NA
FBgn0051278	27	25	52	0.519230769230769
FBgn0051279	102	103	205	0.497560975609756
FBgn0051281	132	124	256	0.515625
FBgn0051282	13	7	20	0.65
FBgn0051286	85	65	150	0.566666666666667
FBgn0051287	40	45	85	0.470588235294118
FBgn0051288	158	154	312	0.506410256410256
FBgn0051292	0	0	0	NA
FBgn0051294	53	57	110	0.481818181818182
FBgn0051296	37	40	77	0.480519480519481
FBgn0051300	69	62	131	0.526717557251908
FBgn0051301	14	19	33	0.424242424242424
FBgn0051313	0	0	0	NA
FBgn0051320	305	298	603	0.505804311774461
FBgn0051321	250	242	492	0.508130081300813
FBgn0051323	130	162	292	0.445205479452055
FBgn0051324	356	332	688	0.517441860465116
FBgn0051326	158	178	336	0.470238095238095
FBgn0051327	269	232	501	0.536926147704591
FBgn0051331	0	0	0	NA
FBgn0051333	30	38	68	0.441176470588235
FBgn0051334	37	34	71	0.52112676056338
FBgn0051337	68	62	130	0.523076923076923
FBgn0051342	252	228	480	0.525
FBgn0051343	253	285	538	0.470260223048327
FBgn0051344	19	19	38	0.5
FBgn0051345	117	126	243	0.481481481481481
FBgn0051347	20	24	44	0.454545454545455
FBgn0051352	7	12	19	0.368421052631579
FBgn0051354	1	1	2	0.5
FBgn0051356	19	15	34	0.558823529411765
FBgn0051357	35	28	63	0.555555555555556
FBgn0051358	10	15	25	0.4
FBgn0051360	27	40	67	0.402985074626866
FBgn0051361	301	275	576	0.522569444444444
FBgn0051363	158	134	292	0.541095890410959
FBgn0051365	170	161	331	0.513595166163142
FBgn0051368	149	159	308	0.483766233766234
FBgn0051370	105	121	226	0.464601769911504
FBgn0051371	218	235	453	0.481236203090508
FBgn0051373	35	48	83	0.421686746987952
FBgn0051374	17	17	34	0.5
FBgn0051380	103	124	227	0.45374449339207
FBgn0051382	12	10	22	0.545454545454545
FBgn0051383	35	25	60	0.583333333333333
FBgn0051386	262	253	515	0.50873786407767
FBgn0051388	94	114	208	0.451923076923077
FBgn0051390	46	47	93	0.494623655913978
FBgn0051391	67	69	136	0.492647058823529
FBgn0051404	79	57	136	0.580882352941177
FBgn0051406	77	92	169	0.455621301775148
FBgn0051407	7	8	15	0.466666666666667
FBgn0051410	0	0	0	NA
FBgn0051413	54	53	107	0.504672897196262
FBgn0051414	64	65	129	0.496124031007752
FBgn0051415	0	0	0	NA
FBgn0051416	3	0	3	1
FBgn0051418	58	45	103	0.563106796116505
FBgn0051419	47	66	113	0.415929203539823
FBgn0051423	136	148	284	0.47887323943662
FBgn0051424	218	202	420	0.519047619047619
FBgn0051427	130	146	276	0.471014492753623
FBgn0051431	151	157	308	0.49025974025974
FBgn0051432	9	15	24	0.375
FBgn0051436	130	141	271	0.47970479704797
FBgn0051437	75	43	118	0.635593220338983
FBgn0051438	78	60	138	0.565217391304348
FBgn0051439	68	61	129	0.527131782945736
FBgn0051441	65	59	124	0.524193548387097
FBgn0051445	353	358	711	0.49648382559775
FBgn0051446	84	83	167	0.502994011976048
FBgn0051450	30	32	62	0.483870967741935
FBgn0051451	37	32	69	0.536231884057971
FBgn0051453	56	65	121	0.462809917355372
FBgn0051454	60	68	128	0.46875
FBgn0051457	104	110	214	0.485981308411215
FBgn0051459	123	116	239	0.514644351464435
FBgn0051460	5	4	9	0.555555555555556
FBgn0051463	33	26	59	0.559322033898305
FBgn0051464	17	15	32	0.53125
FBgn0051465	0	0	0	NA
FBgn0051467	59	65	124	0.475806451612903
FBgn0051469	37	33	70	0.528571428571429
FBgn0051471	30	22	52	0.576923076923077
FBgn0051472	26	22	48	0.541666666666667
FBgn0051473	40	29	69	0.579710144927536
FBgn0051475	183	189	372	0.491935483870968
FBgn0051477	37	36	73	0.506849315068493
FBgn0051480	29	18	47	0.617021276595745
FBgn0051481	209	260	469	0.445628997867804
FBgn0051482	11	18	29	0.379310344827586
FBgn0051485	22	32	54	0.407407407407407
FBgn0051491	4	10	14	0.285714285714286
FBgn0051493	57	62	119	0.478991596638655
FBgn0051494	25	20	45	0.555555555555556
FBgn0051495	137	128	265	0.516981132075472
FBgn0051496	59	60	119	0.495798319327731
FBgn0051497	39	37	76	0.513157894736842
FBgn0051501	59	51	110	0.536363636363636
FBgn0051506	17	38	55	0.309090909090909
FBgn0051510	194	219	413	0.469733656174334
FBgn0051514	37	31	68	0.544117647058823
FBgn0051515	44	63	107	0.411214953271028
FBgn0051516	0	0	0	NA
FBgn0051518	18	26	44	0.409090909090909
FBgn0051522	90	93	183	0.491803278688525
FBgn0051523	109	120	229	0.475982532751092
FBgn0051524	223	215	438	0.509132420091324
FBgn0051525	13	19	32	0.40625
FBgn0051526	39	33	72	0.541666666666667
FBgn0051528	14	15	29	0.482758620689655
FBgn0051533	217	193	410	0.529268292682927
FBgn0051538	105	101	206	0.509708737864078
FBgn0051542	0	0	0	NA
FBgn0051546	0	0	0	NA
FBgn0051547	152	180	332	0.457831325301205
FBgn0051548	14	18	32	0.4375
FBgn0051549	26	20	46	0.565217391304348
FBgn0051550	82	83	165	0.496969696969697
FBgn0051551	57	46	103	0.553398058252427
FBgn0051559	48	51	99	0.484848484848485
FBgn0051560	54	60	114	0.473684210526316
FBgn0051561	61	61	122	0.5
FBgn0051562	17	16	33	0.515151515151515
FBgn0051568	9	12	21	0.428571428571429
FBgn0051569	17	13	30	0.566666666666667
FBgn0051570	0	0	0	NA
FBgn0051573	18	21	39	0.461538461538462
FBgn0051575	29	20	49	0.591836734693878
FBgn0051576	19	26	45	0.422222222222222
FBgn0051577	15	17	32	0.46875
FBgn0051578	17	12	29	0.586206896551724
FBgn0051579	18	11	29	0.620689655172414
FBgn0051580	8	11	19	0.421052631578947
FBgn0051583	27	22	49	0.551020408163265
FBgn0051588	13	18	31	0.419354838709677
FBgn0051591	18	17	35	0.514285714285714
FBgn0051601	219	206	425	0.515294117647059
FBgn0051602	18	18	36	0.5
FBgn0051603	11	15	26	0.423076923076923
FBgn0051604	8	9	17	0.470588235294118
FBgn0051606	63	69	132	0.477272727272727
FBgn0051609	36	28	64	0.5625
FBgn0051611	0	0	0	NA
FBgn0051612	179	197	376	0.476063829787234
FBgn0051613	0	0	0	NA
FBgn0051614	4	8	12	0.333333333333333
FBgn0051615	2	4	6	0.333333333333333
FBgn0051616	0	0	0	NA
FBgn0051617	0	0	0	NA
FBgn0051618	0	0	0	NA
FBgn0051619	251	250	501	0.500998003992016
FBgn0051624	84	68	152	0.552631578947368
FBgn0051626	24	33	57	0.421052631578947
FBgn0051627	21	9	30	0.7
FBgn0051631	15	7	22	0.681818181818182
FBgn0051632	344	355	699	0.492131616595136
FBgn0051633	77	97	174	0.442528735632184
FBgn0051634	200	185	385	0.519480519480519
FBgn0051635	420	444	864	0.486111111111111
FBgn0051636	49	50	99	0.494949494949495
FBgn0051637	163	147	310	0.525806451612903
FBgn0051638	347	340	687	0.50509461426492
FBgn0051639	69	63	132	0.522727272727273
FBgn0051642	185	172	357	0.518207282913165
FBgn0051643	181	203	384	0.471354166666667
FBgn0051644	79	81	160	0.49375
FBgn0051646	328	343	671	0.488822652757079
FBgn0051647	128	148	276	0.463768115942029
FBgn0051648	78	83	161	0.484472049689441
FBgn0051658	68	79	147	0.462585034013605
FBgn0051659	58	86	144	0.402777777777778
FBgn0051660	635	618	1253	0.506783719074222
FBgn0051661	78	95	173	0.450867052023121
FBgn0051663	373	383	756	0.493386243386243
FBgn0051664	47	69	116	0.405172413793103
FBgn0051665	296	263	559	0.529516994633274
FBgn0051668	193	240	433	0.445727482678984
FBgn0051669	14	14	28	0.5
FBgn0051673	90	111	201	0.447761194029851
FBgn0051674	39	36	75	0.52
FBgn0051675	116	96	212	0.547169811320755
FBgn0051676	104	104	208	0.5
FBgn0051677	33	33	66	0.5
FBgn0051678	229	256	485	0.472164948453608
FBgn0051679	48	40	88	0.545454545454545
FBgn0051680	30	34	64	0.46875
FBgn0051681	86	54	140	0.614285714285714
FBgn0051682	78	91	169	0.461538461538462
FBgn0051683	9	2	11	0.818181818181818
FBgn0051687	132	89	221	0.597285067873303
FBgn0051690	215	235	450	0.477777777777778
FBgn0051693	71	66	137	0.518248175182482
FBgn0051694	128	101	229	0.558951965065502
FBgn0051697	7	5	12	0.583333333333333
FBgn0051698	43	35	78	0.551282051282051
FBgn0051700	69	93	162	0.425925925925926
FBgn0051702	39	46	85	0.458823529411765
FBgn0051703	28	37	65	0.430769230769231
FBgn0051704	48	39	87	0.551724137931034
FBgn0051706	216	188	404	0.534653465346535
FBgn0051708	391	347	738	0.529810298102981
FBgn0051709	127	158	285	0.445614035087719
FBgn0051710	186	210	396	0.46969696969697
FBgn0051712	60	69	129	0.465116279069767
FBgn0051713	0	0	0	NA
FBgn0051715	22	16	38	0.578947368421053
FBgn0051716	357	372	729	0.489711934156379
FBgn0051717	29	31	60	0.483333333333333
FBgn0051718	212	216	428	0.495327102803738
FBgn0051719	367	352	719	0.510431154381085
FBgn0051720	281	238	519	0.541425818882466
FBgn0051721	371	386	757	0.490092470277411
FBgn0051729	367	340	707	0.519094766619519
FBgn0051730	77	75	152	0.506578947368421
FBgn0051735	69	65	134	0.514925373134328
FBgn0051739	148	147	295	0.501694915254237
FBgn0051740	24	23	47	0.51063829787234
FBgn0051741	117	117	234	0.5
FBgn0051742	88	70	158	0.556962025316456
FBgn0051752	108	102	210	0.514285714285714
FBgn0051754	14	13	27	0.518518518518518
FBgn0051755	450	475	925	0.486486486486487
FBgn0051759	189	184	373	0.506702412868633
FBgn0051760	546	599	1145	0.476855895196507
FBgn0051769	91	99	190	0.478947368421053
FBgn0051773	150	147	297	0.505050505050505
FBgn0051774	733	716	1449	0.505866114561767
FBgn0051776	220	157	377	0.583554376657825
FBgn0051777	36	23	59	0.610169491525424
FBgn0051778	22	25	47	0.468085106382979
FBgn0051779	86	73	159	0.540880503144654
FBgn0051780	0	0	0	NA
FBgn0051781	187	173	360	0.519444444444444
FBgn0051784	124	139	263	0.47148288973384
FBgn0051785	99	117	216	0.458333333333333
FBgn0051787	54	66	120	0.45
FBgn0051788	71	58	129	0.550387596899225
FBgn0051789	78	93	171	0.456140350877193
FBgn0051792	278	263	541	0.513863216266174
FBgn0051793	235	236	471	0.498938428874735
FBgn0051797	156	193	349	0.446991404011461
FBgn0051798	193	210	403	0.478908188585608
FBgn0051800	0	0	0	NA
FBgn0051802	25	18	43	0.581395348837209
FBgn0051803	37	35	72	0.513888888888889
FBgn0051804	87	95	182	0.478021978021978
FBgn0051805	26	35	61	0.426229508196721
FBgn0051806	19	24	43	0.441860465116279
FBgn0051807	0	0	0	NA
FBgn0051809	34	44	78	0.435897435897436
FBgn0051810	44	55	99	0.444444444444444
FBgn0051812	31	47	78	0.397435897435897
FBgn0051813	19	24	43	0.441860465116279
FBgn0051814	531	506	1037	0.51205400192864
FBgn0051815	162	183	345	0.469565217391304
FBgn0051816	100	91	191	0.523560209424084
FBgn0051820	28	32	60	0.466666666666667
FBgn0051821	57	66	123	0.463414634146341
FBgn0051822	84	80	164	0.51219512195122
FBgn0051823	135	134	269	0.50185873605948
FBgn0051824	22	24	46	0.478260869565217
FBgn0051826	126	136	262	0.480916030534351
FBgn0051827	0	0	0	NA
FBgn0051832	75	88	163	0.460122699386503
FBgn0051835	0	0	0	NA
FBgn0051840	43	46	89	0.48314606741573
FBgn0051845	50	53	103	0.485436893203884
FBgn0051848	90	82	172	0.523255813953488
FBgn0051849	125	127	252	0.496031746031746
FBgn0051851	82	76	158	0.518987341772152
FBgn0051852	78	91	169	0.461538461538462
FBgn0051855	16	24	40	0.4
FBgn0051858	102	89	191	0.534031413612565
FBgn0051860	202	223	425	0.475294117647059
FBgn0051861	57	55	112	0.508928571428571
FBgn0051862	90	100	190	0.473684210526316
FBgn0051864	33	76	109	0.302752293577982
FBgn0051865	0	0	0	NA
FBgn0051866	1	32	33	0.0303030303030303
FBgn0051867	109	117	226	0.482300884955752
FBgn0051869	293	281	574	0.510452961672474
FBgn0051870	110	115	225	0.488888888888889
FBgn0051871	169	160	329	0.513677811550152
FBgn0051872	294	254	548	0.536496350364963
FBgn0051874	140	123	263	0.532319391634981
FBgn0051875	60	73	133	0.451127819548872
FBgn0051876	77	92	169	0.455621301775148
FBgn0051882	98	100	198	0.494949494949495
FBgn0051885	22	29	51	0.431372549019608
FBgn0051888	0	0	0	NA
FBgn0051889	18	28	46	0.391304347826087
FBgn0051890	4	7	11	0.363636363636364
FBgn0051892	20	20	40	0.5
FBgn0051895	1	3	4	0.25
FBgn0051896	33	33	66	0.5
FBgn0051897	245	230	475	0.515789473684211
FBgn0051898	84	91	175	0.48
FBgn0051901	126	126	252	0.5
FBgn0051902	143	145	288	0.496527777777778
FBgn0051907	49	48	97	0.505154639175258
FBgn0051908	148	128	276	0.536231884057971
FBgn0051909	26	26	52	0.5
FBgn0051910	43	47	90	0.477777777777778
FBgn0051912	42	32	74	0.567567567567568
FBgn0051913	72	82	154	0.467532467532468
FBgn0051914	21	19	40	0.525
FBgn0051915	224	232	456	0.491228070175439
FBgn0051921	133	144	277	0.48014440433213
FBgn0051922	17	13	30	0.566666666666667
FBgn0051924	43	56	99	0.434343434343434
FBgn0051926	149	169	318	0.468553459119497
FBgn0051928	120	133	253	0.474308300395257
FBgn0051933	49	46	95	0.515789473684211
FBgn0051935	269	228	497	0.541247484909457
FBgn0051939	4	7	11	0.363636363636364
FBgn0051940	19	15	34	0.558823529411765
FBgn0051942	24	28	52	0.461538461538462
FBgn0051943	10	9	19	0.526315789473684
FBgn0051944	21	19	40	0.525
FBgn0051946	0	0	0	NA
FBgn0051948	74	58	132	0.560606060606061
FBgn0051949	68	66	134	0.507462686567164
FBgn0051950	39	34	73	0.534246575342466
FBgn0051952	66	70	136	0.485294117647059
FBgn0051953	0	1	1	0
FBgn0051954	42	47	89	0.471910112359551
FBgn0051955	39	48	87	0.448275862068966
FBgn0051956	172	180	352	0.488636363636364
FBgn0051957	63	88	151	0.417218543046358
FBgn0051958	50	28	78	0.641025641025641
FBgn0051960	49	90	139	0.352517985611511
FBgn0051961	97	100	197	0.49238578680203
FBgn0051963	10	10	20	0.5
FBgn0051971	26	22	48	0.541666666666667
FBgn0051973	204	201	405	0.503703703703704
FBgn0051974	15	11	26	0.576923076923077
FBgn0051975	0	0	0	NA
FBgn0051976	0	0	0	NA
FBgn0051988	60	44	104	0.576923076923077
FBgn0051989	269	296	565	0.476106194690265
FBgn0051992	25	22	47	0.531914893617021
FBgn0051997	0	0	0	NA
FBgn0051998	69	64	133	0.518796992481203
FBgn0051999	61	50	111	0.54954954954955
FBgn0052000	128	133	261	0.490421455938697
FBgn0052006	48	51	99	0.484848484848485
FBgn0052009	57	65	122	0.467213114754098
FBgn0052010	40	12	52	0.769230769230769
FBgn0052011	53	37	90	0.588888888888889
FBgn0052016	36	41	77	0.467532467532468
FBgn0052017	121	113	234	0.517094017094017
FBgn0052022	154	209	363	0.424242424242424
FBgn0052023	55	43	98	0.561224489795918
FBgn0052024	101	84	185	0.545945945945946
FBgn0052026	111	107	218	0.509174311926605
FBgn0052027	7	5	12	0.583333333333333
FBgn0052029	68	75	143	0.475524475524476
FBgn0052034	23	20	43	0.534883720930233
FBgn0052036	92	91	183	0.502732240437158
FBgn0052037	137	139	276	0.496376811594203
FBgn0052039	86	79	165	0.521212121212121
FBgn0052040	90	93	183	0.491803278688525
FBgn0052053	169	166	335	0.504477611940298
FBgn0052054	157	149	306	0.513071895424837
FBgn0052055	214	158	372	0.575268817204301
FBgn0052056	273	281	554	0.492779783393502
FBgn0052057	250	293	543	0.460405156537753
FBgn0052058	116	135	251	0.462151394422311
FBgn0052061	92	70	162	0.567901234567901
FBgn0052062	658	674	1332	0.493993993993994
FBgn0052064	138	146	284	0.485915492957746
FBgn0052066	181	171	352	0.514204545454545
FBgn0052068	76	79	155	0.490322580645161
FBgn0052069	26	27	53	0.490566037735849
FBgn0052071	57	68	125	0.456
FBgn0052072	113	115	228	0.495614035087719
FBgn0052073	57	67	124	0.459677419354839
FBgn0052074	68	51	119	0.571428571428571
FBgn0052075	115	82	197	0.583756345177665
FBgn0052076	100	120	220	0.454545454545455
FBgn0052079	179	162	341	0.524926686217009
FBgn0052081	128	125	253	0.505928853754941
FBgn0052082	404	387	791	0.510745891276865
FBgn0052085	313	262	575	0.544347826086957
FBgn0052086	139	116	255	0.545098039215686
FBgn0052087	83	77	160	0.51875
FBgn0052088	276	272	548	0.503649635036496
FBgn0052091	267	266	533	0.50093808630394
FBgn0052093	25	44	69	0.36231884057971
FBgn0052095	109	94	203	0.536945812807882
FBgn0052099	116	126	242	0.479338842975207
FBgn0052100	114	111	225	0.506666666666667
FBgn0052102	46	41	87	0.528735632183908
FBgn0052103	280	318	598	0.468227424749164
FBgn0052104	371	381	752	0.493351063829787
FBgn0052105	193	179	372	0.518817204301075
FBgn0052106	412	520	932	0.44206008583691
FBgn0052107	437	432	869	0.502876869965478
FBgn0052109	105	97	202	0.51980198019802
FBgn0052110	37	44	81	0.45679012345679
FBgn0052111	508	502	1010	0.502970297029703
FBgn0052112	204	223	427	0.477751756440281
FBgn0052113	946	929	1875	0.504533333333333
FBgn0052115	100	99	199	0.50251256281407
FBgn0052117	35	44	79	0.443037974683544
FBgn0052119	163	152	315	0.517460317460318
FBgn0052121	119	128	247	0.481781376518219
FBgn0052123	12	15	27	0.444444444444444
FBgn0052126	23	18	41	0.560975609756098
FBgn0052127	19	28	47	0.404255319148936
FBgn0052128	32	24	56	0.571428571428571
FBgn0052129	15	13	28	0.535714285714286
FBgn0052133	344	335	679	0.506627393225331
FBgn0052137	232	274	506	0.458498023715415
FBgn0052141	16	26	42	0.380952380952381
FBgn0052150	114	106	220	0.518181818181818
FBgn0052152	0	0	0	NA
FBgn0052153	21	27	48	0.4375
FBgn0052160	155	177	332	0.466867469879518
FBgn0052161	27	15	42	0.642857142857143
FBgn0052163	0	0	0	NA
FBgn0052170	91	89	180	0.505555555555556
FBgn0052173	19	32	51	0.372549019607843
FBgn0052174	28	27	55	0.509090909090909
FBgn0052176	106	110	216	0.490740740740741
FBgn0052177	64	55	119	0.53781512605042
FBgn0052179	20	21	41	0.48780487804878
FBgn0052181	274	260	534	0.51310861423221
FBgn0052182	74	84	158	0.468354430379747
FBgn0052183	264	258	522	0.505747126436782
FBgn0052185	59	46	105	0.561904761904762
FBgn0052187	124	109	233	0.532188841201717
FBgn0052188	13	19	32	0.40625
FBgn0052189	0	13	13	0
FBgn0052190	58	52	110	0.527272727272727
FBgn0052191	78	107	185	0.421621621621622
FBgn0052192	135	130	265	0.509433962264151
FBgn0052194	90	96	186	0.483870967741935
FBgn0052195	418	410	828	0.504830917874396
FBgn0052196	71	59	130	0.546153846153846
FBgn0052198	47	51	98	0.479591836734694
FBgn0052199	199	146	345	0.576811594202899
FBgn0052200	0	0	0	NA
FBgn0052201	209	214	423	0.494089834515366
FBgn0052202	59	35	94	0.627659574468085
FBgn0052203	77	73	150	0.513333333333333
FBgn0052204	301	387	688	0.4375
FBgn0052205	95	103	198	0.47979797979798
FBgn0052206	433	453	886	0.488713318284424
FBgn0052207	26	20	46	0.565217391304348
FBgn0052208	21	23	44	0.477272727272727
FBgn0052212	0	1	1	0
FBgn0052213	3	3	6	0.5
FBgn0052214	57	41	98	0.581632653061224
FBgn0052218	52	57	109	0.477064220183486
FBgn0052219	58	57	115	0.504347826086956
FBgn0052220	41	41	82	0.5
FBgn0052221	29	37	66	0.439393939393939
FBgn0052224	0	0	0	NA
FBgn0052225	62	64	126	0.492063492063492
FBgn0052226	48	39	87	0.551724137931034
FBgn0052227	85	81	166	0.512048192771084
FBgn0052228	0	0	0	NA
FBgn0052230	8	7	15	0.533333333333333
FBgn0052232	119	97	216	0.550925925925926
FBgn0052237	113	146	259	0.436293436293436
FBgn0052238	146	149	295	0.494915254237288
FBgn0052240	85	79	164	0.518292682926829
FBgn0052241	81	86	167	0.48502994011976
FBgn0052243	171	170	341	0.501466275659824
FBgn0052246	45	50	95	0.473684210526316
FBgn0052248	60	78	138	0.434782608695652
FBgn0052249	63	88	151	0.417218543046358
FBgn0052250	119	120	239	0.497907949790795
FBgn0052251	412	396	808	0.50990099009901
FBgn0052252	8	11	19	0.421052631578947
FBgn0052255	181	162	343	0.527696793002915
FBgn0052259	54	29	83	0.650602409638554
FBgn0052260	308	248	556	0.553956834532374
FBgn0052262	58	69	127	0.456692913385827
FBgn0052263	76	56	132	0.575757575757576
FBgn0052264	1041	989	2030	0.512807881773399
FBgn0052266	71	84	155	0.458064516129032
FBgn0052267	53	52	105	0.504761904761905
FBgn0052268	50	47	97	0.515463917525773
FBgn0052269	0	0	0	NA
FBgn0052270	0	0	0	NA
FBgn0052271	57	35	92	0.619565217391304
FBgn0052272	14	12	26	0.538461538461538
FBgn0052273	23	22	45	0.511111111111111
FBgn0052274	43	39	82	0.524390243902439
FBgn0052277	71	69	140	0.507142857142857
FBgn0052278	10	24	34	0.294117647058824
FBgn0052279	67	64	131	0.511450381679389
FBgn0052280	61	70	131	0.465648854961832
FBgn0052281	72	70	142	0.507042253521127
FBgn0052282	25	20	45	0.555555555555556
FBgn0052283	32	25	57	0.56140350877193
FBgn0052284	65	65	130	0.5
FBgn0052285	14	15	29	0.482758620689655
FBgn0052286	13	21	34	0.382352941176471
FBgn0052287	12	24	36	0.333333333333333
FBgn0052288	12	13	25	0.48
FBgn0052289	19	16	35	0.542857142857143
FBgn0052296	634	661	1295	0.48957528957529
FBgn0052298	0	0	0	NA
FBgn0052299	0	0	0	NA
FBgn0052301	287	296	583	0.492281303602058
FBgn0052302	12	19	31	0.387096774193548
FBgn0052303	0	0	0	NA
FBgn0052304	8	7	15	0.533333333333333
FBgn0052305	517	485	1002	0.515968063872255
FBgn0052311	890	900	1790	0.497206703910615
FBgn0052312	13	7	20	0.65
FBgn0052313	66	73	139	0.474820143884892
FBgn0052318	0	0	0	NA
FBgn0052319	111	109	220	0.504545454545455
FBgn0052320	301	299	600	0.501666666666667
FBgn0052324	7	9	16	0.4375
FBgn0052328	0	0	0	NA
FBgn0052329	0	11	11	0
FBgn0052330	0	2	2	0
FBgn0052333	39	46	85	0.458823529411765
FBgn0052343	118	121	239	0.493723849372385
FBgn0052344	164	146	310	0.529032258064516
FBgn0052350	105	84	189	0.555555555555556
FBgn0052351	157	148	305	0.514754098360656
FBgn0052354	158	135	293	0.539249146757679
FBgn0052357	4	0	4	1
FBgn0052358	5	3	8	0.625
FBgn0052359	8	5	13	0.615384615384615
FBgn0052360	10	7	17	0.588235294117647
FBgn0052361	20	15	35	0.571428571428571
FBgn0052362	13	16	29	0.448275862068966
FBgn0052363	12	14	26	0.461538461538462
FBgn0052364	36	46	82	0.439024390243902
FBgn0052365	223	226	449	0.496659242761693
FBgn0052368	60	64	124	0.483870967741935
FBgn0052369	365	364	729	0.500685871056241
FBgn0052370	30	33	63	0.476190476190476
FBgn0052371	57	88	145	0.393103448275862
FBgn0052373	313	303	616	0.508116883116883
FBgn0052374	79	66	145	0.544827586206897
FBgn0052376	34	18	52	0.653846153846154
FBgn0052379	126	110	236	0.533898305084746
FBgn0052380	139	161	300	0.463333333333333
FBgn0052382	118	95	213	0.553990610328638
FBgn0052383	87	83	170	0.511764705882353
FBgn0052391	0	0	0	NA
FBgn0052392	152	171	323	0.470588235294118
FBgn0052396	96	84	180	0.533333333333333
FBgn0052404	55	59	114	0.482456140350877
FBgn0052405	91	94	185	0.491891891891892
FBgn0052406	312	300	612	0.509803921568627
FBgn0052407	114	121	235	0.485106382978723
FBgn0052409	59	81	140	0.421428571428571
FBgn0052412	68	76	144	0.472222222222222
FBgn0052413	140	123	263	0.532319391634981
FBgn0052418	12	15	27	0.444444444444444
FBgn0052420	9	11	20	0.45
FBgn0052421	14	8	22	0.636363636363636
FBgn0052423	658	670	1328	0.495481927710843
FBgn0052425	93	71	164	0.567073170731707
FBgn0052428	42	39	81	0.518518518518518
FBgn0052432	244	236	480	0.508333333333333
FBgn0052436	47	66	113	0.415929203539823
FBgn0052437	123	115	238	0.516806722689076
FBgn0052438	113	110	223	0.506726457399103
FBgn0052440	49	44	93	0.526881720430108
FBgn0052441	53	47	100	0.53
FBgn0052442	0	0	0	NA
FBgn0052445	28	23	51	0.549019607843137
FBgn0052446	31	22	53	0.584905660377358
FBgn0052447	89	67	156	0.57051282051282
FBgn0052448	32	0	32	1
FBgn0052449	22	25	47	0.468085106382979
FBgn0052450	12	15	27	0.444444444444444
FBgn0052451	189	194	383	0.493472584856397
FBgn0052452	61	53	114	0.535087719298246
FBgn0052453	45	35	80	0.5625
FBgn0052457	73	74	147	0.496598639455782
FBgn0052459	44	47	91	0.483516483516484
FBgn0052460	37	36	73	0.506849315068493
FBgn0052461	32	32	64	0.5
FBgn0052462	0	0	0	NA
FBgn0052463	91	60	151	0.602649006622517
FBgn0052473	306	302	608	0.503289473684211
FBgn0052475	174	139	313	0.55591054313099
FBgn0052476	35	41	76	0.460526315789474
FBgn0052479	703	686	1389	0.506119510439165
FBgn0052480	27	25	52	0.519230769230769
FBgn0052481	29	31	60	0.483333333333333
FBgn0052482	28	29	57	0.491228070175439
FBgn0052483	145	153	298	0.486577181208054
FBgn0052484	77	75	152	0.506578947368421
FBgn0052485	114	94	208	0.548076923076923
FBgn0052487	74	81	155	0.47741935483871
FBgn0052488	102	113	215	0.474418604651163
FBgn0052493	25	22	47	0.531914893617021
FBgn0052495	2	19	21	0.0952380952380952
FBgn0052496	0	0	0	NA
FBgn0052499	167	186	353	0.473087818696884
FBgn0052506	445	444	889	0.500562429696288
FBgn0052507	23	26	49	0.469387755102041
FBgn0052511	28	75	103	0.271844660194175
FBgn0052512	120	138	258	0.465116279069767
FBgn0052518	24	33	57	0.421052631578947
FBgn0052520	23	23	46	0.5
FBgn0052521	322	294	616	0.522727272727273
FBgn0052523	107	97	204	0.524509803921569
FBgn0052525	25	13	38	0.657894736842105
FBgn0052528	67	75	142	0.471830985915493
FBgn0052529	839	816	1655	0.506948640483384
FBgn0052532	285	312	597	0.477386934673367
FBgn0052533	252	277	529	0.476370510396975
FBgn0052536	19	28	47	0.404255319148936
FBgn0052537	105	99	204	0.514705882352941
FBgn0052544	52	35	87	0.597701149425287
FBgn0052546	22	24	46	0.478260869565217
FBgn0052547	205	232	437	0.469107551487414
FBgn0052548	99	94	193	0.512953367875648
FBgn0052549	288	336	624	0.461538461538462
FBgn0052551	41	34	75	0.546666666666667
FBgn0052553	61	59	120	0.508333333333333
FBgn0052554	38	29	67	0.567164179104478
FBgn0052557	138	128	266	0.518796992481203
FBgn0052563	83	96	179	0.463687150837989
FBgn0052564	95	55	150	0.633333333333333
FBgn0052568	63	54	117	0.538461538461538
FBgn0052569	34	52	86	0.395348837209302
FBgn0052570	90	85	175	0.514285714285714
FBgn0052571	92	81	173	0.531791907514451
FBgn0052572	169	154	323	0.523219814241486
FBgn0052573	0	0	0	NA
FBgn0052574	85	98	183	0.46448087431694
FBgn0052576	14	14	28	0.5
FBgn0052579	109	119	228	0.478070175438596
FBgn0052580	1370	1915	3285	0.417047184170472
FBgn0052581	1	0	1	1
FBgn0052582	47	45	92	0.510869565217391
FBgn0052588	82	82	164	0.5
FBgn0052590	86	66	152	0.565789473684211
FBgn0052591	167	172	339	0.492625368731563
FBgn0052594	297	279	576	0.515625
FBgn0052598	26	34	60	0.433333333333333
FBgn0052600	332	369	701	0.473609129814551
FBgn0052601	36	13	49	0.73469387755102
FBgn0052602	238	211	449	0.530066815144766
FBgn0052603	121	115	236	0.51271186440678
FBgn0052625	41	44	85	0.482352941176471
FBgn0052626	519	528	1047	0.495702005730659
FBgn0052631	157	142	299	0.525083612040134
FBgn0052633	169	124	293	0.57679180887372
FBgn0052636	154	141	295	0.522033898305085
FBgn0052638	131	121	252	0.51984126984127
FBgn0052639	83	67	150	0.553333333333333
FBgn0052640	32	8	40	0.8
FBgn0052641	45	37	82	0.548780487804878
FBgn0052642	132	136	268	0.492537313432836
FBgn0052643	57	70	127	0.448818897637795
FBgn0052644	272	256	528	0.515151515151515
FBgn0052645	134	177	311	0.430868167202572
FBgn0052647	417	474	891	0.468013468013468
FBgn0052649	142	138	280	0.507142857142857
FBgn0052650	89	73	162	0.549382716049383
FBgn0052651	120	137	257	0.466926070038911
FBgn0052652	95	116	211	0.450236966824645
FBgn0052654	693	727	1420	0.488028169014085
FBgn0052655	110	107	217	0.506912442396313
FBgn0052656	142	158	300	0.473333333333333
FBgn0052657	31	31	62	0.5
FBgn0052660	0	0	0	NA
FBgn0052666	224	218	442	0.506787330316742
FBgn0052667	0	0	0	NA
FBgn0052668	202	228	430	0.469767441860465
FBgn0052669	94	108	202	0.465346534653465
FBgn0052670	62	75	137	0.452554744525547
FBgn0052671	3	5	8	0.375
FBgn0052672	132	138	270	0.488888888888889
FBgn0052673	24	58	82	0.292682926829268
FBgn0052675	197	218	415	0.474698795180723
FBgn0052676	354	322	676	0.523668639053254
FBgn0052677	700	634	1334	0.524737631184408
FBgn0052679	65	61	126	0.515873015873016
FBgn0052681	376	372	748	0.502673796791444
FBgn0052683	325	286	611	0.531914893617021
FBgn0052685	411	362	773	0.531694695989651
FBgn0052686	162	178	340	0.476470588235294
FBgn0052687	195	204	399	0.488721804511278
FBgn0052690	35	38	73	0.479452054794521
FBgn0052693	141	131	272	0.518382352941177
FBgn0052694	443	410	853	0.519343493552169
FBgn0052695	179	177	356	0.502808988764045
FBgn0052698	638	605	1243	0.513274336283186
FBgn0052699	296	269	565	0.523893805309735
FBgn0052702	849	828	1677	0.506261180679785
FBgn0052703	212	204	416	0.509615384615385
FBgn0052704	216	210	426	0.507042253521127
FBgn0052706	39	26	65	0.6
FBgn0052707	145	136	281	0.516014234875445
FBgn0052708	24	30	54	0.444444444444444
FBgn0052712	90	81	171	0.526315789473684
FBgn0052713	141	112	253	0.557312252964427
FBgn0052718	77	83	160	0.48125
FBgn0052719	201	219	420	0.478571428571429
FBgn0052720	61	57	118	0.516949152542373
FBgn0052726	61	70	131	0.465648854961832
FBgn0052732	102	101	203	0.502463054187192
FBgn0052733	9	14	23	0.391304347826087
FBgn0052736	0	0	0	NA
FBgn0052740	16	17	33	0.484848484848485
FBgn0052745	24	16	40	0.6
FBgn0052748	15	22	37	0.405405405405405
FBgn0052750	27	29	56	0.482142857142857
FBgn0052751	102	95	197	0.517766497461929
FBgn0052755	108	104	212	0.509433962264151
FBgn0052756	20	23	43	0.465116279069767
FBgn0052758	360	381	741	0.48582995951417
FBgn0052761	18	7	25	0.72
FBgn0052762	125	107	232	0.538793103448276
FBgn0052767	470	462	932	0.504291845493562
FBgn0052772	196	211	407	0.481572481572482
FBgn0052773	224	251	475	0.471578947368421
FBgn0052774	200	210	410	0.48780487804878
FBgn0052783	10	42	52	0.192307692307692
FBgn0052785	25	26	51	0.490196078431373
FBgn0052786	2	2	4	0.5
FBgn0052791	688	659	1347	0.510764662212324
FBgn0052792	161	183	344	0.468023255813953
FBgn0052793	172	149	321	0.53582554517134
FBgn0052797	79	56	135	0.585185185185185
FBgn0052801	0	0	0	NA
FBgn0052803	41	64	105	0.39047619047619
FBgn0052806	59	55	114	0.517543859649123
FBgn0052808	34	27	61	0.557377049180328
FBgn0052811	15	10	25	0.6
FBgn0052813	185	199	384	0.481770833333333
FBgn0052814	95	102	197	0.482233502538071
FBgn0052815	158	180	338	0.467455621301775
FBgn0052816	82	106	188	0.436170212765957
FBgn0052817	0	9	9	0
FBgn0052819	0	3	3	0
FBgn0052820	24	16	40	0.6
FBgn0052821	0	0	0	NA
FBgn0052823	0	0	0	NA
FBgn0052826	19	15	34	0.558823529411765
FBgn0052829	54	79	133	0.406015037593985
FBgn0052831	56	50	106	0.528301886792453
FBgn0052832	34	46	80	0.425
FBgn0052833	48	54	102	0.470588235294118
FBgn0052834	112	108	220	0.509090909090909
FBgn0052835	121	128	249	0.485943775100402
FBgn0052843	350	323	673	0.520059435364042
FBgn0052845	6	7	13	0.461538461538462
FBgn0052846	146	161	307	0.47557003257329
FBgn0052847	68	40	108	0.62962962962963
FBgn0052850	36	32	68	0.529411764705882
FBgn0052855	103	131	234	0.44017094017094
FBgn0052856	48	50	98	0.489795918367347
FBgn0052857	0	0	0	NA
FBgn0052865	74	23	97	0.762886597938144
FBgn0052939	0	0	0	NA
FBgn0052944	39	47	86	0.453488372093023
FBgn0052945	6	5	11	0.545454545454545
FBgn0052971	112	101	213	0.525821596244131
FBgn0052982	419	431	850	0.492941176470588
FBgn0052983	0	0	0	NA
FBgn0052984	132	112	244	0.540983606557377
FBgn0052985	199	180	379	0.525065963060686
FBgn0052986	0	0	0	NA
FBgn0052987	0	0	0	NA
FBgn0052988	0	0	0	NA
FBgn0053002	102	107	209	0.488038277511962
FBgn0053003	164	183	347	0.472622478386167
FBgn0053012	204	190	394	0.517766497461929
FBgn0053013	242	260	502	0.48207171314741
FBgn0053017	418	465	883	0.473386183465459
FBgn0053051	66	67	133	0.496240601503759
FBgn0053052	87	73	160	0.54375
FBgn0053054	0	0	0	NA
FBgn0053056	20	20	40	0.5
FBgn0053057	0	0	0	NA
FBgn0053060	47	39	86	0.546511627906977
FBgn0053061	142	111	253	0.561264822134387
FBgn0053062	91	68	159	0.572327044025157
FBgn0053080	336	330	666	0.504504504504504
FBgn0053082	38	47	85	0.447058823529412
FBgn0053087	699	731	1430	0.488811188811189
FBgn0053092	0	0	0	NA
FBgn0053093	80	88	168	0.476190476190476
FBgn0053094	154	135	289	0.532871972318339
FBgn0053095	0	0	0	NA
FBgn0053096	6	19	25	0.24
FBgn0053098	93	88	181	0.513812154696133
FBgn0053099	151	138	289	0.522491349480969
FBgn0053100	318	324	642	0.495327102803738
FBgn0053105	0	0	0	NA
FBgn0053107	108	114	222	0.486486486486487
FBgn0053108	6	10	16	0.375
FBgn0053109	138	126	264	0.522727272727273
FBgn0053110	198	181	379	0.522427440633245
FBgn0053111	224	205	429	0.522144522144522
FBgn0053113	416	394	810	0.51358024691358
FBgn0053116	119	119	238	0.5
FBgn0053117	57	57	114	0.5
FBgn0053120	102	124	226	0.451327433628319
FBgn0053121	130	151	281	0.462633451957295
FBgn0053124	228	268	496	0.459677419354839
FBgn0053125	368	367	735	0.500680272108844
FBgn0053126	148	145	293	0.505119453924915
FBgn0053127	32	33	65	0.492307692307692
FBgn0053128	104	105	209	0.497607655502392
FBgn0053129	334	286	620	0.538709677419355
FBgn0053136	149	159	308	0.483766233766234
FBgn0053137	61	59	120	0.508333333333333
FBgn0053138	187	220	407	0.459459459459459
FBgn0053140	52	46	98	0.530612244897959
FBgn0053143	468	495	963	0.485981308411215
FBgn0053144	322	367	689	0.467343976777939
FBgn0053145	119	132	251	0.474103585657371
FBgn0053147	404	484	888	0.454954954954955
FBgn0053155	2	0	2	1
FBgn0053156	330	343	673	0.490341753343239
FBgn0053158	305	316	621	0.491143317230274
FBgn0053159	56	46	102	0.549019607843137
FBgn0053160	83	72	155	0.535483870967742
FBgn0053169	13	7	20	0.65
FBgn0053170	23	26	49	0.469387755102041
FBgn0053172	254	242	496	0.512096774193548
FBgn0053177	100	94	194	0.515463917525773
FBgn0053178	5	6	11	0.454545454545455
FBgn0053179	186	191	377	0.493368700265252
FBgn0053180	284	281	565	0.502654867256637
FBgn0053181	533	596	1129	0.472099202834367
FBgn0053182	91	56	147	0.619047619047619
FBgn0053189	60	51	111	0.540540540540541
FBgn0053191	7	7	14	0.5
FBgn0053192	20	21	41	0.48780487804878
FBgn0053193	178	183	361	0.493074792243767
FBgn0053194	61	52	113	0.539823008849557
FBgn0053196	4695	4732	9427	0.498037551713164
FBgn0053198	59	49	108	0.546296296296296
FBgn0053199	43	32	75	0.573333333333333
FBgn0053200	29	31	60	0.483333333333333
FBgn0053202	239	265	504	0.474206349206349
FBgn0053203	237	267	504	0.470238095238095
FBgn0053207	204	188	392	0.520408163265306
FBgn0053208	176	151	327	0.53822629969419
FBgn0053213	87	77	164	0.530487804878049
FBgn0053217	105	107	212	0.495283018867925
FBgn0053218	52	47	99	0.525252525252525
FBgn0053221	67	73	140	0.478571428571429
FBgn0053222	58	26	84	0.69047619047619
FBgn0053223	258	163	421	0.612826603325416
FBgn0053225	103	114	217	0.474654377880184
FBgn0053229	0	0	0	NA
FBgn0053230	150	146	296	0.506756756756757
FBgn0053233	162	159	321	0.504672897196262
FBgn0053234	111	121	232	0.478448275862069
FBgn0053236	46	47	93	0.494623655913978
FBgn0053237	0	0	0	NA
FBgn0053238	0	0	0	NA
FBgn0053239	0	0	0	NA
FBgn0053240	0	0	0	NA
FBgn0053241	0	0	0	NA
FBgn0053242	0	0	0	NA
FBgn0053243	0	0	0	NA
FBgn0053244	0	0	0	NA
FBgn0053245	0	0	0	NA
FBgn0053246	0	0	0	NA
FBgn0053247	6	18	24	0.25
FBgn0053252	57	48	105	0.542857142857143
FBgn0053255	0	0	0	NA
FBgn0053257	50	53	103	0.485436893203884
FBgn0053258	152	118	270	0.562962962962963
FBgn0053260	60	41	101	0.594059405940594
FBgn0053262	94	88	182	0.516483516483517
FBgn0053263	114	108	222	0.513513513513513
FBgn0053265	96	169	265	0.362264150943396
FBgn0053267	35	41	76	0.460526315789474
FBgn0053269	62	43	105	0.59047619047619
FBgn0053270	35	48	83	0.421686746987952
FBgn0053271	55	47	102	0.53921568627451
FBgn0053272	36	24	60	0.6
FBgn0053276	60	66	126	0.476190476190476
FBgn0053278	106	85	191	0.554973821989529
FBgn0053281	100	99	199	0.50251256281407
FBgn0053282	174	152	326	0.533742331288344
FBgn0053283	56	68	124	0.451612903225806
FBgn0053284	24	27	51	0.470588235294118
FBgn0053285	22	18	40	0.55
FBgn0053286	118	128	246	0.479674796747967
FBgn0053287	57	67	124	0.459677419354839
FBgn0053288	109	111	220	0.495454545454545
FBgn0053289	57	66	123	0.463414634146341
FBgn0053290	49	45	94	0.521276595744681
FBgn0053293	35	31	66	0.53030303030303
FBgn0053294	88	101	189	0.465608465608466
FBgn0053296	459	232	691	0.664254703328509
FBgn0053299	78	94	172	0.453488372093023
FBgn0053300	93	76	169	0.550295857988166
FBgn0053301	137	164	301	0.45514950166113
FBgn0053302	139	141	280	0.496428571428571
FBgn0053303	163	169	332	0.490963855421687
FBgn0053306	86	99	185	0.464864864864865
FBgn0053307	141	119	260	0.542307692307692
FBgn0053309	63	63	126	0.5
FBgn0053310	197	180	377	0.522546419098143
FBgn0053315	25	24	49	0.510204081632653
FBgn0053317	16	17	33	0.484848484848485
FBgn0053318	50	54	104	0.480769230769231
FBgn0053319	3	9	12	0.25
FBgn0053322	91	103	194	0.469072164948454
FBgn0053325	28	25	53	0.528301886792453
FBgn0053329	52	58	110	0.472727272727273
FBgn0053333	3	16	19	0.157894736842105
FBgn0053337	28	30	58	0.482758620689655
FBgn0053339	103	96	199	0.517587939698492
FBgn0053340	35	24	59	0.593220338983051
FBgn0053341	87	83	170	0.511764705882353
FBgn0053346	90	84	174	0.517241379310345
FBgn0053348	33	33	66	0.5
FBgn0053349	64	66	130	0.492307692307692
FBgn0053353	4	5	9	0.444444444444444
FBgn0053354	0	0	0	NA
FBgn0053355	0	0	0	NA
FBgn0053356	0	0	0	NA
FBgn0053357	0	0	0	NA
FBgn0053358	0	0	0	NA
FBgn0053359	0	0	0	NA
FBgn0053360	0	0	0	NA
FBgn0053361	0	0	0	NA
FBgn0053362	4	0	4	1
FBgn0053363	0	0	0	NA
FBgn0053364	0	0	0	NA
FBgn0053365	0	0	0	NA
FBgn0053366	0	0	0	NA
FBgn0053367	0	0	0	NA
FBgn0053368	0	0	0	NA
FBgn0053369	0	0	0	NA
FBgn0053370	0	0	0	NA
FBgn0053371	0	0	0	NA
FBgn0053372	0	0	0	NA
FBgn0053373	0	0	0	NA
FBgn0053374	0	0	0	NA
FBgn0053375	0	0	0	NA
FBgn0053376	0	0	0	NA
FBgn0053377	0	0	0	NA
FBgn0053378	0	0	0	NA
FBgn0053379	0	0	0	NA
FBgn0053380	0	0	0	NA
FBgn0053381	0	0	0	NA
FBgn0053382	0	0	0	NA
FBgn0053383	0	0	0	NA
FBgn0053384	0	0	0	NA
FBgn0053385	0	0	0	NA
FBgn0053386	0	0	0	NA
FBgn0053387	0	0	0	NA
FBgn0053388	0	0	0	NA
FBgn0053389	0	0	0	NA
FBgn0053390	0	0	0	NA
FBgn0053391	0	0	0	NA
FBgn0053392	0	0	0	NA
FBgn0053393	0	0	0	NA
FBgn0053394	0	0	0	NA
FBgn0053395	0	0	0	NA
FBgn0053396	0	0	0	NA
FBgn0053397	0	0	0	NA
FBgn0053398	0	0	0	NA
FBgn0053399	0	0	0	NA
FBgn0053400	0	0	0	NA
FBgn0053401	0	0	0	NA
FBgn0053402	0	0	0	NA
FBgn0053403	0	0	0	NA
FBgn0053404	0	0	0	NA
FBgn0053405	0	1	1	0
FBgn0053406	0	0	0	NA
FBgn0053407	0	0	0	NA
FBgn0053408	0	0	0	NA
FBgn0053409	0	0	0	NA
FBgn0053410	0	0	0	NA
FBgn0053411	1	0	1	1
FBgn0053412	0	0	0	NA
FBgn0053413	0	0	0	NA
FBgn0053414	0	0	0	NA
FBgn0053415	0	0	0	NA
FBgn0053416	0	0	0	NA
FBgn0053417	0	0	0	NA
FBgn0053418	0	0	0	NA
FBgn0053419	0	0	0	NA
FBgn0053420	0	0	0	NA
FBgn0053421	0	0	0	NA
FBgn0053422	0	0	0	NA
FBgn0053423	0	0	0	NA
FBgn0053424	0	0	0	NA
FBgn0053425	0	0	0	NA
FBgn0053426	0	0	0	NA
FBgn0053427	0	0	0	NA
FBgn0053428	0	0	0	NA
FBgn0053429	0	0	0	NA
FBgn0053430	0	0	0	NA
FBgn0053431	0	0	0	NA
FBgn0053432	0	0	0	NA
FBgn0053433	0	0	0	NA
FBgn0053434	0	0	0	NA
FBgn0053435	0	0	0	NA
FBgn0053436	5	9	14	0.357142857142857
FBgn0053437	1	4	5	0.2
FBgn0053438	0	0	0	NA
FBgn0053439	0	0	0	NA
FBgn0053440	71	82	153	0.464052287581699
FBgn0053441	0	0	0	NA
FBgn0053442	0	0	0	NA
FBgn0053443	0	0	0	NA
FBgn0053444	0	0	0	NA
FBgn0053445	0	0	0	NA
FBgn0053446	0	0	0	NA
FBgn0053447	0	0	0	NA
FBgn0053448	0	0	0	NA
FBgn0053449	0	0	0	NA
FBgn0053450	0	0	0	NA
FBgn0053451	1	0	1	1
FBgn0053452	8	2	10	0.8
FBgn0053453	101	78	179	0.564245810055866
FBgn0053454	57	46	103	0.553398058252427
FBgn0053458	111	150	261	0.425287356321839
FBgn0053459	107	128	235	0.45531914893617
FBgn0053460	65	71	136	0.477941176470588
FBgn0053461	77	93	170	0.452941176470588
FBgn0053462	72	67	139	0.517985611510791
FBgn0053463	34	23	57	0.596491228070175
FBgn0053465	221	204	425	0.52
FBgn0053467	76	88	164	0.463414634146341
FBgn0053468	30	36	66	0.454545454545455
FBgn0053469	11	24	35	0.314285714285714
FBgn0053470	0	0	0	NA
FBgn0053471	78	83	161	0.484472049689441
FBgn0053474	38	32	70	0.542857142857143
FBgn0053475	45	36	81	0.555555555555556
FBgn0053476	59	53	112	0.526785714285714
FBgn0053477	59	46	105	0.561904761904762
FBgn0053481	4	6	10	0.4
FBgn0053483	104	122	226	0.460176991150442
FBgn0053489	146	152	298	0.48993288590604
FBgn0053490	126	137	263	0.479087452471483
FBgn0053491	6	18	24	0.25
FBgn0053493	35	40	75	0.466666666666667
FBgn0053494	118	130	248	0.475806451612903
FBgn0053497	0	0	0	NA
FBgn0053500	25	23	48	0.520833333333333
FBgn0053502	0	0	0	NA
FBgn0053503	0	8	8	0
FBgn0053504	29	26	55	0.527272727272727
FBgn0053505	161	179	340	0.473529411764706
FBgn0053506	77	78	155	0.496774193548387
FBgn0053508	121	95	216	0.560185185185185
FBgn0053509	107	120	227	0.47136563876652
FBgn0053510	103	97	200	0.515
FBgn0053511	64	79	143	0.447552447552448
FBgn0053512	144	147	291	0.494845360824742
FBgn0053513	287	334	621	0.462157809983897
FBgn0053514	46	65	111	0.414414414414414
FBgn0053516	276	273	549	0.502732240437158
FBgn0053517	413	444	857	0.481913652275379
FBgn0053519	1200	1168	2368	0.506756756756757
FBgn0053523	282	325	607	0.464579901153213
FBgn0053526	311	325	636	0.488993710691824
FBgn0053527	17	14	31	0.548387096774194
FBgn0053530	50	46	96	0.520833333333333
FBgn0053531	564	573	1137	0.496042216358839
FBgn0053532	0	0	0	NA
FBgn0053533	43	39	82	0.524390243902439
FBgn0053534	40	35	75	0.533333333333333
FBgn0053535	11	27	38	0.289473684210526
FBgn0053536	19	17	36	0.527777777777778
FBgn0053537	29	14	43	0.674418604651163
FBgn0053538	17	27	44	0.386363636363636
FBgn0053539	7	0	7	1
FBgn0053542	218	229	447	0.487695749440716
FBgn0053543	135	134	269	0.50185873605948
FBgn0053544	75	68	143	0.524475524475524
FBgn0053547	991	996	1987	0.498741821841973
FBgn0053548	159	163	322	0.493788819875776
FBgn0053551	0	0	0	NA
FBgn0053552	37	38	75	0.493333333333333
FBgn0053554	605	583	1188	0.509259259259259
FBgn0053556	342	322	664	0.515060240963855
FBgn0053557	61	60	121	0.504132231404959
FBgn0053558	229	238	467	0.490364025695931
FBgn0053626	52	54	106	0.490566037735849
FBgn0053627	86	57	143	0.601398601398601
FBgn0053629	28	20	48	0.583333333333333
FBgn0053630	62	48	110	0.563636363636364
FBgn0053631	22	10	32	0.6875
FBgn0053632	6	4	10	0.6
FBgn0053635	6	18	24	0.25
FBgn0053639	330	324	654	0.504587155963303
FBgn0053640	80	90	170	0.470588235294118
FBgn0053641	89	92	181	0.49171270718232
FBgn0053642	88	123	211	0.417061611374408
FBgn0053643	57	45	102	0.558823529411765
FBgn0053644	56	57	113	0.495575221238938
FBgn0053645	48	48	96	0.5
FBgn0053647	59	73	132	0.446969696969697
FBgn0053648	91	90	181	0.502762430939227
FBgn0053653	195	200	395	0.493670886075949
FBgn0053654	58	46	104	0.557692307692308
FBgn0053658	68	71	139	0.489208633093525
FBgn0053664	63	29	92	0.684782608695652
FBgn0053665	5	7	12	0.416666666666667
FBgn0053666	57	36	93	0.612903225806452
FBgn0053667	11	17	28	0.392857142857143
FBgn0053668	46	34	80	0.575
FBgn0053669	11	6	17	0.647058823529412
FBgn0053673	70	80	150	0.466666666666667
FBgn0053679	49	23	72	0.680555555555556
FBgn0053680	71	81	152	0.467105263157895
FBgn0053687	97	103	200	0.485
FBgn0053688	62	62	124	0.5
FBgn0053689	57	53	110	0.518181818181818
FBgn0053690	43	47	90	0.477777777777778
FBgn0053696	286	281	567	0.504409171075838
FBgn0053700	154	179	333	0.462462462462462
FBgn0053701	49	62	111	0.441441441441441
FBgn0053702	66	68	134	0.492537313432836
FBgn0053703	40	33	73	0.547945205479452
FBgn0053704	73	82	155	0.470967741935484
FBgn0053710	47	56	103	0.456310679611651
FBgn0053721	95	112	207	0.458937198067633
FBgn0053723	66	64	130	0.507692307692308
FBgn0053725	123	87	210	0.585714285714286
FBgn0053727	0	0	0	NA
FBgn0053728	0	0	0	NA
FBgn0053729	0	0	0	NA
FBgn0053730	0	0	0	NA
FBgn0053731	0	0	0	NA
FBgn0053732	0	0	0	NA
FBgn0053733	0	0	0	NA
FBgn0053734	0	0	0	NA
FBgn0053735	0	0	0	NA
FBgn0053736	0	0	0	NA
FBgn0053737	0	0	0	NA
FBgn0053738	0	0	0	NA
FBgn0053739	0	0	0	NA
FBgn0053740	0	0	0	NA
FBgn0053741	0	0	0	NA
FBgn0053742	0	0	0	NA
FBgn0053743	0	0	0	NA
FBgn0053744	0	0	0	NA
FBgn0053745	0	0	0	NA
FBgn0053746	0	0	0	NA
FBgn0053752	64	80	144	0.444444444444444
FBgn0053757	53	65	118	0.449152542372881
FBgn0053758	73	69	142	0.514084507042254
FBgn0053764	39	45	84	0.464285714285714
FBgn0053766	4	0	4	1
FBgn0053767	2	0	2	1
FBgn0053768	28	43	71	0.394366197183099
FBgn0053769	0	1	1	0
FBgn0053770	27	18	45	0.6
FBgn0053771	42	46	88	0.477272727272727
FBgn0053772	56	38	94	0.595744680851064
FBgn0053773	65	70	135	0.481481481481481
FBgn0053774	0	0	0	NA
FBgn0053775	31	33	64	0.484375
FBgn0053777	61	63	124	0.491935483870968
FBgn0053783	16	12	28	0.571428571428571
FBgn0053784	3	2	5	0.6
FBgn0053792	77	93	170	0.452941176470588
FBgn0053795	17	17	34	0.5
FBgn0053796	23	13	36	0.638888888888889
FBgn0053797	1	5	6	0.166666666666667
FBgn0053798	64	84	148	0.432432432432432
FBgn0053801	0	0	0	NA
FBgn0053802	0	0	0	NA
FBgn0053803	0	0	0	NA
FBgn0053804	207	121	328	0.63109756097561
FBgn0053805	0	0	0	NA
FBgn0053806	0	0	0	NA
FBgn0053807	0	0	0	NA
FBgn0053808	0	0	0	NA
FBgn0053809	0	0	0	NA
FBgn0053810	0	0	0	NA
FBgn0053811	0	0	0	NA
FBgn0053812	0	0	0	NA
FBgn0053813	0	0	0	NA
FBgn0053814	0	0	0	NA
FBgn0053815	0	0	0	NA
FBgn0053816	0	0	0	NA
FBgn0053817	0	0	0	NA
FBgn0053818	0	0	0	NA
FBgn0053819	0	0	0	NA
FBgn0053820	0	0	0	NA
FBgn0053821	0	0	0	NA
FBgn0053822	0	0	0	NA
FBgn0053823	0	0	0	NA
FBgn0053824	0	0	0	NA
FBgn0053825	0	0	0	NA
FBgn0053826	0	0	0	NA
FBgn0053827	0	0	0	NA
FBgn0053828	0	0	0	NA
FBgn0053829	0	0	0	NA
FBgn0053830	0	0	0	NA
FBgn0053831	0	0	0	NA
FBgn0053832	0	0	0	NA
FBgn0053833	0	0	0	NA
FBgn0053834	0	0	0	NA
FBgn0053835	0	0	0	NA
FBgn0053836	0	0	0	NA
FBgn0053837	0	0	0	NA
FBgn0053838	0	0	0	NA
FBgn0053839	0	0	0	NA
FBgn0053840	0	0	0	NA
FBgn0053841	0	0	0	NA
FBgn0053842	0	0	0	NA
FBgn0053843	0	0	0	NA
FBgn0053844	0	0	0	NA
FBgn0053845	0	0	0	NA
FBgn0053846	0	0	0	NA
FBgn0053847	0	0	0	NA
FBgn0053848	0	0	0	NA
FBgn0053849	0	0	0	NA
FBgn0053850	0	0	0	NA
FBgn0053851	0	0	0	NA
FBgn0053852	0	0	0	NA
FBgn0053853	0	0	0	NA
FBgn0053854	0	0	0	NA
FBgn0053855	0	0	0	NA
FBgn0053856	0	0	0	NA
FBgn0053857	0	0	0	NA
FBgn0053858	0	0	0	NA
FBgn0053859	0	0	0	NA
FBgn0053860	0	0	0	NA
FBgn0053861	0	0	0	NA
FBgn0053862	0	0	0	NA
FBgn0053863	0	0	0	NA
FBgn0053864	0	0	0	NA
FBgn0053865	0	0	0	NA
FBgn0053866	0	0	0	NA
FBgn0053867	0	0	0	NA
FBgn0053868	0	0	0	NA
FBgn0053869	0	0	0	NA
FBgn0053870	0	0	0	NA
FBgn0053871	0	0	0	NA
FBgn0053872	0	0	0	NA
FBgn0053873	0	0	0	NA
FBgn0053874	0	0	0	NA
FBgn0053875	0	0	0	NA
FBgn0053876	0	0	0	NA
FBgn0053877	0	0	0	NA
FBgn0053878	0	0	0	NA
FBgn0053879	0	0	0	NA
FBgn0053880	0	0	0	NA
FBgn0053881	0	0	0	NA
FBgn0053882	0	0	0	NA
FBgn0053883	0	0	0	NA
FBgn0053884	0	0	0	NA
FBgn0053885	0	0	0	NA
FBgn0053886	0	0	0	NA
FBgn0053887	0	0	0	NA
FBgn0053888	0	0	0	NA
FBgn0053889	0	0	0	NA
FBgn0053890	0	0	0	NA
FBgn0053891	0	0	0	NA
FBgn0053892	0	0	0	NA
FBgn0053893	0	0	0	NA
FBgn0053894	0	0	0	NA
FBgn0053895	0	0	0	NA
FBgn0053896	0	0	0	NA
FBgn0053897	0	0	0	NA
FBgn0053898	0	0	0	NA
FBgn0053899	0	0	0	NA
FBgn0053900	0	0	0	NA
FBgn0053901	0	0	0	NA
FBgn0053902	0	0	0	NA
FBgn0053903	0	0	0	NA
FBgn0053904	0	0	0	NA
FBgn0053905	0	0	0	NA
FBgn0053906	0	0	0	NA
FBgn0053907	0	0	0	NA
FBgn0053908	0	0	0	NA
FBgn0053909	0	0	0	NA
FBgn0053910	0	0	0	NA
FBgn0053912	53	61	114	0.464912280701754
FBgn0053914	139	170	309	0.449838187702265
FBgn0053919	43	35	78	0.551282051282051
FBgn0053920	77	89	166	0.463855421686747
FBgn0053922	80	97	177	0.451977401129944
FBgn0053923	79	89	168	0.470238095238095
FBgn0053926	113	110	223	0.506726457399103
FBgn0053927	0	0	0	NA
FBgn0053928	85	70	155	0.548387096774194
FBgn0053929	81	72	153	0.529411764705882
FBgn0053958	281	261	542	0.518450184501845
FBgn0053963	45	59	104	0.432692307692308
FBgn0053964	0	0	0	NA
FBgn0053965	104	91	195	0.533333333333333
FBgn0053966	90	97	187	0.481283422459893
FBgn0053969	0	0	0	NA
FBgn0053970	328	318	646	0.507739938080495
FBgn0053971	75	89	164	0.457317073170732
FBgn0053977	14	19	33	0.424242424242424
FBgn0053978	232	238	470	0.493617021276596
FBgn0053983	61	70	131	0.465648854961832
FBgn0053985	0	0	0	NA
FBgn0053986	2	6	8	0.25
FBgn0053987	19	14	33	0.575757575757576
FBgn0053988	130	146	276	0.471014492753623
FBgn0053993	226	279	505	0.447524752475248
FBgn0053995	0	0	0	NA
FBgn0053998	47	57	104	0.451923076923077
FBgn0054001	44	44	88	0.5
FBgn0054002	88	41	129	0.682170542635659
FBgn0054003	72	55	127	0.566929133858268
FBgn0054005	61	83	144	0.423611111111111
FBgn0054006	121	131	252	0.48015873015873
FBgn0054007	74	73	147	0.503401360544218
FBgn0054008	36	62	98	0.36734693877551
FBgn0054010	99	112	211	0.469194312796209
FBgn0054011	127	101	228	0.557017543859649
FBgn0054012	44	47	91	0.483516483516484
FBgn0054015	34	44	78	0.435897435897436
FBgn0054021	12	10	22	0.545454545454545
FBgn0054024	81	67	148	0.547297297297297
FBgn0054025	107	105	212	0.504716981132076
FBgn0054026	91	104	195	0.466666666666667
FBgn0054027	421	341	762	0.55249343832021
FBgn0054028	47	48	95	0.494736842105263
FBgn0054029	53	49	102	0.519607843137255
FBgn0054030	167	153	320	0.521875
FBgn0054031	41	51	92	0.445652173913043
FBgn0054033	67	69	136	0.492647058823529
FBgn0054034	135	90	225	0.6
FBgn0054038	5	6	11	0.454545454545455
FBgn0054039	76	72	148	0.513513513513513
FBgn0054040	110	128	238	0.46218487394958
FBgn0054041	215	208	423	0.508274231678487
FBgn0054043	142	179	321	0.442367601246106
FBgn0054044	36	46	82	0.439024390243902
FBgn0054045	105	88	193	0.544041450777202
FBgn0054046	14	14	28	0.5
FBgn0054047	109	116	225	0.484444444444444
FBgn0054049	102	114	216	0.472222222222222
FBgn0054051	23	21	44	0.522727272727273
FBgn0054052	65	59	124	0.524193548387097
FBgn0054054	92	76	168	0.547619047619048
FBgn0054056	116	127	243	0.477366255144033
FBgn0054057	145	161	306	0.473856209150327
FBgn0058002	38	67	105	0.361904761904762
FBgn0058005	24	50	74	0.324324324324324
FBgn0058006	79	55	134	0.58955223880597
FBgn0058045	6	9	15	0.4
FBgn0058053	0	0	0	NA
FBgn0058064	0	0	0	NA
FBgn0058068	30	26	56	0.535714285714286
FBgn0058100	22	23	45	0.488888888888889
FBgn0058160	138	122	260	0.530769230769231
FBgn0058172	42	37	79	0.531645569620253
FBgn0058178	113	110	223	0.506726457399103
FBgn0058182	7	8	15	0.466666666666667
FBgn0058191	46	50	96	0.479166666666667
FBgn0058198	3	1	4	0.75
FBgn0058263	105	84	189	0.555555555555556
FBgn0058298	61	57	118	0.516949152542373
FBgn0058354	87	68	155	0.561290322580645
FBgn0058439	30	31	61	0.491803278688525
FBgn0058441	0	0	0	NA
FBgn0058461	0	0	0	NA
FBgn0058469	0	0	0	NA
FBgn0058470	13	7	20	0.65
FBgn0060291	9	6	15	0.6
FBgn0060292	3	2	5	0.6
FBgn0060296	73	64	137	0.532846715328467
FBgn0061188	74	61	135	0.548148148148148
FBgn0061196	84	78	162	0.518518518518518
FBgn0061197	165	181	346	0.476878612716763
FBgn0061198	33	34	67	0.492537313432836
FBgn0061200	246	253	499	0.492985971943888
FBgn0061209	0	0	0	NA
FBgn0061356	116	111	227	0.511013215859031
FBgn0061359	0	0	0	NA
FBgn0061360	0	0	0	NA
FBgn0061361	0	0	0	NA
FBgn0061362	0	0	0	NA
FBgn0061435	55	53	108	0.509259259259259
FBgn0061469	197	178	375	0.525333333333333
FBgn0061476	141	152	293	0.48122866894198
FBgn0061492	164	130	294	0.557823129251701
FBgn0061515	37	35	72	0.513888888888889
FBgn0062411	62	85	147	0.421768707482993
FBgn0062412	28	44	72	0.388888888888889
FBgn0062413	290	276	566	0.512367491166078
FBgn0062440	33	23	56	0.589285714285714
FBgn0062442	53	50	103	0.514563106796116
FBgn0062449	290	271	561	0.516934046345811
FBgn0062517	5	2	7	0.714285714285714
FBgn0062565	36	54	90	0.4
FBgn0062928	39	38	77	0.506493506493506
FBgn0062961	83	76	159	0.522012578616352
FBgn0062978	49	57	106	0.462264150943396
FBgn0063083	57	70	127	0.448818897637795
FBgn0063127	37	38	75	0.493333333333333
FBgn0063261	31	33	64	0.484375
FBgn0063298	2	0	2	1
FBgn0063368	0	0	0	NA
FBgn0063373	2	1	3	0.666666666666667
FBgn0063374	2	1	3	0.666666666666667
FBgn0063375	0	2	2	0
FBgn0063376	1	4	5	0.2
FBgn0063377	0	0	0	NA
FBgn0063378	0	0	0	NA
FBgn0063379	0	0	0	NA
FBgn0063380	2	0	2	1
FBgn0063381	0	0	0	NA
FBgn0063382	2	0	2	1
FBgn0063383	0	0	0	NA
FBgn0063384	0	0	0	NA
FBgn0063385	4	1	5	0.8
FBgn0063386	1	0	1	1
FBgn0063387	0	1	1	0
FBgn0063388	1	1	2	0.5
FBgn0063389	0	0	0	NA
FBgn0063391	0	1	1	0
FBgn0063392	0	2	2	0
FBgn0063449	20	31	51	0.392156862745098
FBgn0063485	0	0	0	NA
FBgn0063491	58	48	106	0.547169811320755
FBgn0063492	91	107	198	0.45959595959596
FBgn0063493	49	70	119	0.411764705882353
FBgn0063494	35	36	71	0.492957746478873
FBgn0063495	87	71	158	0.550632911392405
FBgn0063496	86	77	163	0.52760736196319
FBgn0063497	90	95	185	0.486486486486487
FBgn0063498	95	74	169	0.562130177514793
FBgn0063499	100	95	195	0.512820512820513
FBgn0063649	318	328	646	0.492260061919505
FBgn0063667	97	118	215	0.451162790697674
FBgn0063670	46	51	97	0.474226804123711
FBgn0063923	0	0	0	NA
FBgn0063924	0	0	0	NA
FBgn0064115	0	0	0	NA
FBgn0064116	0	0	0	NA
FBgn0064117	0	0	0	NA
FBgn0064119	0	0	0	NA
FBgn0064123	0	0	0	NA
FBgn0064126	0	0	0	NA
FBgn0064225	194	160	354	0.548022598870056
FBgn0064227	1	1	2	0.5
FBgn0064237	148	139	287	0.515679442508711
FBgn0064766	266	339	605	0.439669421487603
FBgn0064912	72	99	171	0.421052631578947
FBgn0065032	33	36	69	0.478260869565217
FBgn0065035	93	113	206	0.451456310679612
FBgn0065046	18	30	48	0.375
FBgn0065047	8	11	19	0.421052631578947
FBgn0065048	29	42	71	0.408450704225352
FBgn0065051	2	0	2	1
FBgn0065053	0	0	0	NA
FBgn0065055	11	6	17	0.647058823529412
FBgn0065057	9	14	23	0.391304347826087
FBgn0065058	5	4	9	0.555555555555556
FBgn0065059	0	0	0	NA
FBgn0065064	0	0	0	NA
FBgn0065066	4	1	5	0.8
FBgn0065070	0	0	0	NA
FBgn0065071	14	12	26	0.538461538461538
FBgn0065073	16	19	35	0.457142857142857
FBgn0065076	13	12	25	0.52
FBgn0065080	0	0	0	NA
FBgn0065081	0	0	0	NA
FBgn0065083	0	0	0	NA
FBgn0065084	0	0	0	NA
FBgn0065087	0	0	0	NA
FBgn0065088	0	0	0	NA
FBgn0065092	0	0	0	NA
FBgn0065094	0	0	0	NA
FBgn0065095	0	0	0	NA
FBgn0065096	0	0	0	NA
FBgn0065097	0	0	0	NA
FBgn0065098	42	29	71	0.591549295774648
FBgn0065099	23	39	62	0.370967741935484
FBgn0065100	0	0	0	NA
FBgn0065101	0	0	0	NA
FBgn0065102	0	0	0	NA
FBgn0065104	0	0	0	NA
FBgn0065105	13	2	15	0.866666666666667
FBgn0065107	0	0	0	NA
FBgn0065108	0	0	0	NA
FBgn0065109	0	0	0	NA
FBgn0065110	226	211	437	0.517162471395881
FBgn0066084	21	21	42	0.5
FBgn0066101	568	580	1148	0.494773519163763
FBgn0066114	0	0	0	NA
FBgn0066292	30	34	64	0.46875
FBgn0066293	57	62	119	0.478991596638655
FBgn0066303	0	0	0	NA
FBgn0066304	0	0	0	NA
FBgn0066365	296	259	555	0.533333333333333
FBgn0067052	7	12	19	0.368421052631579
FBgn0067102	165	181	346	0.476878612716763
FBgn0067311	68	75	143	0.475524475524476
FBgn0067312	22	27	49	0.448979591836735
FBgn0067317	25	20	45	0.555555555555556
FBgn0067407	29	44	73	0.397260273972603
FBgn0067622	0	0	0	NA
FBgn0067628	23	37	60	0.383333333333333
FBgn0067629	22	22	44	0.5
FBgn0067779	47	44	91	0.516483516483517
FBgn0067782	0	0	0	NA
FBgn0067783	89	83	172	0.517441860465116
FBgn0067861	46	34	80	0.575
FBgn0067864	79	65	144	0.548611111111111
FBgn0067903	0	0	0	NA
FBgn0067905	19	32	51	0.372549019607843
FBgn0069056	19	46	65	0.292307692307692
FBgn0069242	0	0	0	NA
FBgn0069354	99	81	180	0.55
FBgn0069913	98	76	174	0.563218390804598
FBgn0069923	34	22	56	0.607142857142857
FBgn0069938	53	60	113	0.469026548672566
FBgn0069969	40	28	68	0.588235294117647
FBgn0069973	93	104	197	0.472081218274112
FBgn0082582	656	587	1243	0.527755430410298
FBgn0082585	197	196	393	0.501272264631043
FBgn0082598	135	99	234	0.576923076923077
FBgn0082831	269	297	566	0.475265017667845
FBgn0082919	2	1	3	0.666666666666667
FBgn0082922	0	0	0	NA
FBgn0082923	15	21	36	0.416666666666667
FBgn0082924	0	0	0	NA
FBgn0082925	0	1	1	0
FBgn0082926	0	0	0	NA
FBgn0082927	0	0	0	NA
FBgn0082928	0	0	0	NA
FBgn0082929	0	0	0	NA
FBgn0082930	1	2	3	0.333333333333333
FBgn0082931	0	0	0	NA
FBgn0082932	0	0	0	NA
FBgn0082933	0	0	0	NA
FBgn0082934	0	0	0	NA
FBgn0082935	0	0	0	NA
FBgn0082936	0	0	0	NA
FBgn0082937	0	0	0	NA
FBgn0082938	0	0	0	NA
FBgn0082939	1	0	1	1
FBgn0082940	2	1	3	0.666666666666667
FBgn0082941	0	0	0	NA
FBgn0082942	0	0	0	NA
FBgn0082943	0	0	0	NA
FBgn0082944	0	0	0	NA
FBgn0082945	0	0	0	NA
FBgn0082946	0	1	1	0
FBgn0082947	0	1	1	0
FBgn0082948	0	0	0	NA
FBgn0082949	1	3	4	0.25
FBgn0082950	0	0	0	NA
FBgn0082951	3	1	4	0.75
FBgn0082952	4	0	4	1
FBgn0082953	14	10	24	0.583333333333333
FBgn0082954	0	0	0	NA
FBgn0082957	0	0	0	NA
FBgn0082958	3	0	3	1
FBgn0082959	6	10	16	0.375
FBgn0082960	5	5	10	0.5
FBgn0082961	0	0	0	NA
FBgn0082962	0	0	0	NA
FBgn0082963	0	0	0	NA
FBgn0082966	1	4	5	0.2
FBgn0082967	25	14	39	0.641025641025641
FBgn0082968	0	0	0	NA
FBgn0082969	0	0	0	NA
FBgn0082970	0	0	0	NA
FBgn0082971	0	0	0	NA
FBgn0082972	16	3	19	0.842105263157895
FBgn0082973	2	4	6	0.333333333333333
FBgn0082974	10	10	20	0.5
FBgn0082975	5	8	13	0.384615384615385
FBgn0082976	0	1	1	0
FBgn0082978	0	0	0	NA
FBgn0082979	0	0	0	NA
FBgn0082980	0	0	0	NA
FBgn0082981	0	0	0	NA
FBgn0082983	0	0	0	NA
FBgn0082986	3	2	5	0.6
FBgn0082987	0	0	0	NA
FBgn0082988	0	0	0	NA
FBgn0082989	8	10	18	0.444444444444444
FBgn0082990	20	20	40	0.5
FBgn0082993	2	5	7	0.285714285714286
FBgn0082994	0	0	0	NA
FBgn0082995	0	3	3	0
FBgn0082997	20	11	31	0.645161290322581
FBgn0082998	20	7	27	0.740740740740741
FBgn0082999	0	0	0	NA
FBgn0083000	1	0	1	1
FBgn0083001	2	0	2	1
FBgn0083003	0	0	0	NA
FBgn0083004	0	0	0	NA
FBgn0083005	0	0	0	NA
FBgn0083006	8	10	18	0.444444444444444
FBgn0083007	0	4	4	0
FBgn0083008	0	0	0	NA
FBgn0083009	0	0	0	NA
FBgn0083010	0	0	0	NA
FBgn0083011	0	2	2	0
FBgn0083012	0	2	2	0
FBgn0083013	0	0	0	NA
FBgn0083014	0	0	0	NA
FBgn0083015	5	3	8	0.625
FBgn0083016	0	0	0	NA
FBgn0083017	0	0	0	NA
FBgn0083018	0	0	0	NA
FBgn0083020	2	0	2	1
FBgn0083021	0	2	2	0
FBgn0083022	0	3	3	0
FBgn0083023	0	0	0	NA
FBgn0083024	0	0	0	NA
FBgn0083025	0	0	0	NA
FBgn0083026	0	0	0	NA
FBgn0083027	15	17	32	0.46875
FBgn0083028	23	23	46	0.5
FBgn0083029	0	1	1	0
FBgn0083030	0	2	2	0
FBgn0083031	1	1	2	0.5
FBgn0083032	13	10	23	0.565217391304348
FBgn0083033	0	1	1	0
FBgn0083034	0	0	0	NA
FBgn0083035	0	0	0	NA
FBgn0083036	0	0	0	NA
FBgn0083037	1	1	2	0.5
FBgn0083038	0	0	0	NA
FBgn0083039	17	17	34	0.5
FBgn0083040	2	5	7	0.285714285714286
FBgn0083041	0	0	0	NA
FBgn0083042	0	1	1	0
FBgn0083044	8	12	20	0.4
FBgn0083045	3	1	4	0.75
FBgn0083046	13	7	20	0.65
FBgn0083047	0	3	3	0
FBgn0083048	2	2	4	0.5
FBgn0083049	0	0	0	NA
FBgn0083050	0	0	0	NA
FBgn0083053	0	0	0	NA
FBgn0083054	0	0	0	NA
FBgn0083055	4	1	5	0.8
FBgn0083057	0	1	1	0
FBgn0083058	0	2	2	0
FBgn0083068	0	1	1	0
FBgn0083120	15	11	26	0.576923076923077
FBgn0083121	0	0	0	NA
FBgn0083123	37	29	66	0.560606060606061
FBgn0083124	0	1	1	0
FBgn0083141	120	110	230	0.521739130434783
FBgn0083167	60	56	116	0.517241379310345
FBgn0083228	295	318	613	0.481239804241436
FBgn0083936	43	39	82	0.524390243902439
FBgn0083938	62	52	114	0.543859649122807
FBgn0083940	301	259	560	0.5375
FBgn0083941	8	10	18	0.444444444444444
FBgn0083942	0	0	0	NA
FBgn0083943	48	47	95	0.505263157894737
FBgn0083945	436	438	874	0.498855835240275
FBgn0083946	293	283	576	0.508680555555556
FBgn0083949	291	275	566	0.514134275618375
FBgn0083950	549	473	1022	0.537181996086106
FBgn0083951	98	71	169	0.579881656804734
FBgn0083952	0	0	0	NA
FBgn0083953	26	14	40	0.65
FBgn0083956	598	603	1201	0.497918401332223
FBgn0083960	466	388	854	0.545667447306792
FBgn0083961	44	46	90	0.488888888888889
FBgn0083962	493	503	996	0.494979919678715
FBgn0083963	273	252	525	0.52
FBgn0083965	41	41	82	0.5
FBgn0083966	59	77	136	0.433823529411765
FBgn0083967	0	0	0	NA
FBgn0083968	44	37	81	0.54320987654321
FBgn0083969	253	218	471	0.537154989384289
FBgn0083970	7	5	12	0.583333333333333
FBgn0083971	0	0	0	NA
FBgn0083972	35	42	77	0.454545454545455
FBgn0083973	38	40	78	0.487179487179487
FBgn0083974	93	87	180	0.516666666666667
FBgn0083975	467	477	944	0.494703389830508
FBgn0083976	0	0	0	NA
FBgn0083977	177	208	385	0.45974025974026
FBgn0083978	154	136	290	0.531034482758621
FBgn0083979	157	158	315	0.498412698412698
FBgn0083981	327	332	659	0.496206373292868
FBgn0083983	32	40	72	0.444444444444444
FBgn0083984	0	0	0	NA
FBgn0083985	75	71	146	0.513698630136986
FBgn0083986	43	51	94	0.457446808510638
FBgn0083987	1	6	7	0.142857142857143
FBgn0083988	0	0	0	NA
FBgn0083989	0	0	0	NA
FBgn0083990	32	26	58	0.551724137931034
FBgn0083991	231	230	461	0.501084598698482
FBgn0083992	0	0	0	NA
FBgn0083994	37	46	83	0.44578313253012
FBgn0084001	100	118	218	0.458715596330275
FBgn0084008	65	68	133	0.488721804511278
FBgn0084017	0	0	0	NA
FBgn0084049	56	39	95	0.589473684210526
FBgn0085188	115	96	211	0.545023696682464
FBgn0085190	77	112	189	0.407407407407407
FBgn0085191	6	10	16	0.375
FBgn0085192	0	0	0	NA
FBgn0085193	0	0	0	NA
FBgn0085194	57	71	128	0.4453125
FBgn0085195	60	50	110	0.545454545454545
FBgn0085196	29	25	54	0.537037037037037
FBgn0085197	27	31	58	0.46551724137931
FBgn0085198	17	28	45	0.377777777777778
FBgn0085199	15	19	34	0.441176470588235
FBgn0085200	51	53	104	0.490384615384615
FBgn0085201	46	31	77	0.597402597402597
FBgn0085202	62	71	133	0.466165413533835
FBgn0085203	40	34	74	0.540540540540541
FBgn0085204	9	14	23	0.391304347826087
FBgn0085205	67	77	144	0.465277777777778
FBgn0085206	0	0	0	NA
FBgn0085207	0	0	0	NA
FBgn0085208	0	0	0	NA
FBgn0085209	20	15	35	0.571428571428571
FBgn0085210	72	67	139	0.517985611510791
FBgn0085211	31	27	58	0.53448275862069
FBgn0085212	45	35	80	0.5625
FBgn0085213	88	78	166	0.530120481927711
FBgn0085214	0	0	0	NA
FBgn0085217	54	59	113	0.47787610619469
FBgn0085218	60	47	107	0.560747663551402
FBgn0085219	17	14	31	0.548387096774194
FBgn0085220	42	38	80	0.525
FBgn0085222	112	111	223	0.502242152466368
FBgn0085223	35	48	83	0.421686746987952
FBgn0085224	106	99	205	0.517073170731707
FBgn0085225	71	73	144	0.493055555555556
FBgn0085227	36	45	81	0.444444444444444
FBgn0085228	62	76	138	0.449275362318841
FBgn0085229	14	13	27	0.518518518518518
FBgn0085230	145	123	268	0.541044776119403
FBgn0085231	107	112	219	0.488584474885845
FBgn0085232	64	39	103	0.621359223300971
FBgn0085233	39	41	80	0.4875
FBgn0085234	60	71	131	0.458015267175573
FBgn0085235	91	86	177	0.514124293785311
FBgn0085236	0	1	1	0
FBgn0085237	31	24	55	0.563636363636364
FBgn0085239	87	94	181	0.480662983425414
FBgn0085240	0	0	0	NA
FBgn0085241	55	55	110	0.5
FBgn0085242	59	61	120	0.491666666666667
FBgn0085243	15	11	26	0.576923076923077
FBgn0085244	45	39	84	0.535714285714286
FBgn0085245	73	54	127	0.574803149606299
FBgn0085246	58	52	110	0.527272727272727
FBgn0085248	21	21	42	0.5
FBgn0085249	125	137	262	0.477099236641221
FBgn0085250	94	124	218	0.431192660550459
FBgn0085252	19	21	40	0.475
FBgn0085253	54	55	109	0.495412844036697
FBgn0085254	66	84	150	0.44
FBgn0085256	34	44	78	0.435897435897436
FBgn0085257	48	38	86	0.558139534883721
FBgn0085259	56	71	127	0.440944881889764
FBgn0085260	42	40	82	0.51219512195122
FBgn0085261	0	0	0	NA
FBgn0085263	0	0	0	NA
FBgn0085264	0	0	0	NA
FBgn0085265	87	111	198	0.439393939393939
FBgn0085267	96	71	167	0.574850299401198
FBgn0085271	60	40	100	0.6
FBgn0085273	62	64	126	0.492063492063492
FBgn0085274	56	60	116	0.482758620689655
FBgn0085276	25	21	46	0.543478260869565
FBgn0085277	44	49	93	0.473118279569892
FBgn0085279	29	35	64	0.453125
FBgn0085280	156	159	315	0.495238095238095
FBgn0085282	15	17	32	0.46875
FBgn0085283	111	83	194	0.572164948453608
FBgn0085284	3	2	5	0.6
FBgn0085285	56	52	108	0.518518518518518
FBgn0085287	49	64	113	0.433628318584071
FBgn0085288	168	164	332	0.506024096385542
FBgn0085289	54	51	105	0.514285714285714
FBgn0085290	0	0	0	NA
FBgn0085291	0	0	0	NA
FBgn0085292	0	0	0	NA
FBgn0085294	107	92	199	0.537688442211055
FBgn0085295	30	18	48	0.625
FBgn0085296	40	76	116	0.344827586206897
FBgn0085297	30	27	57	0.526315789473684
FBgn0085298	67	74	141	0.475177304964539
FBgn0085300	52	65	117	0.444444444444444
FBgn0085302	0	0	0	NA
FBgn0085303	60	56	116	0.517241379310345
FBgn0085305	68	62	130	0.523076923076923
FBgn0085306	0	0	0	NA
FBgn0085307	65	43	108	0.601851851851852
FBgn0085308	25	24	49	0.510204081632653
FBgn0085309	21	25	46	0.456521739130435
FBgn0085310	43	37	80	0.5375
FBgn0085311	59	90	149	0.395973154362416
FBgn0085312	79	77	156	0.506410256410256
FBgn0085313	55	56	111	0.495495495495495
FBgn0085314	216	196	412	0.524271844660194
FBgn0085315	32	34	66	0.484848484848485
FBgn0085316	38	34	72	0.527777777777778
FBgn0085317	41	31	72	0.569444444444444
FBgn0085318	20	21	41	0.48780487804878
FBgn0085319	83	76	159	0.522012578616352
FBgn0085320	45	35	80	0.5625
FBgn0085321	72	68	140	0.514285714285714
FBgn0085322	0	0	0	NA
FBgn0085324	108	91	199	0.542713567839196
FBgn0085325	43	40	83	0.518072289156627
FBgn0085326	36	38	74	0.486486486486487
FBgn0085327	42	48	90	0.466666666666667
FBgn0085328	118	141	259	0.455598455598456
FBgn0085329	49	62	111	0.441441441441441
FBgn0085330	5	19	24	0.208333333333333
FBgn0085331	0	0	0	NA
FBgn0085332	63	60	123	0.51219512195122
FBgn0085334	0	0	0	NA
FBgn0085336	48	31	79	0.607594936708861
FBgn0085337	36	52	88	0.409090909090909
FBgn0085339	19	9	28	0.678571428571429
FBgn0085340	79	59	138	0.572463768115942
FBgn0085341	0	0	0	NA
FBgn0085342	0	0	0	NA
FBgn0085343	0	0	0	NA
FBgn0085344	0	0	0	NA
FBgn0085345	17	14	31	0.548387096774194
FBgn0085346	0	0	0	NA
FBgn0085349	71	64	135	0.525925925925926
FBgn0085350	79	77	156	0.506410256410256
FBgn0085351	40	44	84	0.476190476190476
FBgn0085352	74	74	148	0.5
FBgn0085353	77	79	156	0.493589743589744
FBgn0085354	75	92	167	0.449101796407186
FBgn0085356	80	81	161	0.496894409937888
FBgn0085357	61	49	110	0.554545454545455
FBgn0085358	86	78	164	0.524390243902439
FBgn0085359	41	38	79	0.518987341772152
FBgn0085360	91	78	169	0.538461538461538
FBgn0085361	29	52	81	0.358024691358025
FBgn0085362	155	142	297	0.521885521885522
FBgn0085366	59	38	97	0.608247422680412
FBgn0085367	68	60	128	0.53125
FBgn0085369	334	333	667	0.500749625187406
FBgn0085370	715	637	1352	0.528846153846154
FBgn0085371	186	207	393	0.473282442748092
FBgn0085374	192	177	369	0.520325203252033
FBgn0085376	473	499	972	0.486625514403292
FBgn0085377	101	117	218	0.463302752293578
FBgn0085380	349	357	706	0.494334277620397
FBgn0085382	383	336	719	0.532684283727399
FBgn0085383	113	114	227	0.497797356828194
FBgn0085384	453	460	913	0.496166484118291
FBgn0085385	604	610	1214	0.497528830313015
FBgn0085386	99	104	203	0.487684729064039
FBgn0085387	891	859	1750	0.509142857142857
FBgn0085390	465	496	961	0.483870967741935
FBgn0085391	601	606	1207	0.497928748964375
FBgn0085395	513	585	1098	0.467213114754098
FBgn0085396	207	211	418	0.495215311004785
FBgn0085397	502	519	1021	0.491674828599412
FBgn0085398	223	255	478	0.46652719665272
FBgn0085399	460	487	947	0.485744456177402
FBgn0085400	579	600	1179	0.491094147582697
FBgn0085404	219	195	414	0.528985507246377
FBgn0085405	176	174	350	0.502857142857143
FBgn0085407	534	531	1065	0.501408450704225
FBgn0085408	478	482	960	0.497916666666667
FBgn0085409	497	464	961	0.517169614984391
FBgn0085410	386	379	765	0.504575163398693
FBgn0085411	218	253	471	0.462845010615711
FBgn0085412	716	676	1392	0.514367816091954
FBgn0085413	389	411	800	0.48625
FBgn0085414	171	180	351	0.487179487179487
FBgn0085415	184	199	383	0.480417754569191
FBgn0085417	59	60	119	0.495798319327731
FBgn0085419	461	390	851	0.54171562867215
FBgn0085420	159	153	312	0.509615384615385
FBgn0085421	497	527	1024	0.4853515625
FBgn0085422	365	352	717	0.509065550906555
FBgn0085423	307	324	631	0.486529318541997
FBgn0085424	412	400	812	0.507389162561576
FBgn0085425	419	402	821	0.510353227771011
FBgn0085426	455	412	867	0.52479815455594
FBgn0085427	607	695	1302	0.466205837173579
FBgn0085428	542	479	1021	0.530852105778648
FBgn0085430	826	780	1606	0.514321295143213
FBgn0085431	165	150	315	0.523809523809524
FBgn0085432	366	353	719	0.50904033379694
FBgn0085433	6	10	16	0.375
FBgn0085434	430	398	828	0.519323671497585
FBgn0085436	319	277	596	0.535234899328859
FBgn0085437	588	531	1119	0.525469168900804
FBgn0085438	0	0	0	NA
FBgn0085440	284	262	546	0.52014652014652
FBgn0085442	169	184	353	0.478753541076487
FBgn0085443	901	885	1786	0.50447928331467
FBgn0085444	327	322	649	0.503852080123267
FBgn0085446	1375	1445	2820	0.48758865248227
FBgn0085447	350	361	711	0.492264416315049
FBgn0085450	423	425	848	0.498820754716981
FBgn0085451	582	578	1160	0.501724137931034
FBgn0085452	2	3	5	0.4
FBgn0085453	48	45	93	0.516129032258065
FBgn0085454	14	22	36	0.388888888888889
FBgn0085455	88	96	184	0.478260869565217
FBgn0085456	83	86	169	0.49112426035503
FBgn0085457	113	91	204	0.553921568627451
FBgn0085458	44	46	90	0.488888888888889
FBgn0085459	64	51	115	0.556521739130435
FBgn0085460	145	172	317	0.457413249211356
FBgn0085461	64	66	130	0.492307692307692
FBgn0085462	75	64	139	0.539568345323741
FBgn0085464	97	78	175	0.554285714285714
FBgn0085465	105	102	207	0.507246376811594
FBgn0085466	59	55	114	0.517543859649123
FBgn0085468	62	55	117	0.52991452991453
FBgn0085470	0	0	0	NA
FBgn0085471	23	26	49	0.469387755102041
FBgn0085472	63	55	118	0.533898305084746
FBgn0085473	102	91	193	0.528497409326425
FBgn0085474	35	40	75	0.466666666666667
FBgn0085475	24	13	37	0.648648648648649
FBgn0085476	192	158	350	0.548571428571429
FBgn0085477	135	107	242	0.557851239669422
FBgn0085478	484	485	969	0.499484004127967
FBgn0085479	126	137	263	0.479087452471483
FBgn0085480	102	110	212	0.481132075471698
FBgn0085481	96	93	189	0.507936507936508
FBgn0085482	28	34	62	0.451612903225806
FBgn0085483	6	13	19	0.315789473684211
FBgn0085484	116	135	251	0.462151394422311
FBgn0085485	22	21	43	0.511627906976744
FBgn0085486	150	123	273	0.549450549450549
FBgn0085487	74	99	173	0.427745664739884
FBgn0085488	155	141	296	0.523648648648649
FBgn0085489	81	65	146	0.554794520547945
FBgn0085491	97	101	198	0.48989898989899
FBgn0085494	0	0	0	NA
FBgn0085500	0	0	0	NA
FBgn0085505	0	0	0	NA
FBgn0085506	0	0	0	NA
FBgn0085511	0	0	0	NA
FBgn0085512	0	0	0	NA
FBgn0085520	0	0	0	NA
FBgn0085521	0	0	0	NA
FBgn0085523	0	0	0	NA
FBgn0085540	0	0	0	NA
FBgn0085569	0	0	0	NA
FBgn0085570	13	11	24	0.541666666666667
FBgn0085582	8	17	25	0.32
FBgn0085599	3	0	3	1
FBgn0085612	17	6	23	0.739130434782609
FBgn0085638	11	10	21	0.523809523809524
FBgn0085644	0	0	0	NA
FBgn0085664	0	0	0	NA
FBgn0085673	0	0	0	NA
FBgn0085692	0	0	0	NA
FBgn0085693	5	14	19	0.263157894736842
FBgn0085732	18	14	32	0.5625
FBgn0085734	43	45	88	0.488636363636364
FBgn0085736	14	25	39	0.358974358974359
FBgn0085753	54	21	75	0.72
FBgn0085765	0	0	0	NA
FBgn0085771	29	4	33	0.878787878787879
FBgn0085784	5	5	10	0.5
FBgn0085786	24	25	49	0.489795918367347
FBgn0085788	0	0	0	NA
FBgn0085789	0	0	0	NA
FBgn0085790	0	0	0	NA
FBgn0085791	0	0	0	NA
FBgn0085792	0	0	0	NA
FBgn0085802	0	0	0	NA
FBgn0085804	16	13	29	0.551724137931034
FBgn0085810	0	0	0	NA
FBgn0085812	17	29	46	0.369565217391304
FBgn0085813	11	5	16	0.6875
FBgn0085819	0	0	0	NA
FBgn0085831	0	0	0	NA
FBgn0086021	0	0	0	NA
FBgn0086022	3	2	5	0.6
FBgn0086023	0	0	0	NA
FBgn0086024	5	2	7	0.714285714285714
FBgn0086025	3	6	9	0.333333333333333
FBgn0086026	0	0	0	NA
FBgn0086027	19	19	38	0.5
FBgn0086028	3	5	8	0.375
FBgn0086029	2	6	8	0.25
FBgn0086030	25	40	65	0.384615384615385
FBgn0086031	8	8	16	0.5
FBgn0086032	22	34	56	0.392857142857143
FBgn0086033	31	18	49	0.63265306122449
FBgn0086034	0	0	0	NA
FBgn0086035	0	0	0	NA
FBgn0086036	0	1	1	0
FBgn0086037	16	28	44	0.363636363636364
FBgn0086038	31	42	73	0.424657534246575
FBgn0086039	1	4	5	0.2
FBgn0086040	36	15	51	0.705882352941177
FBgn0086041	0	0	0	NA
FBgn0086042	0	0	0	NA
FBgn0086043	14	6	20	0.7
FBgn0086044	27	12	39	0.692307692307692
FBgn0086045	18	25	43	0.418604651162791
FBgn0086046	11	13	24	0.458333333333333
FBgn0086047	22	14	36	0.611111111111111
FBgn0086048	5	5	10	0.5
FBgn0086049	0	0	0	NA
FBgn0086051	0	0	0	NA
FBgn0086052	1	5	6	0.166666666666667
FBgn0086053	15	20	35	0.428571428571429
FBgn0086054	0	0	0	NA
FBgn0086055	0	0	0	NA
FBgn0086056	0	0	0	NA
FBgn0086057	1	1	2	0.5
FBgn0086058	10	14	24	0.416666666666667
FBgn0086059	20	30	50	0.4
FBgn0086060	13	8	21	0.619047619047619
FBgn0086061	10	13	23	0.434782608695652
FBgn0086062	0	4	4	0
FBgn0086063	0	1	1	0
FBgn0086064	1	0	1	1
FBgn0086065	1	0	1	1
FBgn0086066	0	0	0	NA
FBgn0086067	5	5	10	0.5
FBgn0086068	1	0	1	1
FBgn0086069	0	0	0	NA
FBgn0086070	1	0	1	1
FBgn0086071	0	0	0	NA
FBgn0086072	0	0	0	NA
FBgn0086073	39	31	70	0.557142857142857
FBgn0086074	2	1	3	0.666666666666667
FBgn0086075	0	0	0	NA
FBgn0086076	21	14	35	0.6
FBgn0086077	15	12	27	0.555555555555556
FBgn0086078	2	3	5	0.4
FBgn0086079	7	10	17	0.411764705882353
FBgn0086080	0	0	0	NA
FBgn0086081	43	40	83	0.518072289156627
FBgn0086082	0	0	0	NA
FBgn0086129	178	166	344	0.517441860465116
FBgn0086130	63	43	106	0.594339622641509
FBgn0086134	86	80	166	0.518072289156627
FBgn0086200	102	100	202	0.504950495049505
FBgn0086251	111	102	213	0.52112676056338
FBgn0086253	47	28	75	0.626666666666667
FBgn0086254	188	184	372	0.505376344086022
FBgn0086265	167	194	361	0.462603878116344
FBgn0086266	26	45	71	0.366197183098592
FBgn0086346	172	145	317	0.542586750788643
FBgn0086347	391	362	753	0.51925630810093
FBgn0086348	67	52	119	0.563025210084034
FBgn0086350	89	68	157	0.56687898089172
FBgn0086355	132	134	266	0.496240601503759
FBgn0086356	170	166	336	0.505952380952381
FBgn0086357	100	113	213	0.469483568075117
FBgn0086358	328	364	692	0.473988439306358
FBgn0086359	152	140	292	0.520547945205479
FBgn0086361	199	220	419	0.474940334128878
FBgn0086362	133	90	223	0.596412556053812
FBgn0086365	228	262	490	0.46530612244898
FBgn0086367	219	246	465	0.470967741935484
FBgn0086368	114	95	209	0.545454545454545
FBgn0086370	167	173	340	0.491176470588235
FBgn0086371	139	152	291	0.47766323024055
FBgn0086372	125	125	250	0.5
FBgn0086378	38	86	124	0.306451612903226
FBgn0086384	239	226	465	0.513978494623656
FBgn0086408	418	402	820	0.509756097560976
FBgn0086442	143	146	289	0.494809688581315
FBgn0086443	142	159	301	0.471760797342193
FBgn0086444	123	150	273	0.450549450549451
FBgn0086445	118	110	228	0.517543859649123
FBgn0086446	50	45	95	0.526315789473684
FBgn0086447	42	47	89	0.471910112359551
FBgn0086448	170	172	342	0.497076023391813
FBgn0086450	278	298	576	0.482638888888889
FBgn0086451	562	518	1080	0.52037037037037
FBgn0086472	68	63	131	0.519083969465649
FBgn0086519	28	39	67	0.417910447761194
FBgn0086532	0	0	0	NA
FBgn0086533	1	0	1	1
FBgn0086558	47	37	84	0.55952380952381
FBgn0086600	4	1	5	0.8
FBgn0086601	0	0	0	NA
FBgn0086602	15	10	25	0.6
FBgn0086603	0	0	0	NA
FBgn0086604	563	629	1192	0.472315436241611
FBgn0086605	45	26	71	0.633802816901408
FBgn0086608	0	0	0	NA
FBgn0086610	56	46	102	0.549019607843137
FBgn0086611	21	30	51	0.411764705882353
FBgn0086613	435	401	836	0.520334928229665
FBgn0086655	300	318	618	0.485436893203884
FBgn0086656	31	37	68	0.455882352941176
FBgn0086657	73	61	134	0.544776119402985
FBgn0086658	0	0	0	NA
FBgn0086659	27	23	50	0.54
FBgn0086660	0	0	0	NA
FBgn0086661	1	4	5	0.2
FBgn0086662	2	2	4	0.5
FBgn0086663	3	1	4	0.75
FBgn0086664	0	0	0	NA
FBgn0086665	7	5	12	0.583333333333333
FBgn0086666	17	16	33	0.515151515151515
FBgn0086667	21	26	47	0.446808510638298
FBgn0086668	14	9	23	0.608695652173913
FBgn0086669	9	8	17	0.529411764705882
FBgn0086670	18	19	37	0.486486486486487
FBgn0086671	5	5	10	0.5
FBgn0086672	0	0	0	NA
FBgn0086673	188	220	408	0.46078431372549
FBgn0086674	168	217	385	0.436363636363636
FBgn0086675	571	543	1114	0.512567324955117
FBgn0086676	378	374	752	0.502659574468085
FBgn0086677	520	517	1037	0.501446480231437
FBgn0086679	85	81	166	0.512048192771084
FBgn0086680	325	286	611	0.531914893617021
FBgn0086681	113	124	237	0.476793248945148
FBgn0086683	61	42	103	0.592233009708738
FBgn0086686	14	8	22	0.636363636363636
FBgn0086687	133	123	256	0.51953125
FBgn0086690	851	787	1638	0.51953601953602
FBgn0086691	102	96	198	0.515151515151515
FBgn0086693	341	307	648	0.526234567901235
FBgn0086694	257	246	503	0.510934393638171
FBgn0086695	56	61	117	0.478632478632479
FBgn0086698	276	268	544	0.507352941176471
FBgn0086704	219	221	440	0.497727272727273
FBgn0086706	168	188	356	0.471910112359551
FBgn0086707	211	240	451	0.467849223946785
FBgn0086708	140	138	278	0.503597122302158
FBgn0086710	24	25	49	0.489795918367347
FBgn0086711	361	383	744	0.485215053763441
FBgn0086712	130	159	289	0.449826989619377
FBgn0086757	200	217	417	0.479616306954436
FBgn0086758	776	762	1538	0.504551365409623
FBgn0086768	50	40	90	0.555555555555556
FBgn0086778	571	566	1137	0.502198768689534
FBgn0086779	169	189	358	0.472067039106145
FBgn0086782	283	281	564	0.50177304964539
FBgn0086784	177	118	295	0.6
FBgn0086785	37	47	84	0.44047619047619
FBgn0086855	55	44	99	0.555555555555556
FBgn0086856	36	25	61	0.590163934426229
FBgn0086895	147	159	306	0.480392156862745
FBgn0086898	152	144	296	0.513513513513513
FBgn0086900	0	0	0	NA
FBgn0086904	93	84	177	0.525423728813559
FBgn0086906	3347	3417	6764	0.494825547013601
FBgn0086907	32	30	62	0.516129032258065
FBgn0086908	4	7	11	0.363636363636364
FBgn0086909	147	154	301	0.488372093023256
FBgn0086912	49	64	113	0.433628318584071
FBgn0086913	147	146	293	0.501706484641638
FBgn0086915	24	21	45	0.533333333333333
FBgn0086916	179	162	341	0.524926686217009
FBgn0086917	15	18	33	0.454545454545455
FBgn0087002	154	154	308	0.5
FBgn0087005	0	0	0	NA
FBgn0087007	627	628	1255	0.499601593625498
FBgn0087008	413	437	850	0.485882352941176
FBgn0087011	83	101	184	0.451086956521739
FBgn0087012	109	84	193	0.564766839378238
FBgn0087013	24	34	58	0.413793103448276
FBgn0087021	82	72	154	0.532467532467532
FBgn0087035	43	57	100	0.43
FBgn0087039	84	54	138	0.608695652173913
FBgn0087040	160	162	322	0.496894409937888
FBgn0087041	0	0	0	NA
FBgn0243486	342	350	692	0.494219653179191
FBgn0243511	230	260	490	0.469387755102041
FBgn0243512	57	27	84	0.678571428571429
FBgn0243513	16	23	39	0.41025641025641
FBgn0243514	178	181	359	0.495821727019499
FBgn0243516	456	494	950	0.48
FBgn0243586	107	94	201	0.532338308457711
FBgn0250731	0	0	0	NA
FBgn0250732	140	165	305	0.459016393442623
FBgn0250746	18	15	33	0.545454545454545
FBgn0250753	40	50	90	0.444444444444444
FBgn0250754	282	312	594	0.474747474747475
FBgn0250755	83	74	157	0.528662420382166
FBgn0250757	919	933	1852	0.49622030237581
FBgn0250785	222	212	434	0.511520737327189
FBgn0250786	359	357	716	0.501396648044693
FBgn0250788	484	516	1000	0.484
FBgn0250789	173	169	342	0.505847953216374
FBgn0250791	93	116	209	0.444976076555024
FBgn0250814	10	15	25	0.4
FBgn0250815	95	65	160	0.59375
FBgn0250816	154	152	306	0.503267973856209
FBgn0250817	34	34	68	0.5
FBgn0250819	56	65	121	0.462809917355372
FBgn0250820	125	155	280	0.446428571428571
FBgn0250821	0	0	0	NA
FBgn0250822	19	12	31	0.612903225806452
FBgn0250823	456	441	897	0.508361204013378
FBgn0250824	13	10	23	0.565217391304348
FBgn0250825	12	14	26	0.461538461538462
FBgn0250826	81	74	155	0.52258064516129
FBgn0250827	36	43	79	0.455696202531646
FBgn0250830	78	60	138	0.565217391304348
FBgn0250831	59	74	133	0.443609022556391
FBgn0250832	30	37	67	0.447761194029851
FBgn0250833	161	154	315	0.511111111111111
FBgn0250834	99	109	208	0.475961538461538
FBgn0250835	82	85	167	0.491017964071856
FBgn0250836	70	75	145	0.482758620689655
FBgn0250837	0	0	0	NA
FBgn0250838	0	0	0	NA
FBgn0250839	30	26	56	0.535714285714286
FBgn0250841	133	136	269	0.494423791821561
FBgn0250842	124	110	234	0.52991452991453
FBgn0250843	17	19	36	0.472222222222222
FBgn0250844	118	141	259	0.455598455598456
FBgn0250845	19	16	35	0.542857142857143
FBgn0250846	83	66	149	0.557046979865772
FBgn0250847	115	151	266	0.432330827067669
FBgn0250848	122	170	292	0.417808219178082
FBgn0250849	0	0	0	NA
FBgn0250850	395	411	806	0.490074441687345
FBgn0250851	0	0	0	NA
FBgn0250862	154	137	291	0.529209621993127
FBgn0250867	284	300	584	0.486301369863014
FBgn0250868	4	4	8	0.5
FBgn0250869	102	82	184	0.554347826086957
FBgn0250871	320	310	630	0.507936507936508
FBgn0250874	81	100	181	0.447513812154696
FBgn0250903	0	0	0	NA
FBgn0250904	44	54	98	0.448979591836735
FBgn0250906	57	77	134	0.425373134328358
FBgn0250907	99	96	195	0.507692307692308
FBgn0250908	501	495	996	0.503012048192771
FBgn0250910	304	277	581	0.523235800344234
FBgn0250911	0	0	0	NA
FBgn0259098	57	53	110	0.518181818181818
FBgn0259099	312	335	647	0.482225656877898
FBgn0259101	238	287	525	0.453333333333333
FBgn0259108	660	632	1292	0.510835913312694
FBgn0259110	568	537	1105	0.514027149321267
FBgn0259111	760	757	1517	0.500988793671721
FBgn0259112	61	57	118	0.516949152542373
FBgn0259113	350	339	689	0.507982583454282
FBgn0259139	82	73	155	0.529032258064516
FBgn0259140	792	827	1619	0.489190858554663
FBgn0259143	268	291	559	0.479427549194991
FBgn0259145	422	439	861	0.490127758420441
FBgn0259146	455	397	852	0.534037558685446
FBgn0259148	101	85	186	0.543010752688172
FBgn0259149	249	241	490	0.508163265306122
FBgn0259150	566	580	1146	0.493891797556719
FBgn0259151	168	190	358	0.46927374301676
FBgn0259152	93	83	176	0.528409090909091
FBgn0259162	342	332	674	0.507418397626113
FBgn0259163	721	732	1453	0.496214728148658
FBgn0259164	211	211	422	0.5
FBgn0259166	458	465	923	0.496208017334778
FBgn0259167	145	152	297	0.488215488215488
FBgn0259168	308	322	630	0.488888888888889
FBgn0259170	519	544	1063	0.48824082784572
FBgn0259171	931	914	1845	0.504607046070461
FBgn0259173	504	499	1003	0.502492522432702
FBgn0259174	376	393	769	0.488946684005202
FBgn0259175	296	275	571	0.518388791593695
FBgn0259176	819	777	1596	0.513157894736842
FBgn0259178	252	264	516	0.488372093023256
FBgn0259179	148	95	243	0.609053497942387
FBgn0259183	84	68	152	0.552631578947368
FBgn0259184	68	78	146	0.465753424657534
FBgn0259185	95	109	204	0.465686274509804
FBgn0259186	81	78	159	0.509433962264151
FBgn0259187	123	119	242	0.508264462809917
FBgn0259188	204	202	406	0.502463054187192
FBgn0259189	111	112	223	0.497757847533632
FBgn0259190	186	185	371	0.501347708894879
FBgn0259192	21	36	57	0.368421052631579
FBgn0259193	129	137	266	0.484962406015038
FBgn0259194	159	177	336	0.473214285714286
FBgn0259195	34	38	72	0.472222222222222
FBgn0259196	59	21	80	0.7375
FBgn0259198	61	53	114	0.535087719298246
FBgn0259199	0	0	0	NA
FBgn0259200	0	0	0	NA
FBgn0259201	0	0	0	NA
FBgn0259202	0	0	0	NA
FBgn0259203	0	0	0	NA
FBgn0259204	0	0	0	NA
FBgn0259209	229	223	452	0.506637168141593
FBgn0259210	314	319	633	0.496050552922591
FBgn0259211	741	758	1499	0.494329553035357
FBgn0259212	195	180	375	0.52
FBgn0259213	502	484	986	0.509127789046653
FBgn0259214	140	143	283	0.49469964664311
FBgn0259215	116	108	224	0.517857142857143
FBgn0259216	206	196	402	0.512437810945274
FBgn0259219	310	299	609	0.509031198686371
FBgn0259221	835	846	1681	0.496728138013087
FBgn0259222	265	252	517	0.51257253384913
FBgn0259223	129	150	279	0.462365591397849
FBgn0259224	495	537	1032	0.479651162790698
FBgn0259226	402	392	794	0.506297229219144
FBgn0259227	363	402	765	0.474509803921569
FBgn0259228	607	645	1252	0.48482428115016
FBgn0259229	343	333	676	0.507396449704142
FBgn0259230	42	35	77	0.545454545454545
FBgn0259231	177	229	406	0.435960591133005
FBgn0259233	446	421	867	0.51441753171857
FBgn0259234	687	691	1378	0.498548621190131
FBgn0259236	156	171	327	0.477064220183486
FBgn0259237	277	276	553	0.500904159132007
FBgn0259238	149	142	291	0.512027491408935
FBgn0259239	33	23	56	0.589285714285714
FBgn0259241	316	287	603	0.524046434494196
FBgn0259242	574	434	1008	0.569444444444444
FBgn0259243	273	230	503	0.542743538767396
FBgn0259244	524	481	1005	0.521393034825871
FBgn0259245	375	360	735	0.510204081632653
FBgn0259246	830	906	1736	0.478110599078341
FBgn0259481	334	357	691	0.483357452966715
FBgn0259482	74	99	173	0.427745664739884
FBgn0259483	45	62	107	0.420560747663551
FBgn0259676	13	13	26	0.5
FBgn0259677	528	516	1044	0.505747126436782
FBgn0259678	451	481	932	0.483905579399142
FBgn0259680	826	830	1656	0.498792270531401
FBgn0259682	272	249	521	0.522072936660269
FBgn0259683	175	155	330	0.53030303030303
FBgn0259685	454	431	885	0.512994350282486
FBgn0259697	27	26	53	0.509433962264151
FBgn0259699	0	0	0	NA
FBgn0259700	12	22	34	0.352941176470588
FBgn0259701	43	30	73	0.589041095890411
FBgn0259702	148	116	264	0.560606060606061
FBgn0259703	108	85	193	0.559585492227979
FBgn0259704	59	66	125	0.472
FBgn0259705	24	29	53	0.452830188679245
FBgn0259707	8	11	19	0.421052631578947
FBgn0259708	0	0	0	NA
FBgn0259709	0	0	0	NA
FBgn0259710	19	19	38	0.5
FBgn0259711	67	64	131	0.511450381679389
FBgn0259712	348	316	664	0.524096385542169
FBgn0259713	56	61	117	0.478632478632479
FBgn0259714	315	321	636	0.495283018867925
FBgn0259715	185	139	324	0.570987654320988
FBgn0259716	105	133	238	0.441176470588235
FBgn0259717	0	0	0	NA
FBgn0259718	0	0	0	NA
FBgn0259720	0	0	0	NA
FBgn0259721	0	0	0	NA
FBgn0259722	9	17	26	0.346153846153846
FBgn0259725	0	0	0	NA
FBgn0259726	0	0	0	NA
FBgn0259727	0	0	0	NA
FBgn0259728	0	0	0	NA
FBgn0259729	70	49	119	0.588235294117647
FBgn0259730	0	0	0	NA
FBgn0259731	0	0	0	NA
FBgn0259732	0	0	0	NA
FBgn0259733	0	0	0	NA
FBgn0259734	613	604	1217	0.503697617091208
FBgn0259735	497	493	990	0.502020202020202
FBgn0259736	520	508	1028	0.505836575875486
FBgn0259737	24	36	60	0.4
FBgn0259738	18	19	37	0.486486486486487
FBgn0259739	125	129	254	0.492125984251969
FBgn0259740	56	55	111	0.504504504504504
FBgn0259741	22	26	48	0.458333333333333
FBgn0259742	117	114	231	0.506493506493506
FBgn0259745	189	215	404	0.467821782178218
FBgn0259748	42	46	88	0.477272727272727
FBgn0259749	187	208	395	0.473417721518987
FBgn0259785	114	115	229	0.497816593886463
FBgn0259789	536	550	1086	0.493554327808471
FBgn0259791	138	118	256	0.5390625
FBgn0259794	69	56	125	0.552
FBgn0259795	126	153	279	0.451612903225806
FBgn0259817	0	0	0	NA
FBgn0259818	67	72	139	0.482014388489209
FBgn0259821	79	53	132	0.598484848484849
FBgn0259822	569	557	1126	0.505328596802842
FBgn0259823	302	347	649	0.465331278890601
FBgn0259824	171	179	350	0.488571428571429
FBgn0259831	28	26	54	0.518518518518518
FBgn0259832	35	33	68	0.514705882352941
FBgn0259834	242	266	508	0.476377952755905
FBgn0259837	0	0	0	NA
FBgn0259838	0	0	0	NA
FBgn0259839	0	0	0	NA
FBgn0259840	0	0	0	NA
FBgn0259841	0	0	0	NA
FBgn0259842	0	0	0	NA
FBgn0259843	0	0	0	NA
FBgn0259845	0	0	0	NA
FBgn0259846	0	0	0	NA
FBgn0259847	0	0	0	NA
FBgn0259848	0	0	0	NA
FBgn0259849	0	0	0	NA
FBgn0259850	0	0	0	NA
FBgn0259851	0	0	0	NA
FBgn0259852	0	0	0	NA
FBgn0259853	0	0	0	NA
FBgn0259855	0	0	0	NA
FBgn0259856	0	0	0	NA
FBgn0259857	0	0	0	NA
FBgn0259858	0	0	0	NA
FBgn0259859	0	0	0	NA
FBgn0259860	0	0	0	NA
FBgn0259861	0	0	0	NA
FBgn0259862	0	0	0	NA
FBgn0259863	0	0	0	NA
FBgn0259864	0	0	0	NA
FBgn0259869	0	0	0	NA
FBgn0259870	0	0	0	NA
FBgn0259875	0	0	0	NA
FBgn0259876	200	191	391	0.51150895140665
FBgn0259878	215	204	419	0.513126491646778
FBgn0259896	287	298	585	0.490598290598291
FBgn0259916	115	81	196	0.586734693877551
FBgn0259917	56	41	97	0.577319587628866
FBgn0259918	32	36	68	0.470588235294118
FBgn0259922	79	86	165	0.478787878787879
FBgn0259923	287	300	587	0.488926746166951
FBgn0259926	99	102	201	0.492537313432836
FBgn0259927	208	276	484	0.429752066115702
FBgn0259932	0	0	0	NA
FBgn0259933	0	0	0	NA
FBgn0259935	358	320	678	0.528023598820059
FBgn0259936	43	30	73	0.589041095890411
FBgn0259937	70	76	146	0.479452054794521
FBgn0259938	211	154	365	0.578082191780822
FBgn0259949	39	29	68	0.573529411764706
FBgn0259950	76	73	149	0.51006711409396
FBgn0259951	65	76	141	0.460992907801418
FBgn0259952	67	63	130	0.515384615384615
FBgn0259953	58	41	99	0.585858585858586
FBgn0259954	34	29	63	0.53968253968254
FBgn0259955	42	40	82	0.51219512195122
FBgn0259956	40	41	81	0.493827160493827
FBgn0259957	32	35	67	0.477611940298507
FBgn0259958	33	32	65	0.507692307692308
FBgn0259959	35	31	66	0.53030303030303
FBgn0259960	67	73	140	0.478571428571429
FBgn0259961	20	15	35	0.571428571428571
FBgn0259962	37	38	75	0.493333333333333
FBgn0259963	45	39	84	0.535714285714286
FBgn0259964	53	48	101	0.524752475247525
FBgn0259965	48	79	127	0.377952755905512
FBgn0259966	49	52	101	0.485148514851485
FBgn0259967	84	114	198	0.424242424242424
FBgn0259968	50	70	120	0.416666666666667
FBgn0259969	9	3	12	0.75
FBgn0259970	42	25	67	0.626865671641791
FBgn0259971	11	26	37	0.297297297297297
FBgn0259972	27	30	57	0.473684210526316
FBgn0259973	0	0	0	NA
FBgn0259974	0	0	0	NA
FBgn0259975	51	58	109	0.467889908256881
FBgn0259977	86	79	165	0.521212121212121
FBgn0259978	138	132	270	0.511111111111111
FBgn0259979	73	81	154	0.474025974025974
FBgn0259982	55	56	111	0.495495495495495
FBgn0259984	493	523	1016	0.485236220472441
FBgn0259985	139	129	268	0.51865671641791
FBgn0259986	282	317	599	0.470784641068447
FBgn0259989	6	2	8	0.75
FBgn0259990	0	0	0	NA
FBgn0259991	0	0	0	NA
FBgn0259992	46	41	87	0.528735632183908
FBgn0259993	25	19	44	0.568181818181818
FBgn0259994	647	649	1296	0.499228395061728
FBgn0259996	50	46	96	0.520833333333333
FBgn0259998	90	92	182	0.494505494505495
FBgn0260000	44	39	83	0.530120481927711
FBgn0260002	0	0	0	NA
FBgn0260003	1763	1875	3638	0.484606926882903
FBgn0260004	226	212	438	0.515981735159817
FBgn0260005	113	151	264	0.428030303030303
FBgn0260006	292	298	590	0.494915254237288
FBgn0260007	46	38	84	0.547619047619048
FBgn0260008	75	66	141	0.531914893617021
FBgn0260011	106	122	228	0.464912280701754
FBgn0260012	321	320	641	0.500780031201248
FBgn0260026	81	83	164	0.49390243902439
FBgn0260027	48	53	101	0.475247524752475
FBgn0260049	180	201	381	0.47244094488189
FBgn0260222	0	0	0	NA
FBgn0260223	0	0	0	NA
FBgn0260224	0	0	0	NA
FBgn0260225	0	0	0	NA
FBgn0260226	35	42	77	0.454545454545455
FBgn0260228	0	0	0	NA
FBgn0260229	0	0	0	NA
FBgn0260230	0	0	0	NA
FBgn0260231	0	0	0	NA
FBgn0260233	0	0	0	NA
FBgn0260234	0	0	0	NA
FBgn0260237	0	0	0	NA
FBgn0260238	0	0	0	NA
FBgn0260243	70	83	153	0.457516339869281
FBgn0260386	52	41	93	0.559139784946237
FBgn0260388	133	143	276	0.481884057971014
FBgn0260390	0	0	0	NA
FBgn0260392	0	0	0	NA
FBgn0260393	41	57	98	0.418367346938776
FBgn0260396	63	79	142	0.443661971830986
FBgn0260397	101	108	209	0.483253588516746
FBgn0260398	0	0	0	NA
FBgn0260399	222	238	460	0.482608695652174
FBgn0260400	161	152	313	0.514376996805112
FBgn0260401	0	0	0	NA
FBgn0260407	52	56	108	0.481481481481481
FBgn0260428	68	73	141	0.482269503546099
FBgn0260429	184	176	360	0.511111111111111
FBgn0260430	82	77	159	0.515723270440252
FBgn0260431	22	23	45	0.488888888888889
FBgn0260434	0	0	0	NA
FBgn0260435	2	2	4	0.5
FBgn0260436	0	0	0	NA
FBgn0260437	82	77	159	0.515723270440252
FBgn0260439	268	239	507	0.528599605522682
FBgn0260440	185	199	384	0.481770833333333
FBgn0260442	1095	1129	2224	0.492356115107914
FBgn0260444	88	92	180	0.488888888888889
FBgn0260446	469	464	933	0.502679528403001
FBgn0260447	2	1	3	0.666666666666667
FBgn0260450	178	186	364	0.489010989010989
FBgn0260451	0	0	0	NA
FBgn0260452	48	53	101	0.475247524752475
FBgn0260453	0	0	0	NA
FBgn0260454	0	0	0	NA
FBgn0260455	0	0	0	NA
FBgn0260456	51	55	106	0.481132075471698
FBgn0260458	0	0	0	NA
FBgn0260459	103	95	198	0.52020202020202
FBgn0260461	0	0	0	NA
FBgn0260462	77	75	152	0.506578947368421
FBgn0260463	0	0	0	NA
FBgn0260464	0	0	0	NA
FBgn0260466	0	0	0	NA
FBgn0260467	0	0	0	NA
FBgn0260468	0	0	0	NA
FBgn0260469	0	0	0	NA
FBgn0260470	0	0	0	NA
FBgn0260474	91	139	230	0.395652173913043
FBgn0260475	0	0	0	NA
FBgn0260477	76	61	137	0.554744525547445
FBgn0260479	1	0	1	1
FBgn0260480	59	58	117	0.504273504273504
FBgn0260481	60	50	110	0.545454545454545
FBgn0260482	113	109	222	0.509009009009009
FBgn0260484	64	43	107	0.598130841121495
FBgn0260486	755	762	1517	0.497692814765985
FBgn0260487	454	469	923	0.491874322860238
FBgn0260499	351	362	713	0.492286115007013
FBgn0260632	379	375	754	0.502652519893899
FBgn0260634	341	321	662	0.515105740181269
FBgn0260635	177	186	363	0.487603305785124
FBgn0260639	94	116	210	0.447619047619048
FBgn0260642	308	293	601	0.512479201331115
FBgn0260643	93	77	170	0.547058823529412
FBgn0260644	49	34	83	0.590361445783133
FBgn0260645	0	0	0	NA
FBgn0260646	46	46	92	0.5
FBgn0260648	23	10	33	0.696969696969697
FBgn0260653	187	195	382	0.489528795811518
FBgn0260655	109	131	240	0.454166666666667
FBgn0260657	447	448	895	0.499441340782123
FBgn0260658	716	711	1427	0.501751927119832
FBgn0260659	89	48	137	0.64963503649635
FBgn0260660	728	686	1414	0.514851485148515
FBgn0260713	0	0	0	NA
FBgn0260718	34	30	64	0.53125
FBgn0260719	20	24	44	0.454545454545455
FBgn0260720	47	60	107	0.439252336448598
FBgn0260721	57	56	113	0.504424778761062
FBgn0260722	111	103	214	0.518691588785047
FBgn0260741	67	91	158	0.424050632911392
FBgn0260742	161	119	280	0.575
FBgn0260743	77	61	138	0.557971014492754
FBgn0260744	38	42	80	0.475
FBgn0260745	231	230	461	0.501084598698482
FBgn0260746	185	197	382	0.484293193717277
FBgn0260747	130	107	237	0.548523206751055
FBgn0260748	337	363	700	0.481428571428571
FBgn0260749	459	410	869	0.52819332566168
FBgn0260750	106	135	241	0.439834024896266
FBgn0260753	422	452	874	0.482837528604119
FBgn0260755	145	120	265	0.547169811320755
FBgn0260756	81	67	148	0.547297297297297
FBgn0260758	32	31	63	0.507936507936508
FBgn0260759	0	0	0	NA
FBgn0260760	0	0	0	NA
FBgn0260761	0	0	0	NA
FBgn0260762	0	0	0	NA
FBgn0260763	79	91	170	0.464705882352941
FBgn0260764	85	84	169	0.502958579881657
FBgn0260766	94	91	185	0.508108108108108
FBgn0260767	0	0	0	NA
FBgn0260768	65	67	132	0.492424242424242
FBgn0260770	0	0	0	NA
FBgn0260771	106	130	236	0.449152542372881
FBgn0260775	0	0	0	NA
FBgn0260776	181	154	335	0.540298507462687
FBgn0260777	69	78	147	0.469387755102041
FBgn0260779	106	85	191	0.554973821989529
FBgn0260780	322	318	640	0.503125
FBgn0260789	363	336	699	0.51931330472103
FBgn0260793	277	267	544	0.509191176470588
FBgn0260794	319	272	591	0.539763113367174
FBgn0260795	300	250	550	0.545454545454545
FBgn0260798	92	92	184	0.5
FBgn0260799	74	90	164	0.451219512195122
FBgn0260812	37	29	66	0.560606060606061
FBgn0260817	146	158	304	0.480263157894737
FBgn0260855	92	98	190	0.484210526315789
FBgn0260856	0	0	0	NA
FBgn0260857	44	30	74	0.594594594594595
FBgn0260858	33	26	59	0.559322033898305
FBgn0260859	5	8	13	0.384615384615385
FBgn0260860	129	125	254	0.507874015748031
FBgn0260861	26	35	61	0.426229508196721
FBgn0260862	82	48	130	0.630769230769231
FBgn0260866	243	264	507	0.479289940828402
FBgn0260867	43	40	83	0.518072289156627
FBgn0260868	44	34	78	0.564102564102564
FBgn0260869	63	74	137	0.45985401459854
FBgn0260870	38	38	76	0.5
FBgn0260871	41	18	59	0.694915254237288
FBgn0260873	53	47	100	0.53
FBgn0260874	39	40	79	0.493670886075949
FBgn0260932	43	59	102	0.42156862745098
FBgn0260933	417	405	822	0.507299270072993
FBgn0260934	521	523	1044	0.49904214559387
FBgn0260935	240	223	463	0.518358531317495
FBgn0260936	205	213	418	0.490430622009569
FBgn0260938	444	468	912	0.486842105263158
FBgn0260940	65	60	125	0.52
FBgn0260941	664	672	1336	0.497005988023952
FBgn0260942	143	125	268	0.533582089552239
FBgn0260943	772	805	1577	0.489537095751427
FBgn0260944	61	50	111	0.54954954954955
FBgn0260945	272	251	523	0.520076481835564
FBgn0260953	0	0	0	NA
FBgn0260954	0	0	0	NA
FBgn0260955	25	36	61	0.409836065573771
FBgn0260959	301	319	620	0.485483870967742
FBgn0260960	153	146	299	0.511705685618729
FBgn0260962	129	123	252	0.511904761904762
FBgn0260964	504	509	1013	0.497532082922014
FBgn0260965	973	897	1870	0.520320855614973
FBgn0260967	97	76	173	0.560693641618497
FBgn0260968	22	30	52	0.423076923076923
FBgn0260969	26	31	57	0.456140350877193
FBgn0260970	62	81	143	0.433566433566434
FBgn0260971	486	500	986	0.49290060851927
FBgn0260972	24	26	50	0.48
FBgn0260985	105	108	213	0.492957746478873
FBgn0260986	56	40	96	0.583333333333333
FBgn0260987	138	157	295	0.467796610169492
FBgn0260990	231	243	474	0.487341772151899
FBgn0260991	81	86	167	0.48502994011976
FBgn0260995	10	13	23	0.434782608695652
FBgn0260996	78	82	160	0.4875
FBgn0260997	22	39	61	0.360655737704918
FBgn0261004	46	32	78	0.58974358974359
FBgn0261006	5	3	8	0.625
FBgn0261015	41	42	83	0.493975903614458
FBgn0261016	277	275	552	0.501811594202899
FBgn0261019	0	0	0	NA
FBgn0261020	161	173	334	0.482035928143713
FBgn0261041	588	616	1204	0.488372093023256
FBgn0261046	1042	1017	2059	0.506070908207868
FBgn0261049	14	27	41	0.341463414634146
FBgn0261053	391	309	700	0.558571428571429
FBgn0261054	88	81	169	0.520710059171598
FBgn0261055	34	35	69	0.492753623188406
FBgn0261057	31	48	79	0.392405063291139
FBgn0261058	46	58	104	0.442307692307692
FBgn0261059	9	7	16	0.5625
FBgn0261060	56	66	122	0.459016393442623
FBgn0261061	29	25	54	0.537037037037037
FBgn0261064	122	113	235	0.519148936170213
FBgn0261065	178	160	338	0.526627218934911
FBgn0261067	53	58	111	0.477477477477477
FBgn0261068	48	36	84	0.571428571428571
FBgn0261085	457	413	870	0.525287356321839
FBgn0261086	13	8	21	0.619047619047619
FBgn0261089	327	306	633	0.516587677725118
FBgn0261090	345	419	764	0.451570680628272
FBgn0261108	0	0	0	NA
FBgn0261109	27	33	60	0.45
FBgn0261111	92	101	193	0.476683937823834
FBgn0261112	65	110	175	0.371428571428571
FBgn0261113	307	314	621	0.494363929146538
FBgn0261119	132	114	246	0.536585365853659
FBgn0261238	362	339	701	0.516405135520685
FBgn0261239	100	108	208	0.480769230769231
FBgn0261243	328	333	661	0.496217851739788
FBgn0261244	494	464	958	0.515657620041754
FBgn0261245	88	67	155	0.567741935483871
FBgn0261258	78	77	155	0.503225806451613
FBgn0261260	873	874	1747	0.499713795077275
FBgn0261261	106	86	192	0.552083333333333
FBgn0261262	302	278	580	0.520689655172414
FBgn0261266	14	18	32	0.4375
FBgn0261267	26	26	52	0.5
FBgn0261268	248	248	496	0.5
FBgn0261269	267	263	530	0.50377358490566
FBgn0261270	75	71	146	0.513698630136986
FBgn0261274	275	244	519	0.529865125240848
FBgn0261276	215	181	396	0.542929292929293
FBgn0261277	75	115	190	0.394736842105263
FBgn0261278	159	142	301	0.528239202657807
FBgn0261279	492	447	939	0.523961661341853
FBgn0261283	109	115	224	0.486607142857143
FBgn0261284	66	50	116	0.568965517241379
FBgn0261285	295	268	563	0.523978685612789
FBgn0261286	167	232	399	0.418546365914787
FBgn0261287	254	238	492	0.516260162601626
FBgn0261289	54	52	106	0.509433962264151
FBgn0261290	37	24	61	0.60655737704918
FBgn0261291	56	66	122	0.459016393442623
FBgn0261292	104	86	190	0.547368421052632
FBgn0261293	80	91	171	0.467836257309941
FBgn0261294	31	43	74	0.418918918918919
FBgn0261341	163	157	320	0.509375
FBgn0261349	85	96	181	0.469613259668508
FBgn0261353	0	0	0	NA
FBgn0261356	92	97	189	0.486772486772487
FBgn0261357	0	0	0	NA
FBgn0261358	0	0	0	NA
FBgn0261360	0	0	0	NA
FBgn0261361	0	0	0	NA
FBgn0261363	201	199	400	0.5025
FBgn0261373	17	24	41	0.414634146341463
FBgn0261380	65	63	128	0.5078125
FBgn0261381	0	0	0	NA
FBgn0261383	326	316	642	0.507788161993769
FBgn0261385	78	88	166	0.469879518072289
FBgn0261386	1	1	2	0.5
FBgn0261387	119	126	245	0.485714285714286
FBgn0261393	29	32	61	0.475409836065574
FBgn0261394	137	97	234	0.585470085470085
FBgn0261395	58	57	115	0.504347826086956
FBgn0261396	38	51	89	0.426966292134831
FBgn0261397	173	181	354	0.488700564971751
FBgn0261399	0	0	0	NA
FBgn0261401	163	183	346	0.471098265895954
FBgn0261402	176	160	336	0.523809523809524
FBgn0261403	109	114	223	0.488789237668161
FBgn0261429	204	192	396	0.515151515151515
FBgn0261434	29	15	44	0.659090909090909
FBgn0261436	44	49	93	0.473118279569892
FBgn0261437	101	79	180	0.561111111111111
FBgn0261439	245	220	465	0.526881720430108
FBgn0261444	582	603	1185	0.491139240506329
FBgn0261445	176	182	358	0.491620111731844
FBgn0261446	9	7	16	0.5625
FBgn0261452	3	1	4	0.75
FBgn0261453	0	0	0	NA
FBgn0261454	0	0	0	NA
FBgn0261455	1	0	1	1
FBgn0261456	214	204	418	0.511961722488038
FBgn0261458	254	255	509	0.49901768172888
FBgn0261461	458	482	940	0.487234042553191
FBgn0261477	200	202	402	0.497512437810945
FBgn0261479	0	0	0	NA
FBgn0261501	44	41	85	0.517647058823529
FBgn0261502	46	37	83	0.55421686746988
FBgn0261503	110	98	208	0.528846153846154
FBgn0261504	0	0	0	NA
FBgn0261505	0	0	0	NA
FBgn0261506	41	63	104	0.394230769230769
FBgn0261507	14	14	28	0.5
FBgn0261508	3	1	4	0.75
FBgn0261509	638	647	1285	0.496498054474708
FBgn0261514	231	242	473	0.488372093023256
FBgn0261522	50	55	105	0.476190476190476
FBgn0261523	77	73	150	0.513333333333333
FBgn0261524	157	143	300	0.523333333333333
FBgn0261526	391	359	750	0.521333333333333
FBgn0261529	475	503	978	0.485685071574642
FBgn0261530	212	195	407	0.520884520884521
FBgn0261531	9	6	15	0.6
FBgn0261532	189	204	393	0.480916030534351
FBgn0261534	24	34	58	0.413793103448276
FBgn0261535	169	186	355	0.476056338028169
FBgn0261536	0	0	0	NA
FBgn0261537	0	0	0	NA
FBgn0261538	0	0	0	NA
FBgn0261545	311	377	688	0.45203488372093
FBgn0261547	637	635	1272	0.500786163522013
FBgn0261549	1065	1082	2147	0.496040987424313
FBgn0261550	328	299	627	0.523125996810207
FBgn0261552	416	415	831	0.500601684717208
FBgn0261553	594	620	1214	0.489291598023064
FBgn0261554	320	322	642	0.498442367601246
FBgn0261555	434	468	902	0.481152993348115
FBgn0261556	473	474	947	0.499472016895459
FBgn0261560	91	92	183	0.497267759562842
FBgn0261561	5	2	7	0.714285714285714
FBgn0261562	152	139	291	0.52233676975945
FBgn0261563	1134	1167	2301	0.492829204693611
FBgn0261564	288	271	559	0.51520572450805
FBgn0261565	1063	1021	2084	0.510076775431862
FBgn0261566	32	45	77	0.415584415584416
FBgn0261567	44	52	96	0.458333333333333
FBgn0261568	13	17	30	0.433333333333333
FBgn0261570	669	613	1282	0.521840873634945
FBgn0261571	288	247	535	0.538317757009346
FBgn0261573	475	461	936	0.507478632478632
FBgn0261574	300	286	586	0.511945392491468
FBgn0261575	71	63	134	0.529850746268657
FBgn0261580	0	0	0	NA
FBgn0261581	34	25	59	0.576271186440678
FBgn0261582	99	96	195	0.507692307692308
FBgn0261583	26	41	67	0.388059701492537
FBgn0261584	99	110	209	0.473684210526316
FBgn0261586	12	24	36	0.333333333333333
FBgn0261587	50	60	110	0.454545454545455
FBgn0261588	344	288	632	0.544303797468354
FBgn0261592	55	49	104	0.528846153846154
FBgn0261596	36	39	75	0.48
FBgn0261597	177	184	361	0.490304709141274
FBgn0261599	27	27	54	0.5
FBgn0261602	149	110	259	0.575289575289575
FBgn0261608	64	34	98	0.653061224489796
FBgn0261609	72	54	126	0.571428571428571
FBgn0261610	323	287	610	0.529508196721311
FBgn0261611	191	212	403	0.47394540942928
FBgn0261612	527	516	1043	0.505273250239693
FBgn0261614	64	70	134	0.477611940298507
FBgn0261615	42	51	93	0.451612903225806
FBgn0261616	94	73	167	0.562874251497006
FBgn0261617	648	696	1344	0.482142857142857
FBgn0261618	501	526	1027	0.487828627069133
FBgn0261624	64	91	155	0.412903225806452
FBgn0261625	389	371	760	0.511842105263158
FBgn0261627	76	65	141	0.539007092198582
FBgn0261628	129	121	250	0.516
FBgn0261630	104	121	225	0.462222222222222
FBgn0261631	52	36	88	0.590909090909091
FBgn0261632	47	69	116	0.405172413793103
FBgn0261633	70	72	142	0.492957746478873
FBgn0261634	27	28	55	0.490909090909091
FBgn0261635	79	51	130	0.607692307692308
FBgn0261636	57	53	110	0.518181818181818
FBgn0261638	104	95	199	0.522613065326633
FBgn0261639	0	0	0	NA
FBgn0261640	0	0	0	NA
FBgn0261641	121	126	247	0.489878542510121
FBgn0261647	298	236	534	0.558052434456929
FBgn0261648	377	350	727	0.518569463548831
FBgn0261649	717	689	1406	0.509957325746799
FBgn0261671	710	732	1442	0.492371705963939
FBgn0261673	326	329	655	0.497709923664122
FBgn0261674	203	191	394	0.515228426395939
FBgn0261675	248	298	546	0.454212454212454
FBgn0261679	0	0	0	NA
FBgn0261680	0	0	0	NA
FBgn0261681	32	21	53	0.60377358490566
FBgn0261682	30	21	51	0.588235294117647
FBgn0261683	0	0	0	NA
FBgn0261686	46	59	105	0.438095238095238
FBgn0261697	0	0	0	NA
FBgn0261698	665	665	1330	0.5
FBgn0261700	63	74	137	0.45985401459854
FBgn0261702	0	0	0	NA
FBgn0261703	239	217	456	0.524122807017544
FBgn0261704	0	0	0	NA
FBgn0261705	258	268	526	0.490494296577947
FBgn0261706	21	25	46	0.456521739130435
FBgn0261707	59	58	117	0.504273504273504
FBgn0261709	18	19	37	0.486486486486487
FBgn0261710	485	538	1023	0.474095796676442
FBgn0261714	224	224	448	0.5
FBgn0261722	203	209	412	0.492718446601942
FBgn0261723	243	270	513	0.473684210526316
FBgn0261786	248	237	485	0.511340206185567
FBgn0261787	188	182	370	0.508108108108108
FBgn0261788	1853	1662	3515	0.527169274537696
FBgn0261789	0	0	0	NA
FBgn0261790	26	19	45	0.577777777777778
FBgn0261791	59	79	138	0.427536231884058
FBgn0261792	74	98	172	0.430232558139535
FBgn0261793	632	621	1253	0.50438946528332
FBgn0261794	314	332	646	0.486068111455108
FBgn0261797	875	858	1733	0.504904789382574
FBgn0261799	279	289	568	0.491197183098592
FBgn0261800	543	528	1071	0.507002801120448
FBgn0261801	271	262	533	0.50844277673546
FBgn0261802	713	716	1429	0.498950314905528
FBgn0261803	185	192	377	0.490716180371353
FBgn0261804	408	420	828	0.492753623188406
FBgn0261805	71	72	143	0.496503496503497
FBgn0261806	86	80	166	0.518072289156627
FBgn0261807	55	53	108	0.509259259259259
FBgn0261808	198	232	430	0.46046511627907
FBgn0261811	511	530	1041	0.490874159462056
FBgn0261813	0	0	0	NA
FBgn0261814	11	15	26	0.423076923076923
FBgn0261816	104	109	213	0.488262910798122
FBgn0261817	27	20	47	0.574468085106383
FBgn0261822	726	708	1434	0.506276150627615
FBgn0261823	377	353	730	0.516438356164384
FBgn0261830	60	68	128	0.46875
FBgn0261831	46	72	118	0.389830508474576
FBgn0261832	31	23	54	0.574074074074074
FBgn0261833	55	75	130	0.423076923076923
FBgn0261834	45	70	115	0.391304347826087
FBgn0261835	130	115	245	0.530612244897959
FBgn0261836	4927	5046	9973	0.494033891507069
FBgn0261837	0	0	0	NA
FBgn0261838	0	0	0	NA
FBgn0261839	0	0	0	NA
FBgn0261840	0	0	0	NA
FBgn0261841	0	0	0	NA
FBgn0261842	0	0	0	NA
FBgn0261843	0	0	0	NA
FBgn0261844	0	0	0	NA
FBgn0261845	0	0	0	NA
FBgn0261846	3	3	6	0.5
FBgn0261847	35	48	83	0.421686746987952
FBgn0261848	76	80	156	0.487179487179487
FBgn0261849	30	39	69	0.434782608695652
FBgn0261850	259	287	546	0.474358974358974
FBgn0261853	95	109	204	0.465686274509804
FBgn0261854	546	590	1136	0.480633802816901
FBgn0261856	0	1	1	0
FBgn0261857	93	70	163	0.570552147239264
FBgn0261858	44	39	83	0.530120481927711
FBgn0261859	241	255	496	0.485887096774194
FBgn0261860	81	84	165	0.490909090909091
FBgn0261861	133	124	257	0.517509727626459
FBgn0261862	256	278	534	0.47940074906367
FBgn0261871	309	283	592	0.521959459459459
FBgn0261872	288	327	615	0.468292682926829
FBgn0261873	878	857	1735	0.506051873198847
FBgn0261881	56	47	103	0.543689320388349
FBgn0261885	593	665	1258	0.471383147853736
FBgn0261924	18	19	37	0.486486486486487
FBgn0261925	49	55	104	0.471153846153846
FBgn0261927	52	69	121	0.429752066115702
FBgn0261928	240	168	408	0.588235294117647
FBgn0261929	209	191	400	0.5225
FBgn0261930	210	249	459	0.457516339869281
FBgn0261931	593	555	1148	0.516550522648084
FBgn0261932	115	92	207	0.555555555555556
FBgn0261933	71	82	153	0.464052287581699
FBgn0261934	549	558	1107	0.495934959349593
FBgn0261938	376	416	792	0.474747474747475
FBgn0261952	61	63	124	0.491935483870968
FBgn0261953	94	90	184	0.510869565217391
FBgn0261954	342	375	717	0.476987447698745
FBgn0261955	172	191	363	0.473829201101928
FBgn0261963	302	310	612	0.493464052287582
FBgn0261973	0	0	0	NA
FBgn0261974	0	0	0	NA
FBgn0261975	22	23	45	0.488888888888889
FBgn0261976	79	94	173	0.456647398843931
FBgn0261983	190	169	359	0.52924791086351
FBgn0261984	302	277	579	0.521588946459413
FBgn0261985	235	225	460	0.510869565217391
FBgn0261986	203	196	399	0.508771929824561
FBgn0261987	270	303	573	0.471204188481675
FBgn0261988	173	167	340	0.508823529411765
FBgn0261989	239	230	469	0.509594882729211
FBgn0261990	51	47	98	0.520408163265306
FBgn0261991	73	62	135	0.540740740740741
FBgn0261992	76	88	164	0.463414634146341
FBgn0261993	45	38	83	0.542168674698795
FBgn0261994	33	49	82	0.402439024390244
FBgn0261995	110	90	200	0.55
FBgn0261996	60	75	135	0.444444444444444
FBgn0261997	6	7	13	0.461538461538462
FBgn0261998	220	205	425	0.517647058823529
FBgn0261999	488	492	980	0.497959183673469
FBgn0262000	252	258	510	0.494117647058824
FBgn0262001	45	50	95	0.473684210526316
FBgn0262002	208	216	424	0.490566037735849
FBgn0262003	69	155	224	0.308035714285714
FBgn0262004	90	181	271	0.33210332103321
FBgn0262005	47	67	114	0.412280701754386
FBgn0262006	64	66	130	0.492307692307692
FBgn0262007	174	166	340	0.511764705882353
FBgn0262008	114	126	240	0.475
FBgn0262009	82	74	156	0.525641025641026
FBgn0262010	56	55	111	0.504504504504504
FBgn0262017	67	91	158	0.424050632911392
FBgn0262018	553	517	1070	0.516822429906542
FBgn0262020	102	126	228	0.447368421052632
FBgn0262021	35	34	69	0.507246376811594
FBgn0262022	7	10	17	0.411764705882353
FBgn0262023	82	131	213	0.384976525821596
FBgn0262024	70	58	128	0.546875
FBgn0262025	34	52	86	0.395348837209302
FBgn0262026	0	0	0	NA
FBgn0262027	39	39	78	0.5
FBgn0262028	198	164	362	0.546961325966851
FBgn0262029	371	385	756	0.490740740740741
FBgn0262030	130	151	281	0.462633451957295
FBgn0262031	2	0	2	1
FBgn0262033	62	68	130	0.476923076923077
FBgn0262035	0	0	0	NA
FBgn0262036	57	53	110	0.518181818181818
FBgn0262057	29	24	53	0.547169811320755
FBgn0262081	236	204	440	0.536363636363636
FBgn0262097	161	137	298	0.540268456375839
FBgn0262098	57	59	116	0.491379310344828
FBgn0262099	63	53	116	0.543103448275862
FBgn0262100	61	51	112	0.544642857142857
FBgn0262101	78	104	182	0.428571428571429
FBgn0262102	60	74	134	0.447761194029851
FBgn0262103	457	435	892	0.512331838565022
FBgn0262104	0	0	0	NA
FBgn0262105	7	9	16	0.4375
FBgn0262106	142	133	275	0.516363636363636
FBgn0262107	36	26	62	0.580645161290323
FBgn0262108	69	48	117	0.58974358974359
FBgn0262109	0	0	0	NA
FBgn0262111	800	842	1642	0.48721071863581
FBgn0262112	110	89	199	0.552763819095477
FBgn0262114	225	194	419	0.536992840095465
FBgn0262115	62	65	127	0.488188976377953
FBgn0262116	62	47	109	0.568807339449541
FBgn0262117	89	90	179	0.497206703910615
FBgn0262123	4	9	13	0.307692307692308
FBgn0262124	120	102	222	0.540540540540541
FBgn0262125	35	25	60	0.583333333333333
FBgn0262126	270	277	547	0.493601462522852
FBgn0262127	276	280	556	0.496402877697842
FBgn0262139	349	353	702	0.497150997150997
FBgn0262140	46	43	89	0.51685393258427
FBgn0262141	29	47	76	0.381578947368421
FBgn0262142	20	17	37	0.540540540540541
FBgn0262143	30	24	54	0.555555555555556
FBgn0262144	49	42	91	0.538461538461538
FBgn0262146	98	79	177	0.553672316384181
FBgn0262148	136	135	271	0.501845018450184
FBgn0262149	36	49	85	0.423529411764706
FBgn0262150	132	116	248	0.532258064516129
FBgn0262160	290	334	624	0.46474358974359
FBgn0262163	75	92	167	0.449101796407186
FBgn0262166	115	122	237	0.485232067510549
FBgn0262167	321	323	644	0.498447204968944
FBgn0262169	115	119	234	0.491452991452991
FBgn0262170	58	44	102	0.568627450980392
FBgn0262172	5	2	7	0.714285714285714
FBgn0262174	0	0	0	NA
FBgn0262177	0	0	0	NA
FBgn0262178	8	5	13	0.615384615384615
FBgn0262180	0	0	0	NA
FBgn0262181	18	13	31	0.580645161290323
FBgn0262182	2	6	8	0.25
FBgn0262185	0	0	0	NA
FBgn0262187	1	1	2	0.5
FBgn0262189	0	0	0	NA
FBgn0262191	0	0	0	NA
FBgn0262194	0	0	0	NA
FBgn0262200	11	13	24	0.458333333333333
FBgn0262201	8	8	16	0.5
FBgn0262203	36	25	61	0.590163934426229
FBgn0262204	4	3	7	0.571428571428571
FBgn0262205	15	12	27	0.555555555555556
FBgn0262210	20	15	35	0.571428571428571
FBgn0262211	1	0	1	1
FBgn0262213	0	0	0	NA
FBgn0262214	0	0	0	NA
FBgn0262215	28	33	61	0.459016393442623
FBgn0262216	18	20	38	0.473684210526316
FBgn0262220	0	0	0	NA
FBgn0262222	31	28	59	0.525423728813559
FBgn0262223	8	7	15	0.533333333333333
FBgn0262227	14	13	27	0.518518518518518
FBgn0262228	0	4	4	0
FBgn0262233	0	0	0	NA
FBgn0262235	10	12	22	0.454545454545455
FBgn0262237	33	28	61	0.540983606557377
FBgn0262239	0	0	0	NA
FBgn0262243	10	6	16	0.625
FBgn0262249	0	0	0	NA
FBgn0262251	9	4	13	0.692307692307692
FBgn0262252	9	26	35	0.257142857142857
FBgn0262256	9	9	18	0.5
FBgn0262260	3	8	11	0.272727272727273
FBgn0262263	18	18	36	0.5
FBgn0262266	0	0	0	NA
FBgn0262269	7	7	14	0.5
FBgn0262272	0	0	0	NA
FBgn0262275	0	0	0	NA
FBgn0262279	1	0	1	1
FBgn0262282	2	0	2	1
FBgn0262283	0	0	0	NA
FBgn0262286	0	0	0	NA
FBgn0262290	0	0	0	NA
FBgn0262291	17	16	33	0.515151515151515
FBgn0262293	0	0	0	NA
FBgn0262297	0	1	1	0
FBgn0262300	0	0	0	NA
FBgn0262301	0	0	0	NA
FBgn0262302	0	0	0	NA
FBgn0262307	20	24	44	0.454545454545455
FBgn0262314	0	0	0	NA
FBgn0262315	12	19	31	0.387096774193548
FBgn0262316	3	3	6	0.5
FBgn0262317	5	3	8	0.625
FBgn0262319	0	0	0	NA
FBgn0262321	0	0	0	NA
FBgn0262323	0	1	1	0
FBgn0262327	41	25	66	0.621212121212121
FBgn0262330	10	9	19	0.526315789473684
FBgn0262331	5	1	6	0.833333333333333
FBgn0262332	0	0	0	NA
FBgn0262333	0	0	0	NA
FBgn0262334	0	0	0	NA
FBgn0262335	28	27	55	0.509090909090909
FBgn0262338	15	8	23	0.652173913043478
FBgn0262339	39	13	52	0.75
FBgn0262341	0	0	0	NA
FBgn0262351	69	72	141	0.48936170212766
FBgn0262352	136	144	280	0.485714285714286
FBgn0262353	34	43	77	0.441558441558442
FBgn0262354	55	47	102	0.53921568627451
FBgn0262355	69	38	107	0.644859813084112
FBgn0262356	73	60	133	0.548872180451128
FBgn0262357	79	82	161	0.490683229813665
FBgn0262358	49	54	103	0.475728155339806
FBgn0262359	71	51	122	0.581967213114754
FBgn0262360	29	39	68	0.426470588235294
FBgn0262361	53	51	104	0.509615384615385
FBgn0262362	38	45	83	0.457831325301205
FBgn0262363	50	55	105	0.476190476190476
FBgn0262364	42	33	75	0.56
FBgn0262365	62	54	116	0.53448275862069
FBgn0262366	240	249	489	0.49079754601227
FBgn0262367	0	0	0	NA
FBgn0262368	0	0	0	NA
FBgn0262369	35	26	61	0.573770491803279
FBgn0262370	11	13	24	0.458333333333333
FBgn0262371	22	17	39	0.564102564102564
FBgn0262372	0	0	0	NA
FBgn0262373	0	0	0	NA
FBgn0262374	0	0	0	NA
FBgn0262375	0	0	0	NA
FBgn0262376	3	5	8	0.375
FBgn0262377	8	11	19	0.421052631578947
FBgn0262378	0	0	0	NA
FBgn0262379	0	0	0	NA
FBgn0262380	0	0	0	NA
FBgn0262381	0	0	0	NA
FBgn0262382	0	0	0	NA
FBgn0262383	0	0	0	NA
FBgn0262384	0	0	0	NA
FBgn0262385	0	0	0	NA
FBgn0262386	2	0	2	1
FBgn0262387	8	6	14	0.571428571428571
FBgn0262388	0	0	0	NA
FBgn0262389	0	0	0	NA
FBgn0262390	22	26	48	0.458333333333333
FBgn0262391	0	0	0	NA
FBgn0262392	0	0	0	NA
FBgn0262393	0	1	1	0
FBgn0262395	8	13	21	0.380952380952381
FBgn0262396	4	9	13	0.307692307692308
FBgn0262397	0	0	0	NA
FBgn0262398	0	0	0	NA
FBgn0262400	26	16	42	0.619047619047619
FBgn0262401	34	29	63	0.53968253968254
FBgn0262402	0	0	0	NA
FBgn0262403	0	0	0	NA
FBgn0262404	0	0	0	NA
FBgn0262405	24	27	51	0.470588235294118
FBgn0262406	0	0	0	NA
FBgn0262407	5	3	8	0.625
FBgn0262408	0	0	0	NA
FBgn0262409	5	3	8	0.625
FBgn0262410	0	0	0	NA
FBgn0262411	0	0	0	NA
FBgn0262412	0	0	0	NA
FBgn0262413	9	8	17	0.529411764705882
FBgn0262414	0	0	0	NA
FBgn0262415	8	41	49	0.163265306122449
FBgn0262416	39	31	70	0.557142857142857
FBgn0262417	0	0	0	NA
FBgn0262418	0	0	0	NA
FBgn0262419	0	0	0	NA
FBgn0262420	13	13	26	0.5
FBgn0262421	0	0	0	NA
FBgn0262422	0	0	0	NA
FBgn0262424	0	0	0	NA
FBgn0262425	3	1	4	0.75
FBgn0262426	11	16	27	0.407407407407407
FBgn0262427	0	0	0	NA
FBgn0262428	0	0	0	NA
FBgn0262429	0	0	0	NA
FBgn0262430	0	0	0	NA
FBgn0262431	0	0	0	NA
FBgn0262432	0	0	0	NA
FBgn0262433	17	15	32	0.53125
FBgn0262434	14	15	29	0.482758620689655
FBgn0262435	0	0	0	NA
FBgn0262436	0	0	0	NA
FBgn0262437	37	31	68	0.544117647058823
FBgn0262438	0	0	0	NA
FBgn0262440	23	16	39	0.58974358974359
FBgn0262441	0	0	0	NA
FBgn0262442	0	0	0	NA
FBgn0262443	0	0	0	NA
FBgn0262444	0	0	0	NA
FBgn0262445	9	13	22	0.409090909090909
FBgn0262446	39	31	70	0.557142857142857
FBgn0262447	0	0	0	NA
FBgn0262448	0	0	0	NA
FBgn0262449	18	13	31	0.580645161290323
FBgn0262450	0	0	0	NA
FBgn0262451	0	0	0	NA
FBgn0262452	2	0	2	1
FBgn0262453	0	0	0	NA
FBgn0262454	0	0	0	NA
FBgn0262455	0	0	0	NA
FBgn0262456	0	0	0	NA
FBgn0262457	0	0	0	NA
FBgn0262458	13	19	32	0.40625
FBgn0262459	0	0	0	NA
FBgn0262460	3	8	11	0.272727272727273
FBgn0262461	0	0	0	NA
FBgn0262462	0	0	0	NA
FBgn0262463	0	0	0	NA
FBgn0262464	0	0	0	NA
FBgn0262467	25	33	58	0.431034482758621
FBgn0262473	314	363	677	0.463810930576071
FBgn0262475	634	752	1386	0.457431457431457
FBgn0262476	419	376	795	0.527044025157233
FBgn0262477	118	148	266	0.443609022556391
FBgn0262478	48	58	106	0.452830188679245
FBgn0262479	48	41	89	0.539325842696629
FBgn0262480	85	70	155	0.548387096774194
FBgn0262481	37	35	72	0.513888888888889
FBgn0262482	13	15	28	0.464285714285714
FBgn0262483	319	321	640	0.4984375
FBgn0262484	100	99	199	0.50251256281407
FBgn0262485	55	57	112	0.491071428571429
FBgn0262486	31	26	57	0.543859649122807
FBgn0262487	97	90	187	0.518716577540107
FBgn0262508	1117	1082	2199	0.507958162801273
FBgn0262509	579	568	1147	0.504795117698344
FBgn0262510	0	0	0	NA
FBgn0262511	323	320	643	0.502332814930016
FBgn0262512	15	16	31	0.483870967741935
FBgn0262513	28	28	56	0.5
FBgn0262514	27	28	55	0.490909090909091
FBgn0262515	123	127	250	0.492
FBgn0262516	0	0	0	NA
FBgn0262517	68	64	132	0.515151515151515
FBgn0262518	142	132	274	0.518248175182482
FBgn0262519	122	102	224	0.544642857142857
FBgn0262524	58	50	108	0.537037037037037
FBgn0262527	65	79	144	0.451388888888889
FBgn0262528	55	54	109	0.504587155963303
FBgn0262529	60	42	102	0.588235294117647
FBgn0262530	61	46	107	0.570093457943925
FBgn0262531	83	80	163	0.50920245398773
FBgn0262532	51	33	84	0.607142857142857
FBgn0262533	67	57	124	0.540322580645161
FBgn0262534	74	78	152	0.486842105263158
FBgn0262535	54	74	128	0.421875
FBgn0262536	103	109	212	0.485849056603774
FBgn0262537	57	45	102	0.558823529411765
FBgn0262538	0	0	0	NA
FBgn0262539	34	34	68	0.5
FBgn0262540	41	28	69	0.594202898550725
FBgn0262541	77	84	161	0.478260869565217
FBgn0262542	55	32	87	0.632183908045977
FBgn0262543	75	69	144	0.520833333333333
FBgn0262544	38	46	84	0.452380952380952
FBgn0262546	61	67	128	0.4765625
FBgn0262547	35	48	83	0.421686746987952
FBgn0262559	134	155	289	0.463667820069204
FBgn0262560	100	128	228	0.43859649122807
FBgn0262562	729	667	1396	0.522206303724928
FBgn0262563	36	24	60	0.6
FBgn0262564	134	109	243	0.551440329218107
FBgn0262565	24	46	70	0.342857142857143
FBgn0262566	15	9	24	0.625
FBgn0262567	12	14	26	0.461538461538462
FBgn0262568	113	88	201	0.562189054726368
FBgn0262569	18	16	34	0.529411764705882
FBgn0262570	322	346	668	0.482035928143713
FBgn0262571	53	75	128	0.4140625
FBgn0262572	68	52	120	0.566666666666667
FBgn0262574	13	19	32	0.40625
FBgn0262575	0	0	0	NA
FBgn0262576	54	51	105	0.514285714285714
FBgn0262577	38	49	87	0.436781609195402
FBgn0262579	763	796	1559	0.489416292495189
FBgn0262580	45	76	121	0.371900826446281
FBgn0262581	68	90	158	0.430379746835443
FBgn0262582	571	591	1162	0.491394148020654
FBgn0262583	86	70	156	0.551282051282051
FBgn0262587	71	80	151	0.470198675496689
FBgn0262588	79	83	162	0.487654320987654
FBgn0262592	109	96	205	0.531707317073171
FBgn0262593	838	733	1571	0.53341820496499
FBgn0262594	82	74	156	0.525641025641026
FBgn0262595	71	68	139	0.510791366906475
FBgn0262598	138	144	282	0.48936170212766
FBgn0262599	227	227	454	0.5
FBgn0262601	89	90	179	0.497206703910615
FBgn0262604	55	39	94	0.585106382978723
FBgn0262605	59	67	126	0.468253968253968
FBgn0262606	57	60	117	0.487179487179487
FBgn0262607	32	38	70	0.457142857142857
FBgn0262608	42	54	96	0.4375
FBgn0262609	25	45	70	0.357142857142857
FBgn0262610	82	75	157	0.522292993630573
FBgn0262611	34	50	84	0.404761904761905
FBgn0262612	50	51	101	0.495049504950495
FBgn0262613	59	54	113	0.52212389380531
FBgn0262614	666	681	1347	0.494432071269488
FBgn0262616	19	21	40	0.475
FBgn0262617	394	385	779	0.505776636713736
FBgn0262619	173	174	347	0.498559077809798
FBgn0262620	39	48	87	0.448275862068966
FBgn0262621	23	25	48	0.479166666666667
FBgn0262622	56	63	119	0.470588235294118
FBgn0262623	54	50	104	0.519230769230769
FBgn0262624	228	219	447	0.51006711409396
FBgn0262631	37	45	82	0.451219512195122
FBgn0262636	105	100	205	0.51219512195122
FBgn0262647	322	310	632	0.509493670886076
FBgn0262656	151	148	299	0.505016722408027
FBgn0262679	16	14	30	0.533333333333333
FBgn0262680	7	3	10	0.7
FBgn0262681	10	5	15	0.666666666666667
FBgn0262682	1	1	2	0.5
FBgn0262683	88	84	172	0.511627906976744
FBgn0262685	229	213	442	0.518099547511312
FBgn0262686	60	60	120	0.5
FBgn0262687	40	31	71	0.563380281690141
FBgn0262688	35	40	75	0.466666666666667
FBgn0262689	0	0	0	NA
FBgn0262690	74	71	145	0.510344827586207
FBgn0262699	173	166	339	0.510324483775811
FBgn0262714	228	217	445	0.512359550561798
FBgn0262716	124	103	227	0.54625550660793
FBgn0262717	277	292	569	0.486818980667838
FBgn0262719	632	606	1238	0.510500807754443
FBgn0262721	48	33	81	0.592592592592593
FBgn0262722	39	29	68	0.573529411764706
FBgn0262728	131	129	260	0.503846153846154
FBgn0262730	557	610	1167	0.477292202227935
FBgn0262731	5	14	19	0.263157894736842
FBgn0262732	56	53	109	0.513761467889908
FBgn0262733	304	295	599	0.507512520868113
FBgn0262734	255	222	477	0.534591194968553
FBgn0262736	102	89	191	0.534031413612565
FBgn0262737	388	366	754	0.514588859416446
FBgn0262738	618	650	1268	0.487381703470032
FBgn0262739	481	494	975	0.493333333333333
FBgn0262740	461	524	985	0.468020304568528
FBgn0262741	373	357	730	0.510958904109589
FBgn0262743	290	285	575	0.504347826086956
FBgn0262782	174	151	325	0.535384615384615
FBgn0262786	36	32	68	0.529411764705882
FBgn0262787	118	99	217	0.543778801843318
FBgn0262788	17	23	40	0.425
FBgn0262789	59	67	126	0.468253968253968
FBgn0262790	0	0	0	NA
FBgn0262791	0	0	0	NA
FBgn0262794	49	62	111	0.441441441441441
FBgn0262795	0	0	0	NA
FBgn0262801	44	37	81	0.54320987654321
FBgn0262806	17	29	46	0.369565217391304
FBgn0262807	0	0	0	NA
FBgn0262808	69	97	166	0.41566265060241
FBgn0262810	26	19	45	0.577777777777778
FBgn0262811	16	21	37	0.432432432432432
FBgn0262812	62	60	122	0.508196721311475
FBgn0262813	52	48	100	0.52
FBgn0262814	67	74	141	0.475177304964539
FBgn0262815	44	43	87	0.505747126436782
FBgn0262816	415	457	872	0.475917431192661
FBgn0262817	44	54	98	0.448979591836735
FBgn0262819	0	1	1	0
FBgn0262820	82	73	155	0.529032258064516
FBgn0262821	76	76	152	0.5
FBgn0262822	63	77	140	0.45
FBgn0262823	0	0	0	NA
FBgn0262824	0	0	0	NA
FBgn0262825	26	22	48	0.541666666666667
FBgn0262827	22	21	43	0.511627906976744
FBgn0262828	90	104	194	0.463917525773196
FBgn0262836	0	0	0	NA
FBgn0262837	0	0	0	NA
FBgn0262838	20	23	43	0.465116279069767
FBgn0262839	60	50	110	0.545454545454545
FBgn0262840	11	12	23	0.478260869565217
FBgn0262842	24	23	47	0.51063829787234
FBgn0262843	35	40	75	0.466666666666667
FBgn0262844	49	80	129	0.37984496124031
FBgn0262845	62	49	111	0.558558558558559
FBgn0262846	0	0	0	NA
FBgn0262847	0	0	0	NA
FBgn0262848	0	0	0	NA
FBgn0262849	0	0	0	NA
FBgn0262850	1	15	16	0.0625
FBgn0262851	0	0	0	NA
FBgn0262852	0	0	0	NA
FBgn0262853	0	0	0	NA
FBgn0262854	34	36	70	0.485714285714286
FBgn0262855	29	48	77	0.376623376623377
FBgn0262856	16	19	35	0.457142857142857
FBgn0262857	0	0	0	NA
FBgn0262858	29	29	58	0.5
FBgn0262866	249	252	501	0.497005988023952
FBgn0262867	203	249	452	0.449115044247788
FBgn0262869	458	416	874	0.524027459954233
FBgn0262870	865	816	1681	0.514574657941701
FBgn0262871	254	261	515	0.493203883495146
FBgn0262872	719	692	1411	0.509567682494685
FBgn0262873	55	56	111	0.495495495495495
FBgn0262874	70	69	139	0.503597122302158
FBgn0262875	97	102	199	0.487437185929648
FBgn0262876	124	133	257	0.482490272373541
FBgn0262877	10	20	30	0.333333333333333
FBgn0262878	66	67	133	0.496240601503759
FBgn0262879	92	103	195	0.471794871794872
FBgn0262880	81	70	151	0.536423841059603
FBgn0262881	52	53	105	0.495238095238095
FBgn0262882	52	71	123	0.422764227642276
FBgn0262883	65	39	104	0.625
FBgn0262885	16	26	42	0.380952380952381
FBgn0262886	52	53	105	0.495238095238095
FBgn0262887	44	40	84	0.523809523809524
FBgn0262888	5	2	7	0.714285714285714
FBgn0262889	113	96	209	0.54066985645933
FBgn0262890	115	105	220	0.522727272727273
FBgn0262891	79	70	149	0.530201342281879
FBgn0262892	1	0	1	1
FBgn0262893	56	34	90	0.622222222222222
FBgn0262894	50	53	103	0.485436893203884
FBgn0262895	35	33	68	0.514705882352941
FBgn0262896	38	32	70	0.542857142857143
FBgn0262897	48	63	111	0.432432432432432
FBgn0262898	96	87	183	0.524590163934426
FBgn0262899	37	30	67	0.552238805970149
FBgn0262900	77	66	143	0.538461538461538
FBgn0262901	90	93	183	0.491803278688525
FBgn0262902	33	35	68	0.485294117647059
FBgn0262903	110	126	236	0.466101694915254
FBgn0262904	92	115	207	0.444444444444444
FBgn0262905	73	68	141	0.517730496453901
FBgn0262937	0	0	0	NA
FBgn0262943	41	51	92	0.445652173913043
FBgn0262944	87	62	149	0.583892617449664
FBgn0262945	45	37	82	0.548780487804878
FBgn0262948	33	30	63	0.523809523809524
FBgn0262951	164	145	309	0.530744336569579
FBgn0262952	19943	80	20023	0.996004594716076
FBgn0262954	47	65	112	0.419642857142857
FBgn0262955	281	259	540	0.52037037037037
FBgn0262960	39	68	107	0.364485981308411
FBgn0262961	63	47	110	0.572727272727273
FBgn0262962	46	46	92	0.5
FBgn0262963	33	26	59	0.559322033898305
FBgn0262964	68	83	151	0.450331125827815
FBgn0262965	57	66	123	0.463414634146341
FBgn0262966	37	41	78	0.474358974358974
FBgn0262967	18	13	31	0.580645161290323
FBgn0262968	13	17	30	0.433333333333333
FBgn0262969	92	84	176	0.522727272727273
FBgn0262970	47	39	86	0.546511627906977
FBgn0262971	18	24	42	0.428571428571429
FBgn0262972	413	461	874	0.47254004576659
FBgn0262974	41	38	79	0.518987341772152
FBgn0262975	765	731	1496	0.511363636363636
FBgn0262976	124	142	266	0.466165413533835
FBgn0262979	50	72	122	0.409836065573771
FBgn0262980	46	43	89	0.51685393258427
FBgn0262981	46	36	82	0.560975609756098
FBgn0262982	39	19	58	0.672413793103448
FBgn0262983	84	108	192	0.4375
FBgn0262984	60	47	107	0.560747663551402
FBgn0262985	42	47	89	0.471910112359551
FBgn0262986	39	34	73	0.534246575342466
FBgn0262987	33	34	67	0.492537313432836
FBgn0262988	29	20	49	0.591836734693878
FBgn0262989	84	91	175	0.48
FBgn0262990	42	25	67	0.626865671641791
FBgn0262991	244	256	500	0.488
FBgn0262992	32	30	62	0.516129032258065
FBgn0262993	38	33	71	0.535211267605634
FBgn0262994	35	30	65	0.538461538461538
FBgn0262995	62	58	120	0.516666666666667
FBgn0262996	72	71	143	0.503496503496504
FBgn0262998	83	100	183	0.453551912568306
FBgn0262999	51	52	103	0.495145631067961
FBgn0263000	16	21	37	0.432432432432432
FBgn0263001	15	15	30	0.5
FBgn0263002	0	0	0	NA
FBgn0263004	18	15	33	0.545454545454545
FBgn0263005	293	309	602	0.48671096345515
FBgn0263006	353	339	692	0.510115606936416
FBgn0263018	0	0	0	NA
FBgn0263019	595	577	1172	0.507679180887372
FBgn0263020	99	85	184	0.53804347826087
FBgn0263021	109	84	193	0.564766839378238
FBgn0263022	25	34	59	0.423728813559322
FBgn0263023	0	0	0	NA
FBgn0263024	38	38	76	0.5
FBgn0263025	67	72	139	0.482014388489209
FBgn0263026	54	71	125	0.432
FBgn0263027	130	102	232	0.560344827586207
FBgn0263029	24	21	45	0.533333333333333
FBgn0263030	1	2	3	0.333333333333333
FBgn0263031	0	0	0	NA
FBgn0263032	0	0	0	NA
FBgn0263033	0	0	0	NA
FBgn0263034	26	53	79	0.329113924050633
FBgn0263035	23	23	46	0.5
FBgn0263036	0	0	0	NA
FBgn0263037	127	174	301	0.421926910299003
FBgn0263038	328	367	695	0.471942446043165
FBgn0263040	93	97	190	0.489473684210526
FBgn0263041	58	61	119	0.487394957983193
FBgn0263042	81	99	180	0.45
FBgn0263046	0	0	0	NA
FBgn0263047	16	11	27	0.592592592592593
FBgn0263048	234	285	519	0.450867052023121
FBgn0263049	147	164	311	0.472668810289389
FBgn0263050	0	0	0	NA
FBgn0263051	0	0	0	NA
FBgn0263072	554	593	1147	0.482999128160418
FBgn0263076	196	227	423	0.463356973995272
FBgn0263077	906	940	1846	0.490790899241603
FBgn0263078	131	127	258	0.507751937984496
FBgn0263079	220	191	411	0.535279805352798
FBgn0263080	61	48	109	0.559633027522936
FBgn0263081	37	36	73	0.506849315068493
FBgn0263082	51	59	110	0.463636363636364
FBgn0263083	38	29	67	0.567164179104478
FBgn0263084	64	66	130	0.492307692307692
FBgn0263085	56	66	122	0.459016393442623
FBgn0263086	39	35	74	0.527027027027027
FBgn0263087	4	3	7	0.571428571428571
FBgn0263088	37	41	78	0.474358974358974
FBgn0263089	91	87	178	0.51123595505618
FBgn0263090	61	50	111	0.54954954954955
FBgn0263091	56	52	108	0.518518518518518
FBgn0263092	49	35	84	0.583333333333333
FBgn0263093	0	0	0	NA
FBgn0263094	21	13	34	0.617647058823529
FBgn0263095	52	60	112	0.464285714285714
FBgn0263096	34	35	69	0.492753623188406
FBgn0263102	588	601	1189	0.494533221194281
FBgn0263106	89	82	171	0.52046783625731
FBgn0263107	0	0	0	NA
FBgn0263108	331	356	687	0.481804949053857
FBgn0263109	278	224	502	0.553784860557769
FBgn0263110	786	827	1613	0.487290762554247
FBgn0263111	1082	997	2079	0.52044252044252
FBgn0263112	103	132	235	0.438297872340426
FBgn0263113	346	310	656	0.527439024390244
FBgn0263114	22	17	39	0.564102564102564
FBgn0263116	380	364	744	0.510752688172043
FBgn0263117	307	371	678	0.452802359882006
FBgn0263118	92	74	166	0.55421686746988
FBgn0263120	247	222	469	0.526652452025586
FBgn0263121	0	0	0	NA
FBgn0263130	125	119	244	0.512295081967213
FBgn0263131	805	757	1562	0.515364916773367
FBgn0263132	1259	1239	2498	0.50400320256205
FBgn0263133	126	136	262	0.480916030534351
FBgn0263143	0	0	0	NA
FBgn0263144	157	138	295	0.532203389830509
FBgn0263197	513	496	1009	0.508424182358771
FBgn0263198	184	128	312	0.58974358974359
FBgn0263199	262	226	488	0.536885245901639
FBgn0263200	40	47	87	0.459770114942529
FBgn0263201	21	25	46	0.456521739130435
FBgn0263206	9	17	26	0.346153846153846
FBgn0263207	0	0	0	NA
FBgn0263208	0	0	0	NA
FBgn0263209	0	0	0	NA
FBgn0263210	0	0	0	NA
FBgn0263211	0	0	0	NA
FBgn0263212	0	0	0	NA
FBgn0263213	0	0	0	NA
FBgn0263214	0	0	0	NA
FBgn0263215	0	0	0	NA
FBgn0263216	56	29	85	0.658823529411765
FBgn0263217	47	34	81	0.580246913580247
FBgn0263219	789	758	1547	0.510019392372334
FBgn0263220	825	783	1608	0.513059701492537
FBgn0263231	128	117	245	0.522448979591837
FBgn0263232	83	67	150	0.553333333333333
FBgn0263233	40	59	99	0.404040404040404
FBgn0263234	104	85	189	0.55026455026455
FBgn0263235	127	165	292	0.434931506849315
FBgn0263236	455	429	884	0.514705882352941
FBgn0263237	142	104	246	0.577235772357724
FBgn0263239	200	237	437	0.45766590389016
FBgn0263240	24	34	58	0.413793103448276
FBgn0263241	170	147	317	0.536277602523659
FBgn0263246	62	81	143	0.433566433566434
FBgn0263247	58	51	109	0.532110091743119
FBgn0263248	63	55	118	0.533898305084746
FBgn0263249	0	0	0	NA
FBgn0263250	52	94	146	0.356164383561644
FBgn0263251	0	0	0	NA
FBgn0263256	373	375	748	0.498663101604278
FBgn0263257	1037	1079	2116	0.49007561436673
FBgn0263258	584	600	1184	0.493243243243243
FBgn0263260	84	68	152	0.552631578947368
FBgn0263270	70	55	125	0.56
FBgn0263271	0	0	0	NA
FBgn0263278	155	157	312	0.496794871794872
FBgn0263289	1034	1080	2114	0.489120151371807
FBgn0263290	75	97	172	0.436046511627907
FBgn0263314	101	92	193	0.523316062176166
FBgn0263316	330	313	643	0.513219284603421
FBgn0263320	74	78	152	0.486842105263158
FBgn0263321	144	117	261	0.551724137931034
FBgn0263322	23	36	59	0.389830508474576
FBgn0263323	72	45	117	0.615384615384615
FBgn0263324	43	51	94	0.457446808510638
FBgn0263325	84	100	184	0.456521739130435
FBgn0263326	37	33	70	0.528571428571429
FBgn0263327	49	34	83	0.590361445783133
FBgn0263328	27	21	48	0.5625
FBgn0263329	35	42	77	0.454545454545455
FBgn0263330	38	38	76	0.5
FBgn0263331	25	47	72	0.347222222222222
FBgn0263332	26	22	48	0.541666666666667
FBgn0263333	62	70	132	0.46969696969697
FBgn0263334	71	61	132	0.537878787878788
FBgn0263335	53	59	112	0.473214285714286
FBgn0263336	72	65	137	0.525547445255474
FBgn0263337	8	2	10	0.8
FBgn0263338	63	73	136	0.463235294117647
FBgn0263339	62	82	144	0.430555555555556
FBgn0263340	36	33	69	0.521739130434783
FBgn0263341	92	98	190	0.484210526315789
FBgn0263342	0	0	0	NA
FBgn0263343	69	66	135	0.511111111111111
FBgn0263344	0	0	0	NA
FBgn0263345	71	64	135	0.525925925925926
FBgn0263346	294	302	596	0.493288590604027
FBgn0263351	66	77	143	0.461538461538462
FBgn0263352	505	453	958	0.52713987473904
FBgn0263353	49	55	104	0.471153846153846
FBgn0263354	395	408	803	0.491905354919054
FBgn0263355	374	285	659	0.56752655538695
FBgn0263376	158	154	312	0.506410256410256
FBgn0263377	1	0	1	1
FBgn0263378	0	0	0	NA
FBgn0263379	161	166	327	0.492354740061162
FBgn0263380	72	65	137	0.525547445255474
FBgn0263381	12	12	24	0.5
FBgn0263382	71	76	147	0.482993197278912
FBgn0263383	46	48	94	0.48936170212766
FBgn0263384	24	24	48	0.5
FBgn0263385	1	0	1	1
FBgn0263386	52	51	103	0.504854368932039
FBgn0263387	0	0	0	NA
FBgn0263388	56	59	115	0.48695652173913
FBgn0263389	32	28	60	0.533333333333333
FBgn0263390	297	281	578	0.513840830449827
FBgn0263391	898	943	1841	0.487778381314503
FBgn0263392	778	809	1587	0.490233144297416
FBgn0263395	451	476	927	0.486515641855448
FBgn0263396	202	186	388	0.520618556701031
FBgn0263397	701	656	1357	0.516580692704495
FBgn0263398	134	166	300	0.446666666666667
FBgn0263399	95	79	174	0.545977011494253
FBgn0263400	118	125	243	0.48559670781893
FBgn0263401	37	39	76	0.486842105263158
FBgn0263402	86	79	165	0.521212121212121
FBgn0263403	51	54	105	0.485714285714286
FBgn0263404	22	25	47	0.468085106382979
FBgn0263405	81	69	150	0.54
FBgn0263406	94	89	183	0.513661202185792
FBgn0263407	72	80	152	0.473684210526316
FBgn0263408	66	57	123	0.536585365853659
FBgn0263409	0	0	0	NA
FBgn0263410	79	96	175	0.451428571428571
FBgn0263411	60	49	109	0.55045871559633
FBgn0263412	71	65	136	0.522058823529412
FBgn0263413	156	145	301	0.518272425249169
FBgn0263414	67	53	120	0.558333333333333
FBgn0263415	72	69	141	0.51063829787234
FBgn0263441	131	151	282	0.464539007092199
FBgn0263442	0	0	0	NA
FBgn0263443	0	0	0	NA
FBgn0263444	0	0	0	NA
FBgn0263445	0	7	7	0
FBgn0263446	6	7	13	0.461538461538462
FBgn0263447	28	20	48	0.583333333333333
FBgn0263448	0	0	0	NA
FBgn0263449	43	46	89	0.48314606741573
FBgn0263451	0	2	2	0
FBgn0263452	43	45	88	0.488636363636364
FBgn0263453	27	22	49	0.551020408163265
FBgn0263454	0	0	0	NA
FBgn0263455	0	0	0	NA
FBgn0263456	487	468	955	0.509947643979058
FBgn0263457	89	89	178	0.5
FBgn0263458	0	0	0	NA
FBgn0263459	11	18	29	0.379310344827586
FBgn0263460	0	1	1	0
FBgn0263461	21	14	35	0.6
FBgn0263462	2	1	3	0.666666666666667
FBgn0263463	23	11	34	0.676470588235294
FBgn0263464	31	24	55	0.563636363636364
FBgn0263465	0	0	0	NA
FBgn0263466	21	27	48	0.4375
FBgn0263467	0	0	0	NA
FBgn0263468	0	0	0	NA
FBgn0263469	17	17	34	0.5
FBgn0263470	1	2	3	0.333333333333333
FBgn0263471	2	2	4	0.5
FBgn0263472	1	3	4	0.25
FBgn0263473	25	21	46	0.543478260869565
FBgn0263474	0	0	0	NA
FBgn0263475	5	4	9	0.555555555555556
FBgn0263476	22	12	34	0.647058823529412
FBgn0263477	0	0	0	NA
FBgn0263478	0	0	0	NA
FBgn0263479	4	16	20	0.2
FBgn0263480	3	3	6	0.5
FBgn0263481	3	9	12	0.25
FBgn0263482	0	0	0	NA
FBgn0263483	14	11	25	0.56
FBgn0263484	0	0	0	NA
FBgn0263485	4	3	7	0.571428571428571
FBgn0263486	1	3	4	0.25
FBgn0263487	6	1	7	0.857142857142857
FBgn0263488	4	1	5	0.8
FBgn0263489	0	0	0	NA
FBgn0263490	514	460	974	0.527720739219713
FBgn0263492	153	156	309	0.495145631067961
FBgn0263493	0	0	0	NA
FBgn0263494	0	0	0	NA
FBgn0263495	62	44	106	0.584905660377358
FBgn0263496	41	38	79	0.518987341772152
FBgn0263497	28	21	49	0.571428571428571
FBgn0263498	40	45	85	0.470588235294118
FBgn0263499	30	30	60	0.5
FBgn0263500	30	41	71	0.422535211267606
FBgn0263501	69	107	176	0.392045454545455
FBgn0263502	49	68	117	0.418803418803419
FBgn0263503	83	101	184	0.451086956521739
FBgn0263504	160	216	376	0.425531914893617
FBgn0263505	38	50	88	0.431818181818182
FBgn0263506	44	34	78	0.564102564102564
FBgn0263507	47	36	83	0.566265060240964
FBgn0263509	60	56	116	0.517241379310345
FBgn0263510	82	89	171	0.47953216374269
FBgn0263511	241	241	482	0.5
FBgn0263512	234	283	517	0.452611218568665
FBgn0263513	23	44	67	0.343283582089552
FBgn0263514	8	7	15	0.533333333333333
FBgn0263515	0	0	0	NA
FBgn0263516	0	0	0	NA
FBgn0263517	0	0	0	NA
FBgn0263518	0	0	0	NA
FBgn0263519	21	10	31	0.67741935483871
FBgn0263520	6	0	6	1
FBgn0263521	23	38	61	0.377049180327869
FBgn0263522	29	28	57	0.508771929824561
FBgn0263523	7	10	17	0.411764705882353
FBgn0263525	0	0	0	NA
FBgn0263526	0	0	0	NA
FBgn0263527	0	0	0	NA
FBgn0263528	0	0	0	NA
FBgn0263529	0	0	0	NA
FBgn0263530	0	0	0	NA
FBgn0263531	18	16	34	0.529411764705882
FBgn0263532	11	12	23	0.478260869565217
FBgn0263533	0	0	0	NA
FBgn0263534	16	18	34	0.470588235294118
FBgn0263536	9	11	20	0.45
FBgn0263537	0	0	0	NA
FBgn0263538	2	8	10	0.2
FBgn0263539	16	21	37	0.432432432432432
FBgn0263541	0	0	0	NA
FBgn0263542	21	21	42	0.5
FBgn0263543	0	0	0	NA
FBgn0263544	0	0	0	NA
FBgn0263545	0	0	0	NA
FBgn0263546	9	7	16	0.5625
FBgn0263547	37	38	75	0.493333333333333
FBgn0263548	12	14	26	0.461538461538462
FBgn0263550	0	0	0	NA
FBgn0263551	0	0	0	NA
FBgn0263552	0	0	0	NA
FBgn0263553	0	0	0	NA
FBgn0263554	0	0	0	NA
FBgn0263555	1	2	3	0.333333333333333
FBgn0263556	0	0	0	NA
FBgn0263557	3	6	9	0.333333333333333
FBgn0263558	0	0	0	NA
FBgn0263559	0	0	0	NA
FBgn0263560	0	0	0	NA
FBgn0263561	18	19	37	0.486486486486487
FBgn0263562	0	0	0	NA
FBgn0263563	0	0	0	NA
FBgn0263564	0	0	0	NA
FBgn0263565	20	19	39	0.512820512820513
FBgn0263566	0	0	0	NA
FBgn0263567	0	0	0	NA
FBgn0263568	34	22	56	0.607142857142857
FBgn0263569	21	12	33	0.636363636363636
FBgn0263570	0	0	0	NA
FBgn0263571	0	0	0	NA
FBgn0263572	0	2	2	0
FBgn0263573	8	4	12	0.666666666666667
FBgn0263575	0	0	0	NA
FBgn0263576	0	0	0	NA
FBgn0263577	0	0	0	NA
FBgn0263578	0	0	0	NA
FBgn0263579	5	5	10	0.5
FBgn0263581	107	101	208	0.514423076923077
FBgn0263582	24	38	62	0.387096774193548
FBgn0263583	71	78	149	0.476510067114094
FBgn0263584	1	2	3	0.333333333333333
FBgn0263585	43	33	76	0.565789473684211
FBgn0263586	44	46	90	0.488888888888889
FBgn0263587	107	107	214	0.5
FBgn0263588	78	90	168	0.464285714285714
FBgn0263589	21	27	48	0.4375
FBgn0263590	55	34	89	0.617977528089888
FBgn0263593	215	206	421	0.510688836104513
FBgn0263594	13	17	30	0.433333333333333
FBgn0263595	129	126	255	0.505882352941176
FBgn0263596	0	6	6	0
FBgn0263597	15	10	25	0.6
FBgn0263598	215	228	443	0.485327313769752
FBgn0263599	332	415	747	0.444444444444444
FBgn0263600	179	145	324	0.552469135802469
FBgn0263601	198	188	386	0.512953367875648
FBgn0263602	143	141	284	0.503521126760563
FBgn0263603	174	206	380	0.457894736842105
FBgn0263605	136	157	293	0.464163822525597
FBgn0263606	77	76	153	0.503267973856209
FBgn0263607	208	257	465	0.447311827956989
FBgn0263608	96	90	186	0.516129032258065
FBgn0263611	29	12	41	0.707317073170732
FBgn0263612	99	92	191	0.518324607329843
FBgn0263613	49	54	103	0.475728155339806
FBgn0263615	77	67	144	0.534722222222222
FBgn0263616	23	25	48	0.479166666666667
FBgn0263617	337	321	658	0.512158054711246
FBgn0263618	117	123	240	0.4875
FBgn0263619	8	3	11	0.727272727272727
FBgn0263620	27	30	57	0.473684210526316
FBgn0263621	17	11	28	0.607142857142857
FBgn0263622	65	62	127	0.511811023622047
FBgn0263623	51	51	102	0.5
FBgn0263624	6	2	8	0.75
FBgn0263625	44	55	99	0.444444444444444
FBgn0263626	31	38	69	0.449275362318841
FBgn0263627	21	13	34	0.617647058823529
FBgn0263628	20	29	49	0.408163265306122
FBgn0263629	0	0	0	NA
FBgn0263630	0	0	0	NA
FBgn0263631	0	0	0	NA
FBgn0263632	0	0	0	NA
FBgn0263633	0	0	0	NA
FBgn0263647	96	97	193	0.49740932642487
FBgn0263648	53	57	110	0.481818181818182
FBgn0263649	142	140	282	0.50354609929078
FBgn0263650	44	75	119	0.369747899159664
FBgn0263651	103	78	181	0.569060773480663
FBgn0263652	79	59	138	0.572463768115942
FBgn0263653	33	38	71	0.464788732394366
FBgn0263654	0	0	0	NA
FBgn0263655	35	32	67	0.522388059701492
FBgn0263656	41	62	103	0.398058252427184
FBgn0263657	46	56	102	0.450980392156863
FBgn0263658	68	64	132	0.515151515151515
FBgn0263659	730	705	1435	0.508710801393728
FBgn0263660	17	22	39	0.435897435897436
FBgn0263661	79	99	178	0.443820224719101
FBgn0263662	145	111	256	0.56640625
FBgn0263663	144	163	307	0.469055374592834
FBgn0263664	48	53	101	0.475247524752475
FBgn0263665	155	147	302	0.513245033112583
FBgn0263667	217	223	440	0.493181818181818
FBgn0263697	67	63	130	0.515384615384615
FBgn0263705	956	937	1893	0.505018489170629
FBgn0263706	812	825	1637	0.49602932193036
FBgn0263707	43	53	96	0.447916666666667
FBgn0263708	107	116	223	0.479820627802691
FBgn0263709	55	57	112	0.491071428571429
FBgn0263738	134	132	266	0.503759398496241
FBgn0263740	54	25	79	0.683544303797468
FBgn0263741	59	51	110	0.536363636363636
FBgn0263742	49	42	91	0.538461538461538
FBgn0263743	107	85	192	0.557291666666667
FBgn0263744	30	40	70	0.428571428571429
FBgn0263745	187	174	361	0.518005540166205
FBgn0263746	102	94	196	0.520408163265306
FBgn0263747	335	336	671	0.499254843517139
FBgn0263748	75	88	163	0.460122699386503
FBgn0263750	23	20	43	0.534883720930233
FBgn0263755	0	0	0	NA
FBgn0263757	0	0	0	NA
FBgn0263760	74	86	160	0.4625
FBgn0263761	25	32	57	0.43859649122807
FBgn0263762	41	85	126	0.325396825396825
FBgn0263763	64	66	130	0.492307692307692
FBgn0263764	253	226	479	0.528183716075157
FBgn0263765	90	90	180	0.5
FBgn0263766	2	6	8	0.25
FBgn0263767	101	72	173	0.583815028901734
FBgn0263768	15	34	49	0.306122448979592
FBgn0263769	50	37	87	0.574712643678161
FBgn0263770	95	65	160	0.59375
FBgn0263771	49	51	100	0.49
FBgn0263772	423	453	876	0.482876712328767
FBgn0263773	159	161	320	0.496875
FBgn0263774	313	324	637	0.491365777080063
FBgn0263776	325	281	606	0.536303630363036
FBgn0263777	40	61	101	0.396039603960396
FBgn0263778	53	76	129	0.410852713178295
FBgn0263780	35	27	62	0.564516129032258
FBgn0263782	301	312	613	0.491027732463295
FBgn0263802	101	104	205	0.492682926829268
FBgn0263829	154	137	291	0.529209621993127
FBgn0263830	37	53	90	0.411111111111111
FBgn0263831	219	237	456	0.480263157894737
FBgn0263832	139	163	302	0.460264900662252
FBgn0263834	0	0	0	NA
FBgn0263835	0	0	0	NA
FBgn0263838	28	29	57	0.491228070175439
FBgn0263839	15	18	33	0.454545454545455
FBgn0263841	58	46	104	0.557692307692308
FBgn0263842	31	23	54	0.574074074074074
FBgn0263843	18	12	30	0.6
FBgn0263844	68	62	130	0.523076923076923
FBgn0263845	53	34	87	0.609195402298851
FBgn0263846	521	488	1009	0.516352824578791
FBgn0263847	0	0	0	NA
FBgn0263848	73	76	149	0.48993288590604
FBgn0263849	111	101	212	0.523584905660377
FBgn0263850	88	81	169	0.520710059171598
FBgn0263851	0	0	0	NA
FBgn0263852	42	40	82	0.51219512195122
FBgn0263855	113	161	274	0.412408759124088
FBgn0263863	79	88	167	0.473053892215569
FBgn0263864	104	101	205	0.507317073170732
FBgn0263866	90	79	169	0.532544378698225
FBgn0263867	55	54	109	0.504587155963303
FBgn0263868	35	30	65	0.538461538461538
FBgn0263869	73	78	151	0.483443708609272
FBgn0263870	12	9	21	0.571428571428571
FBgn0263871	11	9	20	0.55
FBgn0263872	78	57	135	0.577777777777778
FBgn0263873	1032	993	2025	0.50962962962963
FBgn0263874	44	43	87	0.505747126436782
FBgn0263911	23	10	33	0.696969696969697
FBgn0263916	94	99	193	0.487046632124352
FBgn0263929	511	574	1085	0.470967741935484
FBgn0263930	351	374	725	0.484137931034483
FBgn0263933	144	126	270	0.533333333333333
FBgn0263934	358	317	675	0.53037037037037
FBgn0263967	11	13	24	0.458333333333333
FBgn0263968	610	611	1221	0.4995904995905
FBgn0263970	97	92	189	0.513227513227513
FBgn0263971	33	25	58	0.568965517241379
FBgn0263973	576	589	1165	0.494420600858369
FBgn0263974	345	398	743	0.464333781965007
FBgn0263975	0	0	0	NA
FBgn0263976	0	0	0	NA
FBgn0263977	49	54	103	0.475728155339806
FBgn0263979	65	46	111	0.585585585585586
FBgn0263980	995	1026	2021	0.492330529440871
FBgn0263981	9	22	31	0.290322580645161
FBgn0263982	0	0	0	NA
FBgn0263983	0	0	0	NA
FBgn0263985	20	22	42	0.476190476190476
FBgn0263986	94	83	177	0.531073446327684
FBgn0263987	315	319	634	0.496845425867508
FBgn0263988	18	12	30	0.6
FBgn0263992	3	2	5	0.6
FBgn0263993	436	419	855	0.509941520467836
FBgn0263994	477	462	939	0.507987220447284
FBgn0263995	790	786	1576	0.501269035532995
FBgn0263996	0	0	0	NA
FBgn0263997	145	116	261	0.555555555555556
FBgn0263998	402	428	830	0.48433734939759
FBgn0263999	163	139	302	0.539735099337748
FBgn0264000	702	668	1370	0.512408759124088
FBgn0264001	692	625	1317	0.525436598329537
FBgn0264002	140	115	255	0.549019607843137
FBgn0264005	203	218	421	0.482185273159145
FBgn0264006	877	971	1848	0.4745670995671
FBgn0264075	97	92	189	0.513227513227513
FBgn0264077	118	131	249	0.473895582329317
FBgn0264078	505	518	1023	0.493646138807429
FBgn0264081	162	160	322	0.503105590062112
FBgn0264083	3	5	8	0.375
FBgn0264084	254	277	531	0.47834274952919
FBgn0264085	104	100	204	0.509803921568627
FBgn0264086	119	116	235	0.506382978723404
FBgn0264087	814	826	1640	0.496341463414634
FBgn0264089	773	722	1495	0.517056856187291
FBgn0264090	171	209	380	0.45
FBgn0264253	62	65	127	0.488188976377953
FBgn0264260	67	70	137	0.489051094890511
FBgn0264261	137	144	281	0.487544483985765
FBgn0264262	35	45	80	0.4375
FBgn0264263	27	37	64	0.421875
FBgn0264264	137	153	290	0.472413793103448
FBgn0264265	56	62	118	0.474576271186441
FBgn0264266	25	19	44	0.568181818181818
FBgn0264267	8	11	19	0.421052631578947
FBgn0264268	34	31	65	0.523076923076923
FBgn0264269	25	19	44	0.568181818181818
FBgn0264270	545	523	1068	0.510299625468165
FBgn0264271	70	67	137	0.510948905109489
FBgn0264272	373	371	744	0.501344086021505
FBgn0264273	485	506	991	0.489404641775984
FBgn0264291	44	53	97	0.45360824742268
FBgn0264294	45	55	100	0.45
FBgn0264295	47	72	119	0.394957983193277
FBgn0264296	62	66	128	0.484375
FBgn0264297	0	0	0	NA
FBgn0264298	0	0	0	NA
FBgn0264299	0	0	0	NA
FBgn0264301	0	0	0	NA
FBgn0264302	0	0	0	NA
FBgn0264303	0	0	0	NA
FBgn0264305	209	211	420	0.497619047619048
FBgn0264307	434	459	893	0.486002239641657
FBgn0264308	410	405	815	0.503067484662577
FBgn0264309	0	0	0	NA
FBgn0264310	28	5	33	0.848484848484849
FBgn0264324	420	445	865	0.485549132947977
FBgn0264325	89	76	165	0.539393939393939
FBgn0264326	510	521	1031	0.49466537342386
FBgn0264327	0	0	0	NA
FBgn0264328	16	13	29	0.551724137931034
FBgn0264329	58	37	95	0.610526315789474
FBgn0264330	39	46	85	0.458823529411765
FBgn0264336	32	33	65	0.492307692307692
FBgn0264337	30	28	58	0.517241379310345
FBgn0264338	60	59	119	0.504201680672269
FBgn0264339	619	655	1274	0.485871271585557
FBgn0264340	72	65	137	0.525547445255474
FBgn0264341	82	87	169	0.485207100591716
FBgn0264342	96	70	166	0.578313253012048
FBgn0264343	97	75	172	0.563953488372093
FBgn0264344	67	50	117	0.572649572649573
FBgn0264345	33	38	71	0.464788732394366
FBgn0264346	19	36	55	0.345454545454545
FBgn0264347	100	82	182	0.549450549450549
FBgn0264348	23	28	51	0.450980392156863
FBgn0264349	89	83	172	0.517441860465116
FBgn0264350	14	14	28	0.5
FBgn0264351	96	83	179	0.536312849162011
FBgn0264352	114	116	230	0.495652173913044
FBgn0264353	15	7	22	0.681818181818182
FBgn0264357	1066	1056	2122	0.502356267672008
FBgn0264358	61	62	123	0.495934959349593
FBgn0264359	21	20	41	0.51219512195122
FBgn0264360	0	0	0	NA
FBgn0264361	27	29	56	0.482142857142857
FBgn0264362	45	53	98	0.459183673469388
FBgn0264363	48	55	103	0.466019417475728
FBgn0264364	0	0	0	NA
FBgn0264365	25	24	49	0.510204081632653
FBgn0264366	24	25	49	0.489795918367347
FBgn0264367	26	21	47	0.553191489361702
FBgn0264368	42	20	62	0.67741935483871
FBgn0264369	67	65	132	0.507575757575758
FBgn0264370	45	42	87	0.517241379310345
FBgn0264371	192	139	331	0.580060422960725
FBgn0264372	0	0	0	NA
FBgn0264373	55	65	120	0.458333333333333
FBgn0264374	26	33	59	0.440677966101695
FBgn0264375	68	56	124	0.548387096774194
FBgn0264376	187	134	321	0.582554517133956
FBgn0264377	52	66	118	0.440677966101695
FBgn0264378	48	57	105	0.457142857142857
FBgn0264379	50	38	88	0.568181818181818
FBgn0264380	21	27	48	0.4375
FBgn0264381	34	38	72	0.472222222222222
FBgn0264382	223	245	468	0.476495726495726
FBgn0264383	39	45	84	0.464285714285714
FBgn0264384	151	147	298	0.506711409395973
FBgn0264385	167	157	324	0.515432098765432
FBgn0264386	420	444	864	0.486111111111111
FBgn0264389	26	31	57	0.456140350877193
FBgn0264390	76	74	150	0.506666666666667
FBgn0264391	21	29	50	0.42
FBgn0264392	62	68	130	0.476923076923077
FBgn0264393	42	57	99	0.424242424242424
FBgn0264394	119	138	257	0.463035019455253
FBgn0264395	17	14	31	0.548387096774194
FBgn0264426	53	53	106	0.5
FBgn0264427	0	0	0	NA
FBgn0264428	50	54	104	0.480769230769231
FBgn0264429	90	78	168	0.535714285714286
FBgn0264430	51	51	102	0.5
FBgn0264431	37	42	79	0.468354430379747
FBgn0264432	182	155	337	0.540059347181009
FBgn0264433	33	53	86	0.383720930232558
FBgn0264434	23	20	43	0.534883720930233
FBgn0264435	67	73	140	0.478571428571429
FBgn0264436	44	56	100	0.44
FBgn0264437	109	133	242	0.450413223140496
FBgn0264438	59	83	142	0.415492957746479
FBgn0264439	41	45	86	0.476744186046512
FBgn0264440	25	23	48	0.520833333333333
FBgn0264441	37	38	75	0.493333333333333
FBgn0264442	384	364	748	0.513368983957219
FBgn0264443	298	256	554	0.537906137184116
FBgn0264444	66	94	160	0.4125
FBgn0264445	4	3	7	0.571428571428571
FBgn0264446	5	0	5	1
FBgn0264447	31	28	59	0.525423728813559
FBgn0264448	24	34	58	0.413793103448276
FBgn0264449	597	552	1149	0.519582245430809
FBgn0264460	0	0	0	NA
FBgn0264462	76	97	173	0.439306358381503
FBgn0264464	0	0	0	NA
FBgn0264466	49	46	95	0.515789473684211
FBgn0264467	32	21	53	0.60377358490566
FBgn0264468	0	0	0	NA
FBgn0264469	0	0	0	NA
FBgn0264470	16	11	27	0.592592592592593
FBgn0264471	41	42	83	0.493975903614458
FBgn0264472	45	47	92	0.489130434782609
FBgn0264473	80	92	172	0.465116279069767
FBgn0264474	81	74	155	0.52258064516129
FBgn0264475	51	57	108	0.472222222222222
FBgn0264476	54	60	114	0.473684210526316
FBgn0264477	0	0	0	NA
FBgn0264478	0	0	0	NA
FBgn0264479	48	48	96	0.5
FBgn0264480	0	1	1	0
FBgn0264481	31	25	56	0.553571428571429
FBgn0264482	31	29	60	0.516666666666667
FBgn0264483	6	1	7	0.857142857142857
FBgn0264484	33	35	68	0.485294117647059
FBgn0264485	45	35	80	0.5625
FBgn0264486	227	200	427	0.531615925058548
FBgn0264487	23	26	49	0.469387755102041
FBgn0264488	297	311	608	0.488486842105263
FBgn0264489	684	677	1361	0.502571638501102
FBgn0264490	791	775	1566	0.505108556832695
FBgn0264491	359	355	714	0.502801120448179
FBgn0264492	134	153	287	0.466898954703833
FBgn0264493	202	190	392	0.51530612244898
FBgn0264494	481	448	929	0.517761033369214
FBgn0264495	158	157	315	0.501587301587302
FBgn0264496	14	22	36	0.388888888888889
FBgn0264500	0	0	0	NA
FBgn0264501	41	31	72	0.569444444444444
FBgn0264502	704	753	1457	0.48318462594372
FBgn0264503	475	498	973	0.488180883864337
FBgn0264504	0	0	0	NA
FBgn0264505	7	5	12	0.583333333333333
FBgn0264506	52	58	110	0.472727272727273
FBgn0264507	2	3	5	0.4
FBgn0264508	24	22	46	0.521739130434783
FBgn0264509	0	0	0	NA
FBgn0264510	94	113	207	0.454106280193237
FBgn0264511	62	77	139	0.446043165467626
FBgn0264512	6	10	16	0.375
FBgn0264513	273	227	500	0.546
FBgn0264514	50	52	102	0.490196078431373
FBgn0264515	64	57	121	0.528925619834711
FBgn0264516	48	59	107	0.448598130841121
FBgn0264517	53	41	94	0.563829787234043
FBgn0264518	55	53	108	0.509259259259259
FBgn0264539	18	15	33	0.545454545454545
FBgn0264540	62	65	127	0.488188976377953
FBgn0264541	66	60	126	0.523809523809524
FBgn0264542	672	740	1412	0.475920679886686
FBgn0264543	18	15	33	0.545454545454545
FBgn0264544	0	0	0	NA
FBgn0264545	0	0	0	NA
FBgn0264546	0	0	0	NA
FBgn0264547	27	28	55	0.490909090909091
FBgn0264548	48	33	81	0.592592592592593
FBgn0264549	80	63	143	0.559440559440559
FBgn0264550	39	33	72	0.541666666666667
FBgn0264551	0	0	0	NA
FBgn0264552	13	10	23	0.565217391304348
FBgn0264553	43	59	102	0.42156862745098
FBgn0264554	13	10	23	0.565217391304348
FBgn0264556	187	242	429	0.435897435897436
FBgn0264560	413	381	794	0.520151133501259
FBgn0264561	99	79	178	0.556179775280899
FBgn0264562	468	513	981	0.477064220183486
FBgn0264563	29	28	57	0.508771929824561
FBgn0264564	8	11	19	0.421052631578947
FBgn0264565	32	40	72	0.444444444444444
FBgn0264566	70	51	121	0.578512396694215
FBgn0264567	38	36	74	0.513513513513513
FBgn0264568	54	48	102	0.529411764705882
FBgn0264569	19	18	37	0.513513513513513
FBgn0264570	2	17	19	0.105263157894737
FBgn0264571	9	10	19	0.473684210526316
FBgn0264572	0	0	0	NA
FBgn0264573	42	33	75	0.56
FBgn0264574	963	966	1929	0.499222395023328
FBgn0264598	786	817	1603	0.490330630068621
FBgn0264599	126	123	249	0.506024096385542
FBgn0264600	10	7	17	0.588235294117647
FBgn0264601	32	29	61	0.524590163934426
FBgn0264602	77	81	158	0.487341772151899
FBgn0264603	52	41	93	0.559139784946237
FBgn0264604	61	75	136	0.448529411764706
FBgn0264605	0	0	0	NA
FBgn0264606	935	993	1928	0.484958506224066
FBgn0264607	75	82	157	0.477707006369427
FBgn0264616	0	0	0	NA
FBgn0264617	20	13	33	0.606060606060606
FBgn0264618	0	0	0	NA
FBgn0264672	121	134	255	0.474509803921569
FBgn0264674	67	73	140	0.478571428571429
FBgn0264675	73	56	129	0.565891472868217
FBgn0264676	140	174	314	0.445859872611465
FBgn0264677	24	33	57	0.421052631578947
FBgn0264678	83	97	180	0.461111111111111
FBgn0264679	42	37	79	0.531645569620253
FBgn0264691	141	143	284	0.496478873239437
FBgn0264693	485	495	980	0.494897959183673
FBgn0264694	26	15	41	0.634146341463415
FBgn0264695	644	591	1235	0.521457489878542
FBgn0264696	0	0	0	NA
FBgn0264697	45	51	96	0.46875
FBgn0264698	30	24	54	0.555555555555556
FBgn0264699	39	48	87	0.448275862068966
FBgn0264700	66	62	128	0.515625
FBgn0264701	54	43	97	0.556701030927835
FBgn0264702	43	42	85	0.505882352941176
FBgn0264703	81	91	172	0.47093023255814
FBgn0264704	21	30	51	0.411764705882353
FBgn0264705	88	80	168	0.523809523809524
FBgn0264706	40	41	81	0.493827160493827
FBgn0264707	536	544	1080	0.496296296296296
FBgn0264708	41	38	79	0.518987341772152
FBgn0264709	27	15	42	0.642857142857143
FBgn0264710	0	0	0	NA
FBgn0264711	160	141	301	0.53156146179402
FBgn0264712	67	73	140	0.478571428571429
FBgn0264713	9	8	17	0.529411764705882
FBgn0264714	67	54	121	0.553719008264463
FBgn0264715	77	60	137	0.562043795620438
FBgn0264716	61	30	91	0.67032967032967
FBgn0264717	18	18	36	0.5
FBgn0264719	39	59	98	0.397959183673469
FBgn0264720	13	17	30	0.433333333333333
FBgn0264721	71	81	152	0.467105263157895
FBgn0264722	64	69	133	0.481203007518797
FBgn0264723	44	44	88	0.5
FBgn0264724	50	57	107	0.467289719626168
FBgn0264725	62	74	136	0.455882352941176
FBgn0264726	62	73	135	0.459259259259259
FBgn0264727	0	0	0	NA
FBgn0264738	64	69	133	0.481203007518797
FBgn0264739	24	35	59	0.406779661016949
FBgn0264740	0	0	0	NA
FBgn0264741	0	0	0	NA
FBgn0264742	0	0	0	NA
FBgn0264743	0	0	0	NA
FBgn0264744	38	42	80	0.475
FBgn0264745	106	99	205	0.517073170731707
FBgn0264746	122	99	221	0.552036199095023
FBgn0264747	152	132	284	0.535211267605634
FBgn0264748	132	122	254	0.519685039370079
FBgn0264750	79	97	176	0.448863636363636
FBgn0264751	94	79	173	0.543352601156069
FBgn0264753	791	727	1518	0.521080368906456
FBgn0264775	98	101	199	0.492462311557789
FBgn0264776	31	42	73	0.424657534246575
FBgn0264785	133	145	278	0.47841726618705
FBgn0264786	43	51	94	0.457446808510638
FBgn0264787	28	26	54	0.518518518518518
FBgn0264788	258	274	532	0.484962406015038
FBgn0264789	9	15	24	0.375
FBgn0264790	6	3	9	0.666666666666667
FBgn0264791	0	0	0	NA
FBgn0264792	61	75	136	0.448529411764706
FBgn0264793	47	59	106	0.443396226415094
FBgn0264794	48	34	82	0.585365853658537
FBgn0264810	81	72	153	0.529411764705882
FBgn0264815	619	574	1193	0.518860016764459
FBgn0264816	168	131	299	0.561872909698997
FBgn0264817	102	102	204	0.5
FBgn0264818	56	43	99	0.565656565656566
FBgn0264819	3	0	3	1
FBgn0264820	10	15	25	0.4
FBgn0264821	96	95	191	0.50261780104712
FBgn0264822	32	28	60	0.533333333333333
FBgn0264823	8	15	23	0.347826086956522
FBgn0264824	89	97	186	0.478494623655914
FBgn0264825	83	103	186	0.446236559139785
FBgn0264826	54	53	107	0.504672897196262
FBgn0264827	0	0	0	NA
FBgn0264828	78	77	155	0.503225806451613
FBgn0264829	78	85	163	0.478527607361963
FBgn0264830	9	8	17	0.529411764705882
FBgn0264831	106	120	226	0.469026548672566
FBgn0264832	12	22	34	0.352941176470588
FBgn0264833	45	48	93	0.483870967741935
FBgn0264834	33	22	55	0.6
FBgn0264835	42	16	58	0.724137931034483
FBgn0264836	1	1	2	0.5
FBgn0264837	0	0	0	NA
FBgn0264838	57	67	124	0.459677419354839
FBgn0264839	59	55	114	0.517543859649123
FBgn0264840	73	55	128	0.5703125
FBgn0264841	1	0	1	1
FBgn0264842	100	79	179	0.558659217877095
FBgn0264843	12	13	25	0.48
FBgn0264844	11	6	17	0.647058823529412
FBgn0264845	301	249	550	0.547272727272727
FBgn0264848	57	64	121	0.471074380165289
FBgn0264855	199	192	391	0.508951406649616
FBgn0264857	339	347	686	0.494169096209913
FBgn0264862	48	50	98	0.489795918367347
FBgn0264863	4	5	9	0.444444444444444
FBgn0264864	70	51	121	0.578512396694215
FBgn0264865	37	39	76	0.486842105263158
FBgn0264866	0	0	0	NA
FBgn0264867	74	92	166	0.44578313253012
FBgn0264868	64	86	150	0.426666666666667
FBgn0264869	1	0	1	1
FBgn0264870	44	60	104	0.423076923076923
FBgn0264871	126	142	268	0.470149253731343
FBgn0264872	20	18	38	0.526315789473684
FBgn0264873	52	52	104	0.5
FBgn0264874	21	22	43	0.488372093023256
FBgn0264875	56	63	119	0.470588235294118
FBgn0264876	0	0	0	NA
FBgn0264877	40	42	82	0.48780487804878
FBgn0264878	52	52	104	0.5
FBgn0264879	41	53	94	0.436170212765957
FBgn0264880	0	0	0	NA
FBgn0264882	19	22	41	0.463414634146341
FBgn0264883	60	38	98	0.612244897959184
FBgn0264884	13	26	39	0.333333333333333
FBgn0264885	70	75	145	0.482758620689655
FBgn0264886	27	38	65	0.415384615384615
FBgn0264887	57	49	106	0.537735849056604
FBgn0264888	20	17	37	0.540540540540541
FBgn0264889	53	60	113	0.469026548672566
FBgn0264890	74	53	127	0.582677165354331
FBgn0264891	16	27	43	0.372093023255814
FBgn0264892	27	18	45	0.6
FBgn0264893	0	0	0	NA
FBgn0264894	792	832	1624	0.487684729064039
FBgn0264895	576	622	1198	0.480801335559265
FBgn0264896	6	2	8	0.75
FBgn0264897	17	19	36	0.472222222222222
FBgn0264898	55	54	109	0.504587155963303
FBgn0264899	48	48	96	0.5
FBgn0264900	31	43	74	0.418918918918919
FBgn0264901	2	2	4	0.5
FBgn0264902	19	26	45	0.422222222222222
FBgn0264903	24	26	50	0.48
FBgn0264904	6	12	18	0.333333333333333
FBgn0264905	87	72	159	0.547169811320755
FBgn0264906	0	0	0	NA
FBgn0264907	160	193	353	0.453257790368272
FBgn0264908	674	664	1338	0.503736920777279
FBgn0264909	16	16	32	0.5
FBgn0264911	87	88	175	0.497142857142857
FBgn0264912	2	1	3	0.666666666666667
FBgn0264914	27	62	89	0.303370786516854
FBgn0264915	0	0	0	NA
FBgn0264916	0	0	0	NA
FBgn0264922	38	31	69	0.550724637681159
FBgn0264939	0	0	0	NA
FBgn0264940	81	77	158	0.512658227848101
FBgn0264941	71	62	133	0.533834586466165
FBgn0264942	87	73	160	0.54375
FBgn0264943	55	51	106	0.518867924528302
FBgn0264944	43	42	85	0.505882352941176
FBgn0264945	4	3	7	0.571428571428571
FBgn0264946	0	0	0	NA
FBgn0264947	5	3	8	0.625
FBgn0264948	1	0	1	1
FBgn0264949	0	4	4	0
FBgn0264950	26	32	58	0.448275862068966
FBgn0264951	21	19	40	0.525
FBgn0264952	21	28	49	0.428571428571429
FBgn0264953	1215	1208	2423	0.501444490301279
FBgn0264954	82	92	174	0.471264367816092
FBgn0264955	0	0	0	NA
FBgn0264956	59	82	141	0.418439716312057
FBgn0264957	14	20	34	0.411764705882353
FBgn0264958	7	13	20	0.35
FBgn0264959	265	269	534	0.49625468164794
FBgn0264960	66	32	98	0.673469387755102
FBgn0264961	37	33	70	0.528571428571429
FBgn0264962	413	425	838	0.492840095465394
FBgn0264975	842	740	1582	0.532237673830594
FBgn0264978	240	237	477	0.50314465408805
FBgn0264979	180	177	357	0.504201680672269
FBgn0264980	52	49	101	0.514851485148515
FBgn0264982	29	33	62	0.467741935483871
FBgn0264983	0	0	0	NA
FBgn0264984	33	27	60	0.55
FBgn0264985	30	32	62	0.483870967741935
FBgn0264986	47	42	89	0.528089887640449
FBgn0264987	9	15	24	0.375
FBgn0264988	26	32	58	0.448275862068966
FBgn0264989	0	0	0	NA
FBgn0264990	0	0	0	NA
FBgn0264991	8	3	11	0.727272727272727
FBgn0264992	41	33	74	0.554054054054054
FBgn0264993	0	0	0	NA
FBgn0264994	74	89	163	0.45398773006135
FBgn0264995	46	44	90	0.511111111111111
FBgn0264996	0	0	0	NA
FBgn0264997	47	35	82	0.573170731707317
FBgn0264998	35	51	86	0.406976744186047
FBgn0264999	108	108	216	0.5
FBgn0265000	33	35	68	0.485294117647059
FBgn0265001	165	163	328	0.503048780487805
FBgn0265002	939	890	1829	0.513395297977037
FBgn0265003	275	291	566	0.485865724381625
FBgn0265011	251	233	484	0.518595041322314
FBgn0265017	236	243	479	0.492693110647182
FBgn0265038	0	0	0	NA
FBgn0265039	0	0	0	NA
FBgn0265040	71	75	146	0.486301369863014
FBgn0265041	49	38	87	0.563218390804598
FBgn0265042	201	207	408	0.492647058823529
FBgn0265043	2	2	4	0.5
FBgn0265044	94	75	169	0.556213017751479
FBgn0265045	2471	2545	5016	0.49262360446571
FBgn0265046	41	49	90	0.455555555555556
FBgn0265047	0	0	0	NA
FBgn0265048	281	263	544	0.516544117647059
FBgn0265049	30	30	60	0.5
FBgn0265050	24	46	70	0.342857142857143
FBgn0265051	45	39	84	0.535714285714286
FBgn0265052	224	249	473	0.473572938689218
FBgn0265053	0	0	0	NA
FBgn0265058	0	0	0	NA
FBgn0265059	85	91	176	0.482954545454545
FBgn0265060	22	38	60	0.366666666666667
FBgn0265061	18	38	56	0.321428571428571
FBgn0265062	106	90	196	0.540816326530612
FBgn0265063	43	49	92	0.467391304347826
FBgn0265064	19	17	36	0.527777777777778
FBgn0265065	66	71	137	0.481751824817518
FBgn0265066	25	20	45	0.555555555555556
FBgn0265067	131	98	229	0.572052401746725
FBgn0265068	5	3	8	0.625
FBgn0265069	36	35	71	0.507042253521127
FBgn0265070	6	11	17	0.352941176470588
FBgn0265071	5	2	7	0.714285714285714
FBgn0265072	11	9	20	0.55
FBgn0265073	48	35	83	0.578313253012048
FBgn0265074	71	35	106	0.669811320754717
FBgn0265075	5	4	9	0.555555555555556
FBgn0265076	57	60	117	0.487179487179487
FBgn0265077	103	89	192	0.536458333333333
FBgn0265078	64	55	119	0.53781512605042
FBgn0265079	183	168	351	0.521367521367521
FBgn0265080	61	70	131	0.465648854961832
FBgn0265081	9	10	19	0.473684210526316
FBgn0265082	257	244	501	0.512974051896208
FBgn0265083	0	0	0	NA
FBgn0265084	37	35	72	0.513888888888889
FBgn0265085	53	50	103	0.514563106796116
FBgn0265086	61	62	123	0.495934959349593
FBgn0265087	34	42	76	0.447368421052632
FBgn0265088	19	20	39	0.487179487179487
FBgn0265089	129	146	275	0.469090909090909
FBgn0265095	17	16	33	0.515151515151515
FBgn0265096	70	69	139	0.503597122302158
FBgn0265097	23	31	54	0.425925925925926
FBgn0265098	30	34	64	0.46875
FBgn0265099	65	69	134	0.485074626865672
FBgn0265101	23	18	41	0.560975609756098
FBgn0265102	281	249	530	0.530188679245283
FBgn0265103	17	16	33	0.515151515151515
FBgn0265104	144	133	277	0.51985559566787
FBgn0265105	60	55	115	0.521739130434783
FBgn0265106	175	181	356	0.491573033707865
FBgn0265107	11	4	15	0.733333333333333
FBgn0265137	43	39	82	0.524390243902439
FBgn0265138	116	116	232	0.5
FBgn0265139	25	21	46	0.543478260869565
FBgn0265140	182	217	399	0.456140350877193
FBgn0265141	91	81	172	0.529069767441861
FBgn0265142	15	13	28	0.535714285714286
FBgn0265143	22	19	41	0.536585365853659
FBgn0265144	12	13	25	0.48
FBgn0265145	69	65	134	0.514925373134328
FBgn0265146	62	65	127	0.488188976377953
FBgn0265147	62	68	130	0.476923076923077
FBgn0265148	12	12	24	0.5
FBgn0265149	24	21	45	0.533333333333333
FBgn0265150	0	0	0	NA
FBgn0265151	9	11	20	0.45
FBgn0265152	30	14	44	0.681818181818182
FBgn0265153	59	36	95	0.621052631578947
FBgn0265154	45	52	97	0.463917525773196
FBgn0265155	4	7	11	0.363636363636364
FBgn0265156	40	39	79	0.506329113924051
FBgn0265157	23	20	43	0.534883720930233
FBgn0265158	10	3	13	0.769230769230769
FBgn0265159	0	0	0	NA
FBgn0265160	49	61	110	0.445454545454545
FBgn0265161	70	75	145	0.482758620689655
FBgn0265162	43	54	97	0.443298969072165
FBgn0265163	44	44	88	0.5
FBgn0265164	5	1	6	0.833333333333333
FBgn0265165	13	17	30	0.433333333333333
FBgn0265166	7	2	9	0.777777777777778
FBgn0265167	56	70	126	0.444444444444444
FBgn0265168	16	15	31	0.516129032258065
FBgn0265169	0	1	1	0
FBgn0265174	74	108	182	0.406593406593407
FBgn0265176	31	25	56	0.553571428571429
FBgn0265177	17	24	41	0.414634146341463
FBgn0265178	0	0	0	NA
FBgn0265180	156	139	295	0.528813559322034
FBgn0265182	111	111	222	0.5
FBgn0265184	58	64	122	0.475409836065574
FBgn0265185	78	98	176	0.443181818181818
FBgn0265186	153	152	305	0.501639344262295
FBgn0265187	305	330	635	0.480314960629921
FBgn0265188	36	38	74	0.486486486486487
FBgn0265189	28	20	48	0.583333333333333
FBgn0265190	81	94	175	0.462857142857143
FBgn0265191	363	364	727	0.499312242090784
FBgn0265192	61	68	129	0.472868217054264
FBgn0265193	36	34	70	0.514285714285714
FBgn0265194	924	899	1823	0.506856829402084
FBgn0265196	59	35	94	0.627659574468085
FBgn0265197	51	44	95	0.536842105263158
FBgn0265198	54	47	101	0.534653465346535
FBgn0265199	26	18	44	0.590909090909091
FBgn0265200	35	50	85	0.411764705882353
FBgn0265201	10	10	20	0.5
FBgn0265202	63	52	115	0.547826086956522
FBgn0265203	32	28	60	0.533333333333333
FBgn0265204	53	51	104	0.509615384615385
FBgn0265205	20	27	47	0.425531914893617
FBgn0265252	8	4	12	0.666666666666667
FBgn0265253	16	23	39	0.41025641025641
FBgn0265254	37	38	75	0.493333333333333
FBgn0265255	40	28	68	0.588235294117647
FBgn0265256	34	48	82	0.414634146341463
FBgn0265257	69	59	128	0.5390625
FBgn0265262	88	106	194	0.45360824742268
FBgn0265263	90	98	188	0.478723404255319
FBgn0265264	299	278	577	0.518197573656846
FBgn0265265	32	40	72	0.444444444444444
FBgn0265266	40	32	72	0.555555555555556
FBgn0265267	91	75	166	0.548192771084337
FBgn0265268	163	154	317	0.514195583596215
FBgn0265269	83	85	168	0.494047619047619
FBgn0265270	110	112	222	0.495495495495495
FBgn0265271	81	80	161	0.503105590062112
FBgn0265272	77	92	169	0.455621301775148
FBgn0265274	137	135	272	0.503676470588235
FBgn0265276	178	169	347	0.512968299711816
FBgn0265295	4	3	7	0.571428571428571
FBgn0265296	941	908	1849	0.508923742563548
FBgn0265297	182	176	358	0.508379888268156
FBgn0265298	89	78	167	0.532934131736527
FBgn0265299	36	34	70	0.514285714285714
FBgn0265300	39	42	81	0.481481481481481
FBgn0265301	42	33	75	0.56
FBgn0265302	0	0	0	NA
FBgn0265303	35	39	74	0.472972972972973
FBgn0265304	18	34	52	0.346153846153846
FBgn0265305	24	40	64	0.375
FBgn0265306	46	44	90	0.511111111111111
FBgn0265307	42	58	100	0.42
FBgn0265308	31	21	52	0.596153846153846
FBgn0265309	90	88	178	0.50561797752809
FBgn0265310	23	23	46	0.5
FBgn0265311	83	101	184	0.451086956521739
FBgn0265312	6	9	15	0.4
FBgn0265313	34	43	77	0.441558441558442
FBgn0265314	14	9	23	0.608695652173913
FBgn0265315	23	39	62	0.370967741935484
FBgn0265316	146	142	288	0.506944444444444
FBgn0265317	29	27	56	0.517857142857143
FBgn0265318	17	24	41	0.414634146341463
FBgn0265338	82	83	165	0.496969696969697
FBgn0265339	24	15	39	0.615384615384615
FBgn0265340	17	12	29	0.586206896551724
FBgn0265341	46	68	114	0.403508771929825
FBgn0265342	0	0	0	NA
FBgn0265343	0	0	0	NA
FBgn0265344	35	46	81	0.432098765432099
FBgn0265345	95	99	194	0.489690721649485
FBgn0265346	4	3	7	0.571428571428571
FBgn0265347	27	24	51	0.529411764705882
FBgn0265348	87	62	149	0.583892617449664
FBgn0265349	35	30	65	0.538461538461538
FBgn0265351	32	31	63	0.507936507936508
FBgn0265356	526	586	1112	0.473021582733813
FBgn0265362	3	8	11	0.272727272727273
FBgn0265363	0	0	0	NA
FBgn0265364	90	104	194	0.463917525773196
FBgn0265365	62	47	109	0.568807339449541
FBgn0265366	44	26	70	0.628571428571429
FBgn0265367	47	37	84	0.55952380952381
FBgn0265368	74	95	169	0.437869822485207
FBgn0265369	40	50	90	0.444444444444444
FBgn0265370	43	51	94	0.457446808510638
FBgn0265371	37	44	81	0.45679012345679
FBgn0265372	84	101	185	0.454054054054054
FBgn0265373	160	189	349	0.458452722063037
FBgn0265374	41	36	77	0.532467532467532
FBgn0265375	50	67	117	0.427350427350427
FBgn0265376	69	66	135	0.511111111111111
FBgn0265377	0	0	0	NA
FBgn0265378	50	75	125	0.4
FBgn0265379	99	103	202	0.49009900990099
FBgn0265380	16	21	37	0.432432432432432
FBgn0265381	65	67	132	0.492424242424242
FBgn0265382	30	39	69	0.434782608695652
FBgn0265383	44	42	86	0.511627906976744
FBgn0265413	211	199	410	0.514634146341463
FBgn0265414	77	74	151	0.509933774834437
FBgn0265416	689	646	1335	0.516104868913858
FBgn0265417	55	38	93	0.591397849462366
FBgn0265418	12	15	27	0.444444444444444
FBgn0265419	42	28	70	0.6
FBgn0265420	12	10	22	0.545454545454545
FBgn0265421	17	14	31	0.548387096774194
FBgn0265422	45	36	81	0.555555555555556
FBgn0265423	0	0	0	NA
FBgn0265424	10	9	19	0.526315789473684
FBgn0265425	48	29	77	0.623376623376623
FBgn0265426	34	34	68	0.5
FBgn0265427	17	21	38	0.447368421052632
FBgn0265428	22	17	39	0.564102564102564
FBgn0265429	136	126	262	0.519083969465649
FBgn0265434	227	285	512	0.443359375
FBgn0265443	97	91	188	0.515957446808511
FBgn0265444	175	183	358	0.488826815642458
FBgn0265445	57	53	110	0.518181818181818
FBgn0265446	73	54	127	0.574803149606299
FBgn0265447	185	158	343	0.53935860058309
FBgn0265448	77	73	150	0.513333333333333
FBgn0265449	75	81	156	0.480769230769231
FBgn0265450	37	47	84	0.44047619047619
FBgn0265451	0	0	0	NA
FBgn0265452	28	24	52	0.538461538461538
FBgn0265453	18	17	35	0.514285714285714
FBgn0265454	14	21	35	0.4
FBgn0265455	60	52	112	0.535714285714286
FBgn0265457	97	110	207	0.468599033816425
FBgn0265458	14	19	33	0.424242424242424
FBgn0265464	147	146	293	0.501706484641638
FBgn0265467	79	67	146	0.541095890410959
FBgn0265468	47	65	112	0.419642857142857
FBgn0265469	0	0	0	NA
FBgn0265470	25	24	49	0.510204081632653
FBgn0265487	1023	948	1971	0.519025875190259
FBgn0265496	158	179	337	0.468842729970326
FBgn0265497	111	121	232	0.478448275862069
FBgn0265498	11	10	21	0.523809523809524
FBgn0265499	16	21	37	0.432432432432432
FBgn0265500	62	62	124	0.5
FBgn0265508	246	260	506	0.486166007905138
FBgn0265509	31	36	67	0.462686567164179
FBgn0265510	16	9	25	0.64
FBgn0265511	82	89	171	0.47953216374269
FBgn0265512	90	119	209	0.430622009569378
FBgn0265523	898	976	1874	0.479188900747065
FBgn0265524	0	0	0	NA
FBgn0265525	97	86	183	0.530054644808743
FBgn0265526	76	72	148	0.513513513513513
FBgn0265527	264	240	504	0.523809523809524
FBgn0265529	31	34	65	0.476923076923077
FBgn0265530	127	103	230	0.552173913043478
FBgn0265531	0	0	0	NA
FBgn0265532	10	6	16	0.625
FBgn0265533	2	0	2	1
FBgn0265534	29	45	74	0.391891891891892
FBgn0265535	37	31	68	0.544117647058823
FBgn0265536	13	15	28	0.464285714285714
FBgn0265537	71	67	138	0.514492753623188
FBgn0265538	45	43	88	0.511363636363636
FBgn0265539	41	71	112	0.366071428571429
FBgn0265540	21	12	33	0.636363636363636
FBgn0265541	29	45	74	0.391891891891892
FBgn0265542	26	40	66	0.393939393939394
FBgn0265543	38	52	90	0.422222222222222
FBgn0265544	10	9	19	0.526315789473684
FBgn0265545	24	39	63	0.380952380952381
FBgn0265546	13	21	34	0.382352941176471
FBgn0265547	84	65	149	0.563758389261745
FBgn0265548	45	40	85	0.529411764705882
FBgn0265549	33	25	58	0.568965517241379
FBgn0265550	33	35	68	0.485294117647059
FBgn0265551	72	89	161	0.447204968944099
FBgn0265574	25	25	50	0.5
FBgn0265575	227	220	447	0.507829977628635
FBgn0265576	94	95	189	0.497354497354497
FBgn0265577	20	11	31	0.645161290322581
FBgn0265578	98	155	253	0.387351778656126
FBgn0265579	14	12	26	0.538461538461538
FBgn0265580	89	90	179	0.497206703910615
FBgn0265581	19	11	30	0.633333333333333
FBgn0265582	65	58	123	0.528455284552846
FBgn0265583	0	0	0	NA
FBgn0265584	50	61	111	0.45045045045045
FBgn0265585	81	87	168	0.482142857142857
FBgn0265586	21	15	36	0.583333333333333
FBgn0265587	71	86	157	0.452229299363057
FBgn0265588	128	147	275	0.465454545454545
FBgn0265589	0	0	0	NA
FBgn0265590	10	10	20	0.5
FBgn0265591	63	58	121	0.520661157024793
FBgn0265592	53	56	109	0.486238532110092
FBgn0265593	72	81	153	0.470588235294118
FBgn0265594	25	41	66	0.378787878787879
FBgn0265595	586	534	1120	0.523214285714286
FBgn0265596	57	48	105	0.542857142857143
FBgn0265597	903	888	1791	0.504187604690117
FBgn0265598	226	236	462	0.489177489177489
FBgn0265605	124	131	255	0.486274509803922
FBgn0265606	55	48	103	0.533980582524272
FBgn0265607	0	0	0	NA
FBgn0265608	67	42	109	0.614678899082569
FBgn0265609	0	0	0	NA
FBgn0265610	51	71	122	0.418032786885246
FBgn0265611	9	17	26	0.346153846153846
FBgn0265612	77	59	136	0.566176470588235
FBgn0265613	12	15	27	0.444444444444444
FBgn0265614	84	81	165	0.509090909090909
FBgn0265623	526	499	1025	0.513170731707317
FBgn0265625	248	250	498	0.497991967871486
FBgn0265626	0	0	0	NA
FBgn0265627	0	0	0	NA
FBgn0265629	40	70	110	0.363636363636364
FBgn0265630	489	454	943	0.518557794273595
FBgn0265631	25	37	62	0.403225806451613
FBgn0265632	66	46	112	0.589285714285714
FBgn0265633	17	23	40	0.425
FBgn0265634	50	56	106	0.471698113207547
FBgn0265635	84	71	155	0.541935483870968
FBgn0265636	65	59	124	0.524193548387097
FBgn0265637	40	39	79	0.506329113924051
FBgn0265638	68	88	156	0.435897435897436
FBgn0265639	80	74	154	0.519480519480519
FBgn0265640	44	57	101	0.435643564356436
FBgn0265641	45	61	106	0.424528301886792
FBgn0265642	54	79	133	0.406015037593985
FBgn0265643	57	58	115	0.495652173913044
FBgn0265644	100	112	212	0.471698113207547
FBgn0265645	89	76	165	0.539393939393939
FBgn0265646	63	63	126	0.5
FBgn0265648	30	26	56	0.535714285714286
FBgn0265649	8	6	14	0.571428571428571
FBgn0265650	61	55	116	0.525862068965517
FBgn0265651	34	40	74	0.459459459459459
FBgn0265652	0	0	0	NA
FBgn0265653	32	31	63	0.507936507936508
FBgn0265654	55	49	104	0.528846153846154
FBgn0265655	69	86	155	0.445161290322581
FBgn0265656	45	43	88	0.511363636363636
FBgn0265657	11	10	21	0.523809523809524
FBgn0265658	42	54	96	0.4375
FBgn0265659	67	68	135	0.496296296296296
FBgn0265660	38	33	71	0.535211267605634
FBgn0265661	126	115	241	0.522821576763486
FBgn0265662	27	41	68	0.397058823529412
FBgn0265663	85	75	160	0.53125
FBgn0265664	64	69	133	0.481203007518797
FBgn0265665	88	92	180	0.488888888888889
FBgn0265666	6	3	9	0.666666666666667
FBgn0265667	32	40	72	0.444444444444444
FBgn0265668	64	80	144	0.444444444444444
FBgn0265669	53	50	103	0.514563106796116
FBgn0265670	47	38	85	0.552941176470588
FBgn0265671	49	40	89	0.550561797752809
FBgn0265672	25	42	67	0.373134328358209
FBgn0265673	8	4	12	0.666666666666667
FBgn0265674	25	16	41	0.609756097560976
FBgn0265675	54	50	104	0.519230769230769
FBgn0265676	23	19	42	0.547619047619048
FBgn0265677	1	1	2	0.5
FBgn0265678	63	36	99	0.636363636363636
FBgn0265679	72	63	135	0.533333333333333
FBgn0265680	18	29	47	0.382978723404255
FBgn0265681	69	64	133	0.518796992481203
FBgn0265682	82	76	158	0.518987341772152
FBgn0265683	31	40	71	0.436619718309859
FBgn0265684	64	33	97	0.65979381443299
FBgn0265685	56	47	103	0.543689320388349
FBgn0265686	22	49	71	0.309859154929577
FBgn0265687	103	87	190	0.542105263157895
FBgn0265688	81	71	152	0.532894736842105
FBgn0265689	37	43	80	0.4625
FBgn0265690	53	56	109	0.486238532110092
FBgn0265691	216	212	428	0.504672897196262
FBgn0265692	54	32	86	0.627906976744186
FBgn0265693	55	30	85	0.647058823529412
FBgn0265694	104	110	214	0.485981308411215
FBgn0265695	71	87	158	0.449367088607595
FBgn0265696	136	114	250	0.544
FBgn0265697	69	55	124	0.556451612903226
FBgn0265698	65	71	136	0.477941176470588
FBgn0265699	311	362	673	0.462109955423477
FBgn0265700	68	86	154	0.441558441558442
FBgn0265701	8	11	19	0.421052631578947
FBgn0265702	28	25	53	0.528301886792453
FBgn0265703	37	37	74	0.5
FBgn0265704	0	0	0	NA
FBgn0265705	10	17	27	0.37037037037037
FBgn0265706	12	31	43	0.27906976744186
FBgn0265707	14	20	34	0.411764705882353
FBgn0265708	27	25	52	0.519230769230769
FBgn0265709	13	14	27	0.481481481481481
FBgn0265710	135	101	236	0.572033898305085
FBgn0265711	33	26	59	0.559322033898305
FBgn0265712	37	37	74	0.5
FBgn0265713	94	102	196	0.479591836734694
FBgn0265714	66	57	123	0.536585365853659
FBgn0265715	17	26	43	0.395348837209302
FBgn0265716	43	43	86	0.5
FBgn0265717	67	50	117	0.572649572649573
FBgn0265718	75	111	186	0.403225806451613
FBgn0265719	168	163	331	0.507552870090634
FBgn0265720	266	236	502	0.529880478087649
FBgn0265721	38	36	74	0.513513513513513
FBgn0265722	54	44	98	0.551020408163265
FBgn0265723	80	100	180	0.444444444444444
FBgn0265724	51	46	97	0.525773195876289
FBgn0265725	23	22	45	0.511111111111111
FBgn0265726	735	815	1550	0.474193548387097
FBgn0265727	49	44	93	0.526881720430108
FBgn0265728	176	189	365	0.482191780821918
FBgn0265729	84	99	183	0.459016393442623
FBgn0265730	86	104	190	0.452631578947368
FBgn0265731	85	89	174	0.488505747126437
FBgn0265732	75	64	139	0.539568345323741
FBgn0265733	27	28	55	0.490909090909091
FBgn0265734	44	36	80	0.55
FBgn0265735	26	24	50	0.52
FBgn0265736	70	55	125	0.56
FBgn0265737	61	56	117	0.521367521367521
FBgn0265738	72	73	145	0.496551724137931
FBgn0265739	52	46	98	0.530612244897959
FBgn0265740	79	85	164	0.481707317073171
FBgn0265741	77	99	176	0.4375
FBgn0265742	32	41	73	0.438356164383562
FBgn0265743	57	60	117	0.487179487179487
FBgn0265744	59	54	113	0.52212389380531
FBgn0265745	55	58	113	0.486725663716814
FBgn0265746	92	111	203	0.45320197044335
FBgn0265747	32	35	67	0.477611940298507
FBgn0265748	55	54	109	0.504587155963303
FBgn0265749	47	39	86	0.546511627906977
FBgn0265750	0	1	1	0
FBgn0265751	42	61	103	0.407766990291262
FBgn0265752	34	55	89	0.382022471910112
FBgn0265753	70	70	140	0.5
FBgn0265754	29	39	68	0.426470588235294
FBgn0265755	45	48	93	0.483870967741935
FBgn0265756	29	26	55	0.527272727272727
FBgn0265757	51	52	103	0.495145631067961
FBgn0265758	13	10	23	0.565217391304348
FBgn0265759	88	92	180	0.488888888888889
FBgn0265760	4	0	4	1
FBgn0265761	56	65	121	0.462809917355372
FBgn0265762	62	64	126	0.492063492063492
FBgn0265763	26	28	54	0.481481481481481
FBgn0265764	47	26	73	0.643835616438356
FBgn0265765	131	129	260	0.503846153846154
FBgn0265766	111	104	215	0.516279069767442
FBgn0265767	98	117	215	0.455813953488372
FBgn0265778	413	439	852	0.484741784037559
FBgn0265784	316	258	574	0.550522648083624
FBgn0265785	67	44	111	0.603603603603604
FBgn0265786	82	80	162	0.506172839506173
FBgn0265787	52	59	111	0.468468468468468
FBgn0265788	113	88	201	0.562189054726368
FBgn0265789	32	36	68	0.470588235294118
FBgn0265790	56	46	102	0.549019607843137
FBgn0265791	40	43	83	0.481927710843373
FBgn0265792	91	87	178	0.51123595505618
FBgn0265793	70	65	135	0.518518518518518
FBgn0265794	27	38	65	0.415384615384615
FBgn0265795	50	36	86	0.581395348837209
FBgn0265796	16	10	26	0.615384615384615
FBgn0265797	36	34	70	0.514285714285714
FBgn0265798	135	134	269	0.50185873605948
FBgn0265799	35	26	61	0.573770491803279
FBgn0265800	6	17	23	0.260869565217391
FBgn0265801	55	49	104	0.528846153846154
FBgn0265802	94	79	173	0.543352601156069
FBgn0265803	45	47	92	0.489130434782609
FBgn0265804	133	124	257	0.517509727626459
FBgn0265805	31	23	54	0.574074074074074
FBgn0265806	42	50	92	0.456521739130435
FBgn0265807	72	66	138	0.521739130434783
FBgn0265808	25	14	39	0.641025641025641
FBgn0265809	46	38	84	0.547619047619048
FBgn0265810	0	1	1	0
FBgn0265811	34	40	74	0.459459459459459
FBgn0265812	71	67	138	0.514492753623188
FBgn0265813	232	242	474	0.489451476793249
FBgn0265814	538	498	1036	0.519305019305019
FBgn0265815	15	29	44	0.340909090909091
FBgn0265816	33	39	72	0.458333333333333
FBgn0265817	52	89	141	0.368794326241135
FBgn0265818	30	40	70	0.428571428571429
FBgn0265819	76	60	136	0.558823529411765
FBgn0265820	80	63	143	0.559440559440559
FBgn0265821	65	64	129	0.503875968992248
FBgn0265822	38	27	65	0.584615384615385
FBgn0265823	260	232	492	0.528455284552846
FBgn0265824	39	40	79	0.493670886075949
FBgn0265825	60	49	109	0.55045871559633
FBgn0265826	55	44	99	0.555555555555556
FBgn0265827	31	40	71	0.436619718309859
FBgn0265828	68	45	113	0.601769911504425
FBgn0265829	70	70	140	0.5
FBgn0265830	91	105	196	0.464285714285714
FBgn0265831	54	61	115	0.469565217391304
FBgn0265832	72	85	157	0.45859872611465
FBgn0265833	78	57	135	0.577777777777778
FBgn0265834	54	70	124	0.435483870967742
FBgn0265835	44	41	85	0.517647058823529
FBgn0265836	55	57	112	0.491071428571429
FBgn0265837	30	17	47	0.638297872340426
FBgn0265838	60	34	94	0.638297872340426
FBgn0265839	37	38	75	0.493333333333333
FBgn0265840	37	37	74	0.5
FBgn0265841	38	51	89	0.426966292134831
FBgn0265842	70	70	140	0.5
FBgn0265843	69	63	132	0.522727272727273
FBgn0265844	69	88	157	0.439490445859873
FBgn0265845	14	17	31	0.451612903225806
FBgn0265846	30	34	64	0.46875
FBgn0265847	45	45	90	0.5
FBgn0265849	39	33	72	0.541666666666667
FBgn0265850	49	59	108	0.453703703703704
FBgn0265851	39	47	86	0.453488372093023
FBgn0265852	44	65	109	0.403669724770642
FBgn0265853	42	37	79	0.531645569620253
FBgn0265854	91	96	187	0.486631016042781
FBgn0265855	23	20	43	0.534883720930233
FBgn0265856	47	22	69	0.681159420289855
FBgn0265857	3	4	7	0.428571428571429
FBgn0265858	49	43	92	0.532608695652174
FBgn0265859	46	39	85	0.541176470588235
FBgn0265860	13	14	27	0.481481481481481
FBgn0265861	41	28	69	0.594202898550725
FBgn0265862	79	83	162	0.487654320987654
FBgn0265863	67	61	128	0.5234375
FBgn0265864	0	0	0	NA
FBgn0265865	81	72	153	0.529411764705882
FBgn0265866	53	51	104	0.509615384615385
FBgn0265868	160	160	320	0.5
FBgn0265869	45	33	78	0.576923076923077
FBgn0265870	68	61	129	0.527131782945736
FBgn0265871	59	69	128	0.4609375
FBgn0265872	0	0	0	NA
FBgn0265873	200	190	390	0.512820512820513
FBgn0265874	47	38	85	0.552941176470588
FBgn0265875	47	41	88	0.534090909090909
FBgn0265876	108	131	239	0.451882845188285
FBgn0265877	149	104	253	0.588932806324111
FBgn0265878	107	111	218	0.490825688073394
FBgn0265879	50	55	105	0.476190476190476
FBgn0265880	54	53	107	0.504672897196262
FBgn0265881	44	62	106	0.415094339622642
FBgn0265882	26	52	78	0.333333333333333
FBgn0265883	47	48	95	0.494736842105263
FBgn0265884	28	43	71	0.394366197183099
FBgn0265885	45	47	92	0.489130434782609
FBgn0265886	51	50	101	0.504950495049505
FBgn0265887	15	13	28	0.535714285714286
FBgn0265888	39	20	59	0.661016949152542
FBgn0265889	33	30	63	0.523809523809524
FBgn0265890	59	47	106	0.556603773584906
FBgn0265891	0	0	0	NA
FBgn0265892	0	0	0	NA
FBgn0265893	24	18	42	0.571428571428571
FBgn0265894	0	0	0	NA
FBgn0265895	0	0	0	NA
FBgn0265896	20	15	35	0.571428571428571
FBgn0265897	41	41	82	0.5
FBgn0265898	30	16	46	0.652173913043478
FBgn0265899	23	11	34	0.676470588235294
FBgn0265900	5	6	11	0.454545454545455
FBgn0265901	0	0	0	NA
FBgn0265902	63	59	122	0.516393442622951
FBgn0265903	48	28	76	0.631578947368421
FBgn0265904	15	23	38	0.394736842105263
FBgn0265905	12	6	18	0.666666666666667
FBgn0265906	37	31	68	0.544117647058823
FBgn0265907	11	23	34	0.323529411764706
FBgn0265908	36	51	87	0.413793103448276
FBgn0265909	53	54	107	0.495327102803738
FBgn0265910	42	45	87	0.482758620689655
FBgn0265911	52	50	102	0.509803921568627
FBgn0265912	48	48	96	0.5
FBgn0265913	42	63	105	0.4
FBgn0265914	20	18	38	0.526315789473684
FBgn0265915	23	31	54	0.425925925925926
FBgn0265916	18	17	35	0.514285714285714
FBgn0265917	63	55	118	0.533898305084746
FBgn0265918	61	76	137	0.445255474452555
FBgn0265919	77	67	144	0.534722222222222
FBgn0265920	69	95	164	0.420731707317073
FBgn0265921	76	72	148	0.513513513513513
FBgn0265922	72	77	149	0.483221476510067
FBgn0265923	93	74	167	0.55688622754491
FBgn0265924	0	0	0	NA
FBgn0265925	0	0	0	NA
FBgn0265926	19	20	39	0.487179487179487
FBgn0265927	0	0	0	NA
FBgn0265928	129	166	295	0.43728813559322
FBgn0265929	69	55	124	0.556451612903226
FBgn0265930	0	0	0	NA
FBgn0265931	75	66	141	0.531914893617021
FBgn0265932	15	24	39	0.384615384615385
FBgn0265933	0	0	0	NA
FBgn0265934	53	30	83	0.63855421686747
FBgn0265935	186	167	353	0.526912181303116
FBgn0265937	0	0	0	NA
FBgn0265938	72	56	128	0.5625
FBgn0265939	82	56	138	0.594202898550725
FBgn0265940	30	33	63	0.476190476190476
FBgn0265941	126	112	238	0.529411764705882
FBgn0265942	64	69	133	0.481203007518797
FBgn0265943	39	38	77	0.506493506493506
FBgn0265944	30	22	52	0.576923076923077
FBgn0265945	125	105	230	0.543478260869565
FBgn0265946	16	24	40	0.4
FBgn0265947	44	42	86	0.511627906976744
FBgn0265948	36	38	74	0.486486486486487
FBgn0265949	46	43	89	0.51685393258427
FBgn0265950	179	172	351	0.50997150997151
FBgn0265951	36	34	70	0.514285714285714
FBgn0265952	92	105	197	0.467005076142132
FBgn0265953	11	19	30	0.366666666666667
FBgn0265954	27	26	53	0.509433962264151
FBgn0265955	0	0	0	NA
FBgn0265956	63	61	124	0.508064516129032
FBgn0265957	68	68	136	0.5
FBgn0265958	99	90	189	0.523809523809524
FBgn0265959	91	88	179	0.508379888268156
FBgn0265960	22	24	46	0.478260869565217
FBgn0265961	61	73	134	0.455223880597015
FBgn0265962	29	32	61	0.475409836065574
FBgn0265963	99	84	183	0.540983606557377
FBgn0265964	30	25	55	0.545454545454545
FBgn0265965	0	1	1	0
FBgn0265966	34	41	75	0.453333333333333
FBgn0265967	398	352	750	0.530666666666667
FBgn0265968	0	0	0	NA
FBgn0265974	552	579	1131	0.488063660477454
FBgn0265976	48	74	122	0.39344262295082
FBgn0265977	137	147	284	0.482394366197183
FBgn0265978	54	65	119	0.453781512605042
FBgn0265979	58	50	108	0.537037037037037
FBgn0265980	98	140	238	0.411764705882353
FBgn0265981	46	29	75	0.613333333333333
FBgn0265982	22	27	49	0.448979591836735
FBgn0265983	21	30	51	0.411764705882353
FBgn0265984	27	27	54	0.5
FBgn0265985	83	75	158	0.525316455696203
FBgn0265986	49	64	113	0.433628318584071
FBgn0265987	21	16	37	0.567567567567568
FBgn0265988	1025	954	1979	0.517938352703386
FBgn0265991	859	783	1642	0.523142509135201
FBgn0265992	70	72	142	0.492957746478873
FBgn0265993	48	51	99	0.484848484848485
FBgn0265994	36	20	56	0.642857142857143
FBgn0265995	69	55	124	0.556451612903226
FBgn0265996	58	55	113	0.513274336283186
FBgn0265997	21	18	39	0.538461538461538
FBgn0265998	920	923	1843	0.499186109603907
FBgn0265999	9	21	30	0.3
FBgn0266000	188	213	401	0.468827930174564
FBgn0266001	91	109	200	0.455
FBgn0266002	44	56	100	0.44
FBgn0266003	137	144	281	0.487544483985765
FBgn0266004	92	78	170	0.541176470588235
FBgn0266005	284	244	528	0.537878787878788
FBgn0266007	29	25	54	0.537037037037037
FBgn0266008	65	63	128	0.5078125
FBgn0266009	93	93	186	0.5
FBgn0266010	51	58	109	0.467889908256881
FBgn0266011	37	38	75	0.493333333333333
FBgn0266019	770	818	1588	0.484886649874055
FBgn0266020	36	24	60	0.6
FBgn0266021	103	106	209	0.492822966507177
FBgn0266022	33	23	56	0.589285714285714
FBgn0266023	29	23	52	0.557692307692308
FBgn0266024	55	86	141	0.390070921985816
FBgn0266025	79	106	185	0.427027027027027
FBgn0266026	52	38	90	0.577777777777778
FBgn0266027	73	71	144	0.506944444444444
FBgn0266028	12	6	18	0.666666666666667
FBgn0266029	49	38	87	0.563218390804598
FBgn0266030	46	77	123	0.373983739837398
FBgn0266031	21	12	33	0.636363636363636
FBgn0266032	40	24	64	0.625
FBgn0266033	7	9	16	0.4375
FBgn0266034	69	67	136	0.507352941176471
FBgn0266035	54	59	113	0.47787610619469
FBgn0266036	240	238	478	0.502092050209205
FBgn0266037	48	48	96	0.5
FBgn0266038	13	10	23	0.565217391304348
FBgn0266039	13	11	24	0.541666666666667
FBgn0266040	41	38	79	0.518987341772152
FBgn0266041	21	12	33	0.636363636363636
FBgn0266042	46	34	80	0.575
FBgn0266043	33	34	67	0.492537313432836
FBgn0266044	18	19	37	0.486486486486487
FBgn0266045	144	134	278	0.517985611510791
FBgn0266046	59	79	138	0.427536231884058
FBgn0266047	15	13	28	0.535714285714286
FBgn0266048	28	20	48	0.583333333333333
FBgn0266049	23	19	42	0.547619047619048
FBgn0266050	41	45	86	0.476744186046512
FBgn0266051	0	0	0	NA
FBgn0266052	14	23	37	0.378378378378378
FBgn0266053	8	9	17	0.470588235294118
FBgn0266064	161	168	329	0.48936170212766
FBgn0266065	0	0	0	NA
FBgn0266066	9	11	20	0.45
FBgn0266067	0	0	0	NA
FBgn0266068	47	51	98	0.479591836734694
FBgn0266069	45	47	92	0.489130434782609
FBgn0266070	39	33	72	0.541666666666667
FBgn0266071	20	27	47	0.425531914893617
FBgn0266072	2	1	3	0.666666666666667
FBgn0266073	55	60	115	0.478260869565217
FBgn0266074	100	87	187	0.53475935828877
FBgn0266076	0	0	0	NA
FBgn0266083	407	379	786	0.517811704834606
FBgn0266084	1381	1529	2910	0.474570446735395
FBgn0266086	0	0	0	NA
FBgn0266087	22	16	38	0.578947368421053
FBgn0266088	22	19	41	0.536585365853659
FBgn0266094	38	36	74	0.513513513513513
FBgn0266095	37	38	75	0.493333333333333
FBgn0266096	85	76	161	0.527950310559006
FBgn0266097	68	51	119	0.571428571428571
FBgn0266098	105	94	199	0.527638190954774
FBgn0266099	294	281	575	0.511304347826087
FBgn0266100	516	489	1005	0.513432835820895
FBgn0266101	344	355	699	0.492131616595136
FBgn0266102	0	0	0	NA
FBgn0266111	301	300	601	0.500831946755408
FBgn0266114	0	0	0	NA
FBgn0266115	89	78	167	0.532934131736527
FBgn0266116	139	130	269	0.516728624535316
FBgn0266117	0	0	0	NA
FBgn0266124	43	31	74	0.581081081081081
FBgn0266129	272	264	536	0.507462686567164
FBgn0266136	0	11	11	0
FBgn0266137	541	503	1044	0.518199233716475
FBgn0266138	16	26	42	0.380952380952381
FBgn0266139	32	40	72	0.444444444444444
FBgn0266140	123	113	236	0.521186440677966
FBgn0266141	0	0	0	NA
FBgn0266142	66	84	150	0.44
FBgn0266143	10	9	19	0.526315789473684
FBgn0266144	0	5	5	0
FBgn0266145	84	81	165	0.509090909090909
FBgn0266146	63	60	123	0.51219512195122
FBgn0266147	41	48	89	0.460674157303371
FBgn0266148	41	44	85	0.482352941176471
FBgn0266149	38	43	81	0.469135802469136
FBgn0266150	69	67	136	0.507352941176471
FBgn0266151	35	41	76	0.460526315789474
FBgn0266152	51	39	90	0.566666666666667
FBgn0266153	48	46	94	0.51063829787234
FBgn0266154	40	35	75	0.533333333333333
FBgn0266155	57	33	90	0.633333333333333
FBgn0266156	74	66	140	0.528571428571429
FBgn0266157	45	56	101	0.445544554455446
FBgn0266158	74	59	133	0.556390977443609
FBgn0266159	0	0	0	NA
FBgn0266160	10	5	15	0.666666666666667
FBgn0266161	21	16	37	0.567567567567568
FBgn0266162	4	0	4	1
FBgn0266163	18	20	38	0.473684210526316
FBgn0266164	16	18	34	0.470588235294118
FBgn0266165	47	52	99	0.474747474747475
FBgn0266166	0	0	0	NA
FBgn0266167	28	38	66	0.424242424242424
FBgn0266168	80	82	162	0.493827160493827
FBgn0266169	58	51	109	0.532110091743119
FBgn0266170	0	0	0	NA
FBgn0266171	0	0	0	NA
FBgn0266172	7	4	11	0.636363636363636
FBgn0266173	0	0	0	NA
FBgn0266174	0	0	0	NA
FBgn0266175	0	0	0	NA
FBgn0266176	0	0	0	NA
FBgn0266177	0	0	0	NA
FBgn0266178	8	5	13	0.615384615384615
FBgn0266179	84	74	158	0.531645569620253
FBgn0266180	49	41	90	0.544444444444444
FBgn0266181	0	0	0	NA
FBgn0266182	46	39	85	0.541176470588235
FBgn0266183	15	22	37	0.405405405405405
FBgn0266186	18	15	33	0.545454545454545
FBgn0266195	0	0	0	NA
FBgn0266196	0	0	0	NA
FBgn0266197	78	79	157	0.496815286624204
FBgn0266198	40	33	73	0.547945205479452
FBgn0266199	25	37	62	0.403225806451613
FBgn0266200	95	65	160	0.59375
FBgn0266201	0	0	0	NA
FBgn0266202	5	6	11	0.454545454545455
FBgn0266203	0	0	0	NA
FBgn0266204	55	46	101	0.544554455445545
FBgn0266205	59	60	119	0.495798319327731
FBgn0266206	97	79	176	0.551136363636364
FBgn0266207	36	37	73	0.493150684931507
FBgn0266208	54	46	100	0.54
FBgn0266209	26	42	68	0.382352941176471
FBgn0266210	54	54	108	0.5
FBgn0266211	122	134	256	0.4765625
FBgn0266212	24	23	47	0.51063829787234
FBgn0266213	27	40	67	0.402985074626866
FBgn0266214	163	144	307	0.530944625407166
FBgn0266215	0	0	0	NA
FBgn0266216	46	39	85	0.541176470588235
FBgn0266217	105	101	206	0.509708737864078
FBgn0266218	39	33	72	0.541666666666667
FBgn0266219	42	61	103	0.407766990291262
FBgn0266220	75	78	153	0.490196078431373
FBgn0266221	65	69	134	0.485074626865672
FBgn0266222	166	178	344	0.482558139534884
FBgn0266223	97	90	187	0.518716577540107
FBgn0266224	17	10	27	0.62962962962963
FBgn0266225	17	13	30	0.566666666666667
FBgn0266226	16	16	32	0.5
FBgn0266227	20	11	31	0.645161290322581
FBgn0266228	18	21	39	0.461538461538462
FBgn0266229	5	6	11	0.454545454545455
FBgn0266230	13	19	32	0.40625
FBgn0266231	38	37	75	0.506666666666667
FBgn0266232	40	37	77	0.519480519480519
FBgn0266233	14	14	28	0.5
FBgn0266234	4	6	10	0.4
FBgn0266235	53	72	125	0.424
FBgn0266236	35	28	63	0.555555555555556
FBgn0266237	24	31	55	0.436363636363636
FBgn0266238	75	76	151	0.496688741721854
FBgn0266239	22	21	43	0.511627906976744
FBgn0266240	54	53	107	0.504672897196262
FBgn0266241	49	62	111	0.441441441441441
FBgn0266242	34	36	70	0.485714285714286
FBgn0266243	10	36	46	0.217391304347826
FBgn0266244	37	40	77	0.480519480519481
FBgn0266245	81	97	178	0.455056179775281
FBgn0266246	95	98	193	0.492227979274611
FBgn0266247	51	41	92	0.554347826086957
FBgn0266248	70	69	139	0.503597122302158
FBgn0266249	77	83	160	0.48125
FBgn0266250	65	81	146	0.445205479452055
FBgn0266251	180	186	366	0.491803278688525
FBgn0266252	107	135	242	0.442148760330579
FBgn0266253	29	27	56	0.517857142857143
FBgn0266254	110	115	225	0.488888888888889
FBgn0266255	78	109	187	0.417112299465241
FBgn0266256	106	102	208	0.509615384615385
FBgn0266257	79	73	152	0.519736842105263
FBgn0266258	122	91	213	0.572769953051643
FBgn0266259	121	114	235	0.514893617021277
FBgn0266260	166	179	345	0.481159420289855
FBgn0266261	69	55	124	0.556451612903226
FBgn0266262	54	48	102	0.529411764705882
FBgn0266263	0	0	0	NA
FBgn0266264	1	0	1	1
FBgn0266268	86	70	156	0.551282051282051
FBgn0266275	22	26	48	0.458333333333333
FBgn0266276	0	1	1	0
FBgn0266277	7	5	12	0.583333333333333
FBgn0266278	31	55	86	0.36046511627907
FBgn0266279	51	72	123	0.414634146341463
FBgn0266280	13	15	28	0.464285714285714
FBgn0266281	72	68	140	0.514285714285714
FBgn0266282	196	169	365	0.536986301369863
FBgn0266284	97	62	159	0.610062893081761
FBgn0266302	47	29	76	0.618421052631579
FBgn0266303	12	24	36	0.333333333333333
FBgn0266304	0	0	0	NA
FBgn0266305	57	57	114	0.5
FBgn0266306	33	50	83	0.397590361445783
FBgn0266307	0	0	0	NA
FBgn0266308	49	41	90	0.544444444444444
FBgn0266309	1	1	2	0.5
FBgn0266310	6	13	19	0.315789473684211
FBgn0266311	0	0	0	NA
FBgn0266312	33	56	89	0.370786516853933
FBgn0266313	96	101	197	0.487309644670051
FBgn0266314	20	22	42	0.476190476190476
FBgn0266315	76	72	148	0.513513513513513
FBgn0266316	61	54	115	0.530434782608696
FBgn0266317	0	0	0	NA
FBgn0266318	19	15	34	0.558823529411765
FBgn0266319	106	88	194	0.54639175257732
FBgn0266320	9	4	13	0.692307692307692
FBgn0266321	0	0	0	NA
FBgn0266322	1	0	1	1
FBgn0266323	19	14	33	0.575757575757576
FBgn0266324	0	0	0	NA
FBgn0266325	0	0	0	NA
FBgn0266326	5	5	10	0.5
FBgn0266327	134	144	278	0.482014388489209
FBgn0266328	18	25	43	0.418604651162791
FBgn0266329	59	63	122	0.483606557377049
FBgn0266330	0	0	0	NA
FBgn0266331	0	0	0	NA
FBgn0266346	332	300	632	0.525316455696203
FBgn0266347	278	240	518	0.536679536679537
FBgn0266348	116	112	228	0.508771929824561
FBgn0266349	13	9	22	0.590909090909091
FBgn0266350	37	46	83	0.44578313253012
FBgn0266351	0	0	0	NA
FBgn0266352	0	0	0	NA
FBgn0266354	630	622	1252	0.503194888178914
FBgn0266355	69	77	146	0.472602739726027
FBgn0266356	242	250	492	0.491869918699187
FBgn0266357	37	26	63	0.587301587301587
FBgn0266358	43	38	81	0.530864197530864
FBgn0266359	0	0	0	NA
FBgn0266360	9	7	16	0.5625
FBgn0266361	16	15	31	0.516129032258065
FBgn0266362	0	0	0	NA
FBgn0266363	16	18	34	0.470588235294118
FBgn0266364	22	21	43	0.511627906976744
FBgn0266365	0	0	0	NA
FBgn0266366	21	23	44	0.477272727272727
FBgn0266369	187	201	388	0.481958762886598
FBgn0266371	0	0	0	NA
FBgn0266372	5	2	7	0.714285714285714
FBgn0266376	170	229	399	0.426065162907268
FBgn0266377	693	695	1388	0.499279538904899
FBgn0266378	74	55	129	0.573643410852713
FBgn0266379	27	45	72	0.375
FBgn0266380	47	57	104	0.451923076923077
FBgn0266381	83	91	174	0.477011494252874
FBgn0266382	42	47	89	0.471910112359551
FBgn0266383	72	91	163	0.441717791411043
FBgn0266384	0	0	0	NA
FBgn0266388	11	12	23	0.478260869565217
FBgn0266389	4	7	11	0.363636363636364
FBgn0266390	86	60	146	0.589041095890411
FBgn0266391	0	0	0	NA
FBgn0266392	59	85	144	0.409722222222222
FBgn0266393	0	0	0	NA
FBgn0266394	22	20	42	0.523809523809524
FBgn0266395	23	19	42	0.547619047619048
FBgn0266396	69	85	154	0.448051948051948
FBgn0266397	47	46	93	0.505376344086022
FBgn0266398	13	7	20	0.65
FBgn0266399	23	21	44	0.522727272727273
FBgn0266400	0	0	0	NA
FBgn0266401	0	0	0	NA
FBgn0266402	0	0	0	NA
FBgn0266403	56	74	130	0.430769230769231
FBgn0266404	1	2	3	0.333333333333333
FBgn0266405	51	59	110	0.463636363636364
FBgn0266406	0	0	0	NA
FBgn0266407	37	30	67	0.552238805970149
FBgn0266408	109	112	221	0.493212669683258
FBgn0266409	86	59	145	0.593103448275862
FBgn0266410	218	245	463	0.470842332613391
FBgn0266411	565	584	1149	0.491731940818103
FBgn0266412	42	34	76	0.552631578947368
FBgn0266413	0	0	0	NA
FBgn0266414	59	38	97	0.608247422680412
FBgn0266415	41	45	86	0.476744186046512
FBgn0266416	3	5	8	0.375
FBgn0266417	152	141	293	0.51877133105802
FBgn0266418	666	634	1300	0.512307692307692
FBgn0266419	61	72	133	0.458646616541353
FBgn0266420	111	96	207	0.536231884057971
FBgn0266421	5	11	16	0.3125
FBgn0266428	0	0	0	NA
FBgn0266429	453	462	915	0.495081967213115
FBgn0266430	14	22	36	0.388888888888889
FBgn0266431	52	75	127	0.409448818897638
FBgn0266432	313	284	597	0.52428810720268
FBgn0266433	89	93	182	0.489010989010989
FBgn0266434	0	0	0	NA
FBgn0266435	0	0	0	NA
FBgn0266436	70	60	130	0.538461538461538
FBgn0266437	284	286	570	0.498245614035088
FBgn0266438	0	0	0	NA
FBgn0266439	0	0	0	NA
FBgn0266441	146	124	270	0.540740740740741
FBgn0266442	107	121	228	0.469298245614035
FBgn0266443	52	51	103	0.504854368932039
FBgn0266445	0	0	0	NA
FBgn0266446	190	205	395	0.481012658227848
FBgn0266448	83	84	167	0.497005988023952
FBgn0266449	127	126	253	0.50197628458498
FBgn0266450	105	118	223	0.47085201793722
FBgn0266451	1	0	1	1
FBgn0266452	163	161	324	0.503086419753086
FBgn0266454	48	26	74	0.648648648648649
FBgn0266455	22	23	45	0.488888888888889
FBgn0266456	30	19	49	0.612244897959184
FBgn0266457	118	146	264	0.446969696969697
FBgn0266459	0	0	0	NA
FBgn0266464	270	302	572	0.472027972027972
FBgn0266465	146	147	293	0.498293515358362
FBgn0266486	0	0	0	NA
FBgn0266487	0	0	0	NA
FBgn0266488	0	0	0	NA
FBgn0266489	0	0	0	NA
FBgn0266490	0	0	0	NA
FBgn0266491	0	0	0	NA
FBgn0266492	2	0	2	1
FBgn0266518	48	38	86	0.558139534883721
FBgn0266521	378	382	760	0.497368421052632
FBgn0266525	0	0	0	NA
FBgn0266534	95	93	188	0.50531914893617
FBgn0266535	54	34	88	0.613636363636364
FBgn0266536	60	54	114	0.526315789473684
FBgn0266537	83	67	150	0.553333333333333
FBgn0266538	0	0	0	NA
FBgn0266539	0	0	0	NA
FBgn0266540	0	0	0	NA
FBgn0266549	79	68	147	0.537414965986395
FBgn0266557	386	445	831	0.464500601684717
FBgn0266564	40	54	94	0.425531914893617
FBgn0266565	37	32	69	0.536231884057971
FBgn0266566	284	305	589	0.482173174872666
FBgn0266568	68	61	129	0.527131782945736
FBgn0266569	32	35	67	0.477611940298507
FBgn0266570	61	63	124	0.491935483870968
FBgn0266572	132	157	289	0.456747404844291
FBgn0266573	28	25	53	0.528301886792453
FBgn0266574	34	18	52	0.653846153846154
FBgn0266577	78	79	157	0.496815286624204
FBgn0266578	0	0	0	NA
FBgn0266579	635	665	1300	0.488461538461538
FBgn0266580	280	302	582	0.481099656357388
FBgn0266581	215	181	396	0.542929292929293
FBgn0266582	74	79	153	0.483660130718954
FBgn0266585	20	27	47	0.425531914893617
FBgn0266586	38	40	78	0.487179487179487
FBgn0266587	48	53	101	0.475247524752475
FBgn0266588	41	33	74	0.554054054054054
FBgn0266589	71	67	138	0.514492753623188
FBgn0266590	57	51	108	0.527777777777778
FBgn0266591	0	0	0	NA
FBgn0266592	62	33	95	0.652631578947368
FBgn0266593	27	22	49	0.551020408163265
FBgn0266594	30	31	61	0.491803278688525
FBgn0266595	65	73	138	0.471014492753623
FBgn0266596	27	21	48	0.5625
FBgn0266598	19	7	26	0.730769230769231
FBgn0266599	78	70	148	0.527027027027027
FBgn0266615	9	2	11	0.818181818181818
FBgn0266616	13	7	20	0.65
FBgn0266617	0	0	0	NA
FBgn0266618	27	33	60	0.45
FBgn0266619	11	18	29	0.379310344827586
FBgn0266620	91	95	186	0.489247311827957
FBgn0266621	32	27	59	0.542372881355932
FBgn0266622	5	11	16	0.3125
FBgn0266623	0	0	0	NA
FBgn0266624	140	130	270	0.518518518518518
FBgn0266625	6	2	8	0.75
FBgn0266626	8	2	10	0.8
FBgn0266627	22	25	47	0.468085106382979
FBgn0266628	16	17	33	0.484848484848485
FBgn0266629	29	31	60	0.483333333333333
FBgn0266630	426	499	925	0.460540540540541
FBgn0266631	56	87	143	0.391608391608392
FBgn0266632	0	0	0	NA
FBgn0266633	95	80	175	0.542857142857143
FBgn0266634	14	14	28	0.5
FBgn0266635	1	0	1	1
FBgn0266636	0	0	0	NA
FBgn0266637	8	10	18	0.444444444444444
FBgn0266638	0	0	0	NA
FBgn0266639	44	63	107	0.411214953271028
FBgn0266640	67	66	133	0.503759398496241
FBgn0266641	106	73	179	0.592178770949721
FBgn0266642	0	0	0	NA
FBgn0266643	83	56	139	0.597122302158273
FBgn0266644	0	0	0	NA
FBgn0266645	0	0	0	NA
FBgn0266646	53	56	109	0.486238532110092
FBgn0266647	5	16	21	0.238095238095238
FBgn0266648	57	34	91	0.626373626373626
FBgn0266649	114	116	230	0.495652173913044
FBgn0266650	42	60	102	0.411764705882353
FBgn0266651	70	88	158	0.443037974683544
FBgn0266652	25	25	50	0.5
FBgn0266653	0	0	0	NA
FBgn0266654	0	0	0	NA
FBgn0266655	0	0	0	NA
FBgn0266656	0	0	0	NA
FBgn0266657	8	7	15	0.533333333333333
FBgn0266666	40	33	73	0.547945205479452
FBgn0266667	167	122	289	0.577854671280277
FBgn0266668	194	178	372	0.521505376344086
FBgn0266669	104	124	228	0.456140350877193
FBgn0266670	109	102	211	0.516587677725118
FBgn0266671	196	191	387	0.506459948320413
FBgn0266672	28	29	57	0.491228070175439
FBgn0266673	199	217	416	0.478365384615385
FBgn0266674	243	248	491	0.494908350305499
FBgn0266675	5	1	6	0.833333333333333
FBgn0266676	108	113	221	0.48868778280543
FBgn0266677	16	9	25	0.64
FBgn0266678	3	4	7	0.428571428571429
FBgn0266679	57	53	110	0.518181818181818
FBgn0266680	112	139	251	0.446215139442231
FBgn0266681	16	23	39	0.41025641025641
FBgn0266682	24	37	61	0.39344262295082
FBgn0266683	53	56	109	0.486238532110092
FBgn0266684	74	58	132	0.560606060606061
FBgn0266685	5	3	8	0.625
FBgn0266686	0	0	0	NA
FBgn0266687	59	62	121	0.487603305785124
FBgn0266688	21	18	39	0.538461538461538
FBgn0266689	86	94	180	0.477777777777778
FBgn0266690	13	8	21	0.619047619047619
FBgn0266691	2	2	4	0.5
FBgn0266692	0	0	0	NA
FBgn0266693	73	79	152	0.480263157894737
FBgn0266694	0	0	0	NA
FBgn0266696	2266	2171	4437	0.510705431597926
FBgn0266697	21	11	32	0.65625
FBgn0266698	48	48	96	0.5
FBgn0266699	55	41	96	0.572916666666667
FBgn0266700	0	2	2	0
FBgn0266701	92	81	173	0.531791907514451
FBgn0266702	17	14	31	0.548387096774194
FBgn0266703	50	64	114	0.43859649122807
FBgn0266705	6	3	9	0.666666666666667
FBgn0266706	55	51	106	0.518867924528302
FBgn0266707	0	0	0	NA
FBgn0266708	41	34	75	0.546666666666667
FBgn0266709	84	87	171	0.491228070175439
FBgn0266710	27	18	45	0.6
FBgn0266711	20	17	37	0.540540540540541
FBgn0266717	223	226	449	0.496659242761693
FBgn0266719	338	408	746	0.453083109919571
FBgn0266720	20	11	31	0.645161290322581
FBgn0266721	68	72	140	0.485714285714286
FBgn0266722	0	0	0	NA
FBgn0266723	47	35	82	0.573170731707317
FBgn0266724	46	44	90	0.511111111111111
FBgn0266725	24	20	44	0.545454545454545
FBgn0266726	6	9	15	0.4
FBgn0266727	0	0	0	NA
FBgn0266728	0	0	0	NA
FBgn0266729	0	0	0	NA
FBgn0266730	46	53	99	0.464646464646465
FBgn0266731	0	0	0	NA
FBgn0266732	14	17	31	0.451612903225806
FBgn0266733	0	0	0	NA
FBgn0266734	73	53	126	0.579365079365079
FBgn0266735	5	3	8	0.625
FBgn0266736	27	17	44	0.613636363636364
FBgn0266737	36	28	64	0.5625
FBgn0266738	10	15	25	0.4
FBgn0266739	16	12	28	0.571428571428571
FBgn0266740	5	2	7	0.714285714285714
FBgn0266741	13	16	29	0.448275862068966
FBgn0266742	35	30	65	0.538461538461538
FBgn0266743	64	48	112	0.571428571428571
FBgn0266744	1	1	2	0.5
FBgn0266745	0	0	0	NA
FBgn0266747	15	8	23	0.652173913043478
FBgn0266748	44	38	82	0.536585365853659
FBgn0266749	65	71	136	0.477941176470588
FBgn0266750	470	428	898	0.523385300668151
FBgn0266751	88	104	192	0.458333333333333
FBgn0266752	0	0	0	NA
FBgn0266753	149	171	320	0.465625
FBgn0266756	1058	990	2048	0.5166015625
FBgn0266757	439	437	876	0.501141552511416
FBgn0266758	441	437	878	0.502277904328018
FBgn0266762	11	9	20	0.55
FBgn0266763	89	67	156	0.57051282051282
FBgn0266764	25	30	55	0.454545454545455
FBgn0266766	399	415	814	0.49017199017199
FBgn0266768	0	0	0	NA
FBgn0266769	32	34	66	0.484848484848485
FBgn0266771	36	53	89	0.404494382022472
FBgn0266772	18	24	42	0.428571428571429
FBgn0266773	79	71	150	0.526666666666667
FBgn0266774	76	74	150	0.506666666666667
FBgn0266775	109	97	206	0.529126213592233
FBgn0266776	17	18	35	0.485714285714286
FBgn0266777	60	63	123	0.48780487804878
FBgn0266778	28	46	74	0.378378378378378
FBgn0266780	85	66	151	0.562913907284768
FBgn0266781	40	53	93	0.43010752688172
FBgn0266782	22	36	58	0.379310344827586
FBgn0266783	39	34	73	0.534246575342466
FBgn0266784	3	3	6	0.5
FBgn0266785	34	40	74	0.459459459459459
FBgn0266786	37	34	71	0.52112676056338
FBgn0266787	0	0	0	NA
FBgn0266788	27	34	61	0.442622950819672
FBgn0266789	31	34	65	0.476923076923077
FBgn0266790	40	22	62	0.645161290322581
FBgn0266791	46	52	98	0.469387755102041
FBgn0266795	17	9	26	0.653846153846154
FBgn0266796	68	57	125	0.544
FBgn0266797	53	53	106	0.5
FBgn0266798	23	13	36	0.638888888888889
FBgn0266799	53	46	99	0.535353535353535
FBgn0266800	117	83	200	0.585
FBgn0266801	54	56	110	0.490909090909091
FBgn0266802	0	0	0	NA
FBgn0266803	0	1	1	0
FBgn0266804	108	119	227	0.475770925110132
FBgn0266805	433	399	832	0.520432692307692
FBgn0266806	0	0	0	NA
FBgn0266807	3	1	4	0.75
FBgn0266808	20	19	39	0.512820512820513
FBgn0266809	0	3	3	0
FBgn0266810	158	154	312	0.506410256410256
FBgn0266811	44	40	84	0.523809523809524
FBgn0266812	32	27	59	0.542372881355932
FBgn0266813	0	0	0	NA
FBgn0266814	127	99	226	0.561946902654867
FBgn0266815	60	45	105	0.571428571428571
FBgn0266816	83	85	168	0.494047619047619
FBgn0266817	35	55	90	0.388888888888889
FBgn0266818	128	104	232	0.551724137931034
FBgn0266819	109	159	268	0.406716417910448
FBgn0266820	31	45	76	0.407894736842105
FBgn0266821	119	100	219	0.54337899543379
FBgn0266822	422	450	872	0.48394495412844
FBgn0266823	34	32	66	0.515151515151515
FBgn0266824	37	51	88	0.420454545454545
FBgn0266825	37	35	72	0.513888888888889
FBgn0266826	48	41	89	0.539325842696629
FBgn0266827	43	71	114	0.37719298245614
FBgn0266828	82	74	156	0.525641025641026
FBgn0266829	28	19	47	0.595744680851064
FBgn0266830	38	49	87	0.436781609195402
FBgn0266831	38	33	71	0.535211267605634
FBgn0266832	12	8	20	0.6
FBgn0266833	53	36	89	0.595505617977528
FBgn0266834	26	32	58	0.448275862068966
FBgn0266835	17	15	32	0.53125
FBgn0266836	46	37	83	0.55421686746988
FBgn0266837	25	37	62	0.403225806451613
FBgn0266838	0	0	0	NA
FBgn0266839	35	30	65	0.538461538461538
FBgn0266840	11	28	39	0.282051282051282
FBgn0266841	89	82	171	0.52046783625731
FBgn0266842	35	30	65	0.538461538461538
FBgn0266843	1	1	2	0.5
FBgn0266844	49	45	94	0.521276595744681
FBgn0266845	49	39	88	0.556818181818182
FBgn0266846	72	57	129	0.558139534883721
FBgn0266847	40	39	79	0.506329113924051
FBgn0266848	154	150	304	0.506578947368421
FBgn0266849	49	46	95	0.515789473684211
FBgn0266850	220	212	432	0.509259259259259
FBgn0266851	75	68	143	0.524475524475524
FBgn0266852	57	59	116	0.491379310344828
FBgn0266853	50	47	97	0.515463917525773
FBgn0266854	36	71	107	0.336448598130841
FBgn0266855	43	30	73	0.589041095890411
FBgn0266856	7	11	18	0.388888888888889
FBgn0266857	13	8	21	0.619047619047619
FBgn0266858	144	160	304	0.473684210526316
FBgn0266859	35	39	74	0.472972972972973
FBgn0266860	40	53	93	0.43010752688172
FBgn0266861	52	52	104	0.5
FBgn0266862	63	54	117	0.538461538461538
FBgn0266863	67	67	134	0.5
FBgn0266864	57	80	137	0.416058394160584
FBgn0266865	31	44	75	0.413333333333333
FBgn0266866	41	33	74	0.554054054054054
FBgn0266867	66	63	129	0.511627906976744
FBgn0266868	52	64	116	0.448275862068966
FBgn0266869	2	6	8	0.25
FBgn0266870	42	51	93	0.451612903225806
FBgn0266871	27	33	60	0.45
FBgn0266872	27	24	51	0.529411764705882
FBgn0266873	44	74	118	0.372881355932203
FBgn0266874	26	32	58	0.448275862068966
FBgn0266875	57	58	115	0.495652173913044
FBgn0266876	41	50	91	0.450549450549451
FBgn0266877	42	61	103	0.407766990291262
FBgn0266878	0	0	0	NA
FBgn0266879	0	0	0	NA
FBgn0266880	1	5	6	0.166666666666667
FBgn0266881	11	15	26	0.423076923076923
FBgn0266882	28	35	63	0.444444444444444
FBgn0266883	41	47	88	0.465909090909091
FBgn0266884	146	159	305	0.478688524590164
FBgn0266885	64	64	128	0.5
FBgn0266886	33	25	58	0.568965517241379
FBgn0266887	46	33	79	0.582278481012658
FBgn0266888	44	29	73	0.602739726027397
FBgn0266889	25	23	48	0.520833333333333
FBgn0266891	87	100	187	0.46524064171123
FBgn0266892	39	39	78	0.5
FBgn0266893	43	37	80	0.5375
FBgn0266894	26	27	53	0.490566037735849
FBgn0266895	50	35	85	0.588235294117647
FBgn0266896	23	26	49	0.469387755102041
FBgn0266897	9	10	19	0.473684210526316
FBgn0266898	25	23	48	0.520833333333333
FBgn0266899	66	78	144	0.458333333333333
FBgn0266900	63	63	126	0.5
FBgn0266901	181	166	347	0.521613832853026
FBgn0266902	68	66	134	0.507462686567164
FBgn0266903	179	151	330	0.542424242424242
FBgn0266904	61	52	113	0.539823008849557
FBgn0266905	50	71	121	0.413223140495868
FBgn0266906	18	21	39	0.461538461538462
FBgn0266907	0	0	0	NA
FBgn0266909	21	19	40	0.525
FBgn0266910	25	17	42	0.595238095238095
FBgn0266911	43	21	64	0.671875
FBgn0266912	71	82	153	0.464052287581699
FBgn0266913	22	26	48	0.458333333333333
FBgn0266914	45	39	84	0.535714285714286
FBgn0266915	66	55	121	0.545454545454545
FBgn0266916	158	142	300	0.526666666666667
FBgn0266917	102	86	188	0.542553191489362
FBgn0266918	126	138	264	0.477272727272727
FBgn0266925	99	109	208	0.475961538461538
FBgn0266926	88	104	192	0.458333333333333
FBgn0266927	30	29	59	0.508474576271186
FBgn0266928	82	64	146	0.561643835616438
FBgn0266929	22	17	39	0.564102564102564
FBgn0266930	13	7	20	0.65
FBgn0266931	25	17	42	0.595238095238095
FBgn0266932	8	15	23	0.347826086956522
FBgn0266933	0	0	0	NA
FBgn0266934	0	0	0	NA
FBgn0266935	54	45	99	0.545454545454545
FBgn0266936	73	59	132	0.553030303030303
FBgn0266937	147	133	280	0.525
FBgn0266938	65	60	125	0.52
FBgn0266939	25	37	62	0.403225806451613
FBgn0266940	77	68	145	0.531034482758621
FBgn0266941	14	11	25	0.56
FBgn0266942	52	62	114	0.456140350877193
FBgn0266943	15	21	36	0.416666666666667
FBgn0266944	1	3	4	0.25
FBgn0266945	1	0	1	1
FBgn0266946	7	8	15	0.466666666666667
FBgn0266947	42	29	71	0.591549295774648
FBgn0266948	24	15	39	0.615384615384615
FBgn0266949	0	1	1	0
FBgn0266950	0	0	0	NA
FBgn0266951	3	5	8	0.375
FBgn0266952	26	22	48	0.541666666666667
FBgn0266953	77	53	130	0.592307692307692
FBgn0266954	39	52	91	0.428571428571429
FBgn0266955	46	41	87	0.528735632183908
FBgn0266956	17	17	34	0.5
FBgn0266957	47	44	91	0.516483516483517
FBgn0266958	17	33	50	0.34
FBgn0266959	80	80	160	0.5
FBgn0266960	26	30	56	0.464285714285714
FBgn0266961	47	51	98	0.479591836734694
FBgn0266962	81	81	162	0.5
FBgn0266963	104	111	215	0.483720930232558
FBgn0266964	23	36	59	0.389830508474576
FBgn0266965	18	22	40	0.45
FBgn0266966	29	20	49	0.591836734693878
FBgn0266967	16	15	31	0.516129032258065
FBgn0266968	39	53	92	0.423913043478261
FBgn0266969	26	17	43	0.604651162790698
FBgn0266970	59	50	109	0.541284403669725
FBgn0266971	30	28	58	0.517241379310345
FBgn0266972	52	45	97	0.536082474226804
FBgn0266973	36	38	74	0.486486486486487
FBgn0266974	25	31	56	0.446428571428571
FBgn0266975	42	56	98	0.428571428571429
FBgn0266976	15	23	38	0.394736842105263
FBgn0266977	9	10	19	0.473684210526316
FBgn0266978	49	51	100	0.49
FBgn0266979	35	35	70	0.5
FBgn0266980	45	36	81	0.555555555555556
FBgn0266981	18	10	28	0.642857142857143
FBgn0266982	39	31	70	0.557142857142857
FBgn0266983	51	27	78	0.653846153846154
FBgn0266984	63	76	139	0.453237410071942
FBgn0266985	17	14	31	0.548387096774194
FBgn0266986	63	60	123	0.51219512195122
FBgn0266987	0	0	0	NA
FBgn0266988	33	26	59	0.559322033898305
FBgn0266989	14	18	32	0.4375
FBgn0266990	13	27	40	0.325
FBgn0266991	0	0	0	NA
FBgn0266992	0	0	0	NA
FBgn0266993	30	26	56	0.535714285714286
FBgn0266994	0	0	0	NA
FBgn0266995	0	11	11	0
FBgn0267001	1103	1096	2199	0.501591632560255
FBgn0267002	656	685	1341	0.489187173750932
FBgn0267003	22	20	42	0.523809523809524
FBgn0267004	46	43	89	0.51685393258427
FBgn0267005	15	19	34	0.441176470588235
FBgn0267006	52	52	104	0.5
FBgn0267007	34	41	75	0.453333333333333
FBgn0267008	20	29	49	0.408163265306122
FBgn0267009	45	34	79	0.569620253164557
FBgn0267010	41	35	76	0.539473684210526
FBgn0267011	0	2	2	0
FBgn0267012	89	75	164	0.542682926829268
FBgn0267013	28	50	78	0.358974358974359
FBgn0267014	66	57	123	0.536585365853659
FBgn0267017	53	55	108	0.490740740740741
FBgn0267018	35	33	68	0.514705882352941
FBgn0267019	7	5	12	0.583333333333333
FBgn0267020	52	54	106	0.490566037735849
FBgn0267021	81	83	164	0.49390243902439
FBgn0267022	20	30	50	0.4
FBgn0267023	27	28	55	0.490909090909091
FBgn0267024	8	17	25	0.32
FBgn0267025	9	6	15	0.6
FBgn0267026	0	0	0	NA
FBgn0267027	5	4	9	0.555555555555556
FBgn0267028	48	50	98	0.489795918367347
FBgn0267029	23	27	50	0.46
FBgn0267030	0	1	1	0
FBgn0267031	12	2	14	0.857142857142857
FBgn0267032	12	22	34	0.352941176470588
FBgn0267033	1388	1456	2844	0.488045007032349
FBgn0267034	15	22	37	0.405405405405405
FBgn0267035	29	25	54	0.537037037037037
FBgn0267036	7	9	16	0.4375
FBgn0267037	3	3	6	0.5
FBgn0267038	35	51	86	0.406976744186047
FBgn0267039	42	37	79	0.531645569620253
FBgn0267040	189	198	387	0.488372093023256
FBgn0267041	5	3	8	0.625
FBgn0267042	11	17	28	0.392857142857143
FBgn0267043	0	0	0	NA
FBgn0267044	0	0	0	NA
FBgn0267045	0	0	0	NA
FBgn0267046	0	0	0	NA
FBgn0267047	0	1	1	0
FBgn0267048	30	6	36	0.833333333333333
FBgn0267049	0	0	0	NA
FBgn0267050	0	0	0	NA
FBgn0267051	0	0	0	NA
FBgn0267052	0	0	0	NA
FBgn0267053	0	0	0	NA
FBgn0267054	0	0	0	NA
FBgn0267055	13	13	26	0.5
FBgn0267056	96	83	179	0.536312849162011
FBgn0267057	11	5	16	0.6875
FBgn0267058	36	34	70	0.514285714285714
FBgn0267059	44	32	76	0.578947368421053
FBgn0267060	0	0	0	NA
FBgn0267061	0	0	0	NA
FBgn0267062	71	63	134	0.529850746268657
FBgn0267063	19	22	41	0.463414634146341
FBgn0267064	34	44	78	0.435897435897436
FBgn0267065	8	7	15	0.533333333333333
FBgn0267066	22	24	46	0.478260869565217
FBgn0267067	27	30	57	0.473684210526316
FBgn0267068	0	0	0	NA
FBgn0267069	37	27	64	0.578125
FBgn0267070	94	79	173	0.543352601156069
FBgn0267071	24	36	60	0.4
FBgn0267072	12	14	26	0.461538461538462
FBgn0267073	77	74	151	0.509933774834437
FBgn0267074	0	0	0	NA
FBgn0267075	69	72	141	0.48936170212766
FBgn0267076	121	136	257	0.470817120622568
FBgn0267077	115	100	215	0.534883720930233
FBgn0267078	76	62	138	0.550724637681159
FBgn0267079	56	57	113	0.495575221238938
FBgn0267080	67	60	127	0.52755905511811
FBgn0267081	10	21	31	0.32258064516129
FBgn0267082	43	59	102	0.42156862745098
FBgn0267083	52	40	92	0.565217391304348
FBgn0267084	4	5	9	0.444444444444444
FBgn0267085	67	44	111	0.603603603603604
FBgn0267086	7	11	18	0.388888888888889
FBgn0267087	107	88	195	0.548717948717949
FBgn0267088	36	40	76	0.473684210526316
FBgn0267089	298	295	593	0.502529510961214
FBgn0267090	32	24	56	0.571428571428571
FBgn0267091	30	56	86	0.348837209302326
FBgn0267096	51	54	105	0.485714285714286
FBgn0267097	151	119	270	0.559259259259259
FBgn0267098	0	0	0	NA
FBgn0267099	31	33	64	0.484375
FBgn0267100	54	65	119	0.453781512605042
FBgn0267101	38	40	78	0.487179487179487
FBgn0267102	33	56	89	0.370786516853933
FBgn0267103	51	59	110	0.463636363636364
FBgn0267104	46	34	80	0.575
FBgn0267105	0	0	0	NA
FBgn0267106	26	20	46	0.565217391304348
FBgn0267107	66	57	123	0.536585365853659
FBgn0267108	0	0	0	NA
FBgn0267109	0	1	1	0
FBgn0267110	0	0	0	NA
FBgn0267111	141	139	280	0.503571428571429
FBgn0267112	41	37	78	0.525641025641026
FBgn0267113	128	113	241	0.531120331950207
FBgn0267114	17	12	29	0.586206896551724
FBgn0267115	0	0	0	NA
FBgn0267116	101	89	190	0.531578947368421
FBgn0267118	51	62	113	0.451327433628319
FBgn0267119	0	0	0	NA
FBgn0267120	28	32	60	0.466666666666667
FBgn0267121	43	40	83	0.518072289156627
FBgn0267122	67	72	139	0.482014388489209
FBgn0267123	96	67	163	0.588957055214724
FBgn0267124	58	45	103	0.563106796116505
FBgn0267125	51	57	108	0.472222222222222
FBgn0267126	5	13	18	0.277777777777778
FBgn0267127	141	102	243	0.580246913580247
FBgn0267128	47	47	94	0.5
FBgn0267129	20	26	46	0.434782608695652
FBgn0267130	0	0	0	NA
FBgn0267131	254	224	478	0.531380753138075
FBgn0267132	6	3	9	0.666666666666667
FBgn0267133	153	156	309	0.495145631067961
FBgn0267134	39	31	70	0.557142857142857
FBgn0267135	21	11	32	0.65625
FBgn0267136	101	111	212	0.476415094339623
FBgn0267137	46	41	87	0.528735632183908
FBgn0267138	64	67	131	0.488549618320611
FBgn0267139	29	47	76	0.381578947368421
FBgn0267140	35	39	74	0.472972972972973
FBgn0267141	6	7	13	0.461538461538462
FBgn0267142	42	49	91	0.461538461538462
FBgn0267143	89	103	192	0.463541666666667
FBgn0267144	41	50	91	0.450549450549451
FBgn0267145	30	19	49	0.612244897959184
FBgn0267146	24	20	44	0.545454545454545
FBgn0267147	18	12	30	0.6
FBgn0267148	28	32	60	0.466666666666667
FBgn0267149	4	2	6	0.666666666666667
FBgn0267150	45	33	78	0.576923076923077
FBgn0267151	4	16	20	0.2
FBgn0267152	0	0	0	NA
FBgn0267153	68	63	131	0.519083969465649
FBgn0267154	21	32	53	0.39622641509434
FBgn0267155	19	20	39	0.487179487179487
FBgn0267156	29	38	67	0.432835820895522
FBgn0267157	0	0	0	NA
FBgn0267158	0	0	0	NA
FBgn0267159	54	47	101	0.534653465346535
FBgn0267160	60	67	127	0.47244094488189
FBgn0267161	0	0	0	NA
FBgn0267162	41	45	86	0.476744186046512
FBgn0267163	57	49	106	0.537735849056604
FBgn0267164	48	38	86	0.558139534883721
FBgn0267165	88	68	156	0.564102564102564
FBgn0267166	69	40	109	0.63302752293578
FBgn0267167	4	2	6	0.666666666666667
FBgn0267168	49	55	104	0.471153846153846
FBgn0267169	28	22	50	0.56
FBgn0267170	11	14	25	0.44
FBgn0267171	24	25	49	0.489795918367347
FBgn0267172	33	38	71	0.464788732394366
FBgn0267173	100	103	203	0.492610837438424
FBgn0267174	26	25	51	0.509803921568627
FBgn0267175	54	63	117	0.461538461538462
FBgn0267176	56	42	98	0.571428571428571
FBgn0267177	24	15	39	0.615384615384615
FBgn0267178	0	0	0	NA
FBgn0267179	34	31	65	0.523076923076923
FBgn0267180	57	81	138	0.41304347826087
FBgn0267181	116	108	224	0.517857142857143
FBgn0267182	67	82	149	0.449664429530201
FBgn0267183	21	16	37	0.567567567567568
FBgn0267184	25	20	45	0.555555555555556
FBgn0267185	25	28	53	0.471698113207547
FBgn0267186	77	78	155	0.496774193548387
FBgn0267187	40	43	83	0.481927710843373
FBgn0267188	27	30	57	0.473684210526316
FBgn0267189	51	66	117	0.435897435897436
FBgn0267190	47	55	102	0.46078431372549
FBgn0267191	54	67	121	0.446280991735537
FBgn0267192	63	53	116	0.543103448275862
FBgn0267193	8	17	25	0.32
FBgn0267194	54	44	98	0.551020408163265
FBgn0267195	30	34	64	0.46875
FBgn0267196	14	20	34	0.411764705882353
FBgn0267197	35	35	70	0.5
FBgn0267198	0	0	0	NA
FBgn0267199	12	11	23	0.521739130434783
FBgn0267200	6	7	13	0.461538461538462
FBgn0267201	47	42	89	0.528089887640449
FBgn0267202	39	31	70	0.557142857142857
FBgn0267203	36	36	72	0.5
FBgn0267204	39	35	74	0.527027027027027
FBgn0267205	83	92	175	0.474285714285714
FBgn0267206	9	8	17	0.529411764705882
FBgn0267207	28	30	58	0.482758620689655
FBgn0267208	6	3	9	0.666666666666667
FBgn0267209	19	19	38	0.5
FBgn0267210	44	56	100	0.44
FBgn0267211	102	102	204	0.5
FBgn0267212	53	79	132	0.401515151515151
FBgn0267213	42	33	75	0.56
FBgn0267214	100	94	194	0.515463917525773
FBgn0267215	60	43	103	0.58252427184466
FBgn0267216	46	48	94	0.48936170212766
FBgn0267217	24	35	59	0.406779661016949
FBgn0267218	88	92	180	0.488888888888889
FBgn0267219	18	12	30	0.6
FBgn0267220	60	57	117	0.512820512820513
FBgn0267221	5	5	10	0.5
FBgn0267222	76	53	129	0.589147286821705
FBgn0267223	1	0	1	1
FBgn0267224	10	10	20	0.5
FBgn0267225	50	59	109	0.458715596330275
FBgn0267226	134	84	218	0.614678899082569
FBgn0267227	34	28	62	0.548387096774194
FBgn0267228	6	10	16	0.375
FBgn0267229	196	158	354	0.553672316384181
FBgn0267230	26	33	59	0.440677966101695
FBgn0267231	0	0	0	NA
FBgn0267232	0	0	0	NA
FBgn0267233	57	48	105	0.542857142857143
FBgn0267234	26	22	48	0.541666666666667
FBgn0267235	40	40	80	0.5
FBgn0267236	42	25	67	0.626865671641791
FBgn0267237	12	8	20	0.6
FBgn0267238	37	38	75	0.493333333333333
FBgn0267239	24	33	57	0.421052631578947
FBgn0267240	46	73	119	0.38655462184874
FBgn0267241	36	36	72	0.5
FBgn0267242	32	50	82	0.390243902439024
FBgn0267243	269	255	524	0.513358778625954
FBgn0267244	44	33	77	0.571428571428571
FBgn0267245	17	9	26	0.653846153846154
FBgn0267246	18	28	46	0.391304347826087
FBgn0267247	37	43	80	0.4625
FBgn0267248	54	56	110	0.490909090909091
FBgn0267249	29	32	61	0.475409836065574
FBgn0267252	893	931	1824	0.489583333333333
FBgn0267253	394	353	747	0.527443105756359
FBgn0267254	54	46	100	0.54
FBgn0267255	15	20	35	0.428571428571429
FBgn0267256	28	36	64	0.4375
FBgn0267257	122	118	240	0.508333333333333
FBgn0267258	52	40	92	0.565217391304348
FBgn0267259	0	0	0	NA
FBgn0267260	2	0	2	1
FBgn0267261	60	83	143	0.41958041958042
FBgn0267262	39	38	77	0.506493506493506
FBgn0267263	36	37	73	0.493150684931507
FBgn0267264	188	219	407	0.461916461916462
FBgn0267265	1	3	4	0.25
FBgn0267266	61	64	125	0.488
FBgn0267267	21	32	53	0.39622641509434
FBgn0267268	44	28	72	0.611111111111111
FBgn0267269	136	126	262	0.519083969465649
FBgn0267270	103	111	214	0.481308411214953
FBgn0267271	38	49	87	0.436781609195402
FBgn0267272	33	28	61	0.540983606557377
FBgn0267273	50	33	83	0.602409638554217
FBgn0267274	33	32	65	0.507692307692308
FBgn0267275	53	63	116	0.456896551724138
FBgn0267276	32	33	65	0.492307692307692
FBgn0267277	20	7	27	0.740740740740741
FBgn0267278	0	0	0	NA
FBgn0267279	9	23	32	0.28125
FBgn0267280	39	57	96	0.40625
FBgn0267281	15	8	23	0.652173913043478
FBgn0267282	6	9	15	0.4
FBgn0267283	68	60	128	0.53125
FBgn0267284	56	45	101	0.554455445544555
FBgn0267285	29	16	45	0.644444444444444
FBgn0267286	49	59	108	0.453703703703704
FBgn0267287	21	15	36	0.583333333333333
FBgn0267288	20	26	46	0.434782608695652
FBgn0267289	45	41	86	0.523255813953488
FBgn0267290	70	85	155	0.451612903225806
FBgn0267291	34	16	50	0.68
FBgn0267292	18	29	47	0.382978723404255
FBgn0267293	4	5	9	0.444444444444444
FBgn0267294	52	61	113	0.460176991150442
FBgn0267295	22	11	33	0.666666666666667
FBgn0267296	54	66	120	0.45
FBgn0267297	0	0	0	NA
FBgn0267298	4	4	8	0.5
FBgn0267299	3	0	3	1
FBgn0267300	1	0	1	1
FBgn0267301	62	56	118	0.525423728813559
FBgn0267302	7	3	10	0.7
FBgn0267303	81	47	128	0.6328125
FBgn0267304	18	16	34	0.529411764705882
FBgn0267305	49	37	86	0.569767441860465
FBgn0267306	19	12	31	0.612903225806452
FBgn0267307	51	57	108	0.472222222222222
FBgn0267308	0	0	0	NA
FBgn0267309	34	33	67	0.507462686567164
FBgn0267310	9	8	17	0.529411764705882
FBgn0267311	4	3	7	0.571428571428571
FBgn0267312	7	22	29	0.241379310344828
FBgn0267313	57	56	113	0.504424778761062
FBgn0267314	30	23	53	0.566037735849057
FBgn0267315	65	50	115	0.565217391304348
FBgn0267316	60	61	121	0.495867768595041
FBgn0267317	49	41	90	0.544444444444444
FBgn0267318	4	3	7	0.571428571428571
FBgn0267319	27	19	46	0.58695652173913
FBgn0267320	11	17	28	0.392857142857143
FBgn0267321	29	26	55	0.527272727272727
FBgn0267322	0	4	4	0
FBgn0267323	50	68	118	0.423728813559322
FBgn0267326	211	228	439	0.480637813211845
FBgn0267327	55	52	107	0.514018691588785
FBgn0267330	108	110	218	0.495412844036697
FBgn0267336	429	402	831	0.516245487364621
FBgn0267337	186	161	347	0.536023054755043
FBgn0267339	88	75	163	0.539877300613497
FBgn0267347	23	27	50	0.46
FBgn0267348	573	592	1165	0.491845493562232
FBgn0267350	504	500	1004	0.50199203187251
FBgn0267351	203	211	414	0.490338164251208
FBgn0267363	18	32	50	0.36
FBgn0267365	93	73	166	0.560240963855422
FBgn0267366	79	89	168	0.470238095238095
FBgn0267376	153	167	320	0.478125
FBgn0267378	72	70	142	0.507042253521127
FBgn0267383	24	32	56	0.428571428571429
FBgn0267384	8	25	33	0.242424242424242
FBgn0267385	48	44	92	0.521739130434783
FBgn0267390	300	240	540	0.555555555555556
FBgn0267398	16	13	29	0.551724137931034
FBgn0267399	0	0	0	NA
FBgn0267400	43	54	97	0.443298969072165
FBgn0267408	219	265	484	0.452479338842975
FBgn0267411	0	0	0	NA
FBgn0267412	0	0	0	NA
FBgn0267413	0	0	0	NA
FBgn0267417	0	0	0	NA
FBgn0267418	0	0	0	NA
FBgn0267419	0	0	0	NA
FBgn0267420	0	0	0	NA
FBgn0267422	0	0	0	NA
FBgn0267423	0	0	0	NA
FBgn0267424	0	0	0	NA
FBgn0267425	0	4	4	0
FBgn0267426	0	0	0	NA
FBgn0267427	0	0	0	NA
FBgn0267428	17	10	27	0.62962962962963
FBgn0267429	44	31	75	0.586666666666667
FBgn0267430	34	45	79	0.430379746835443
FBgn0267431	51	50	101	0.504950495049505
FBgn0267432	0	0	0	NA
FBgn0267433	0	0	0	NA
FBgn0267435	312	323	635	0.491338582677165
FBgn0267438	61	51	112	0.544642857142857
FBgn0267439	17	13	30	0.566666666666667
FBgn0267440	22	22	44	0.5
FBgn0267441	12	19	31	0.387096774193548
FBgn0267442	89	100	189	0.470899470899471
FBgn0267443	21	22	43	0.488372093023256
FBgn0267444	0	0	0	NA
FBgn0267445	0	0	0	NA
FBgn0267446	0	0	0	NA
FBgn0267447	0	0	0	NA
FBgn0267448	12	6	18	0.666666666666667
FBgn0267449	0	0	0	NA
FBgn0267450	0	0	0	NA
FBgn0267451	0	0	0	NA
FBgn0267452	11	7	18	0.611111111111111
FBgn0267453	0	0	0	NA
FBgn0267454	45	40	85	0.529411764705882
FBgn0267455	26	19	45	0.577777777777778
FBgn0267456	0	0	0	NA
FBgn0267457	0	0	0	NA
FBgn0267458	1	2	3	0.333333333333333
FBgn0267459	54	63	117	0.461538461538462
FBgn0267460	61	48	109	0.559633027522936
FBgn0267461	131	133	264	0.496212121212121
FBgn0267462	24	22	46	0.521739130434783
FBgn0267463	37	35	72	0.513888888888889
FBgn0267464	3	1	4	0.75
FBgn0267465	0	0	0	NA
FBgn0267468	0	0	0	NA
FBgn0267469	66	75	141	0.468085106382979
FBgn0267470	38	33	71	0.535211267605634
FBgn0267471	67	71	138	0.485507246376812
FBgn0267472	0	0	0	NA
FBgn0267473	93	104	197	0.472081218274112
FBgn0267474	88	99	187	0.470588235294118
FBgn0267475	62	69	131	0.473282442748092
FBgn0267476	72	64	136	0.529411764705882
FBgn0267477	6	9	15	0.4
FBgn0267478	0	0	0	NA
FBgn0267479	0	2	2	0
FBgn0267480	45	68	113	0.398230088495575
FBgn0267481	0	0	0	NA
FBgn0267482	15	19	34	0.441176470588235
FBgn0267483	19	23	42	0.452380952380952
FBgn0267484	13	26	39	0.333333333333333
FBgn0267485	4	2	6	0.666666666666667
FBgn0267486	157	154	311	0.504823151125402
FBgn0267487	511	460	971	0.526261585993821
FBgn0267488	618	577	1195	0.517154811715481
FBgn0267489	0	0	0	NA
FBgn0267490	0	0	0	NA
FBgn0267491	0	0	0	NA
FBgn0267492	0	0	0	NA
FBgn0267493	0	0	0	NA
FBgn0267494	0	0	0	NA
FBgn0267495	171	168	339	0.504424778761062
FBgn0267496	0	0	0	NA
FBgn0267497	0	0	0	NA
FBgn0267498	0	0	0	NA
FBgn0267499	0	0	0	NA
FBgn0267500	0	0	0	NA
FBgn0267501	0	0	0	NA
FBgn0267502	0	0	0	NA
FBgn0267503	0	0	0	NA
FBgn0267504	0	0	0	NA
FBgn0267505	0	0	0	NA
FBgn0267506	0	0	0	NA
FBgn0267507	0	0	0	NA
FBgn0267508	18	19	37	0.486486486486487
FBgn0267509	4	4	8	0.5
FBgn0267510	4	9	13	0.307692307692308
FBgn0267511	0	0	0	NA
FBgn0267512	0	0	0	NA
FBgn0267513	5	8	13	0.384615384615385
FBgn0267514	0	0	0	NA
FBgn0267515	27	25	52	0.519230769230769
FBgn0267516	11	7	18	0.611111111111111
FBgn0267517	5	0	5	1
FBgn0267518	0	0	0	NA
FBgn0267519	0	2	2	0
FBgn0267520	0	5	5	0
FBgn0267521	0	0	0	NA
FBgn0267522	0	0	0	NA
FBgn0267523	0	0	0	NA
FBgn0267524	0	0	0	NA
FBgn0267525	0	0	0	NA
FBgn0267526	62	71	133	0.466165413533835
FBgn0267527	4	7	11	0.363636363636364
FBgn0267528	26	26	52	0.5
FBgn0267529	0	0	0	NA
FBgn0267530	18	19	37	0.486486486486487
FBgn0267531	1	8	9	0.111111111111111
FBgn0267532	0	0	0	NA
FBgn0267533	0	0	0	NA
FBgn0267534	4	4	8	0.5
FBgn0267535	0	0	0	NA
FBgn0267536	106	84	190	0.557894736842105
FBgn0267537	92	100	192	0.479166666666667
FBgn0267538	12	16	28	0.428571428571429
FBgn0267539	108	128	236	0.457627118644068
FBgn0267540	10	9	19	0.526315789473684
FBgn0267541	84	72	156	0.538461538461538
FBgn0267542	25	36	61	0.409836065573771
FBgn0267543	0	0	0	NA
FBgn0267544	54	58	112	0.482142857142857
FBgn0267545	0	0	0	NA
FBgn0267546	4	6	10	0.4
FBgn0267547	46	68	114	0.403508771929825
FBgn0267548	29	34	63	0.46031746031746
FBgn0267549	4	3	7	0.571428571428571
FBgn0267550	30	21	51	0.588235294117647
FBgn0267551	0	0	0	NA
FBgn0267552	0	0	0	NA
FBgn0267553	0	0	0	NA
FBgn0267554	0	0	0	NA
FBgn0267555	0	0	0	NA
FBgn0267556	10	8	18	0.555555555555556
FBgn0267557	57	65	122	0.467213114754098
FBgn0267558	27	41	68	0.397058823529412
FBgn0267559	43	59	102	0.42156862745098
FBgn0267560	21	39	60	0.35
FBgn0267561	68	54	122	0.557377049180328
FBgn0267562	2	3	5	0.4
FBgn0267563	29	20	49	0.591836734693878
FBgn0267564	38	37	75	0.506666666666667
FBgn0267565	18	14	32	0.5625
FBgn0267566	25	22	47	0.531914893617021
FBgn0267567	0	0	0	NA
FBgn0267568	7	16	23	0.304347826086957
FBgn0267569	26	28	54	0.481481481481481
FBgn0267570	192	187	379	0.506596306068602
FBgn0267571	147	161	308	0.477272727272727
FBgn0267572	204	240	444	0.459459459459459
FBgn0267573	142	161	303	0.468646864686469
FBgn0267574	22	20	42	0.523809523809524
FBgn0267575	57	26	83	0.686746987951807
FBgn0267576	163	133	296	0.550675675675676
FBgn0267577	0	0	0	NA
FBgn0267578	4	7	11	0.363636363636364
FBgn0267579	211	202	413	0.51089588377724
FBgn0267580	35	35	70	0.5
FBgn0267581	57	42	99	0.575757575757576
FBgn0267582	25	30	55	0.454545454545455
FBgn0267585	69	48	117	0.58974358974359
FBgn0267586	29	21	50	0.58
FBgn0267587	3	5	8	0.375
FBgn0267588	0	0	0	NA
FBgn0267589	0	0	0	NA
FBgn0267590	5	8	13	0.384615384615385
FBgn0267591	0	0	0	NA
FBgn0267592	0	0	0	NA
FBgn0267593	0	0	0	NA
FBgn0267594	0	0	0	NA
FBgn0267595	0	0	0	NA
FBgn0267596	0	0	0	NA
FBgn0267597	44	32	76	0.578947368421053
FBgn0267598	49	38	87	0.563218390804598
FBgn0267599	62	57	119	0.521008403361345
FBgn0267600	0	2	2	0
FBgn0267601	0	0	0	NA
FBgn0267602	29	26	55	0.527272727272727
FBgn0267603	57	50	107	0.532710280373832
FBgn0267604	60	47	107	0.560747663551402
FBgn0267605	0	0	0	NA
FBgn0267606	0	2	2	0
FBgn0267607	0	0	0	NA
FBgn0267608	0	0	0	NA
FBgn0267609	0	0	0	NA
FBgn0267610	0	0	0	NA
FBgn0267611	101	115	216	0.467592592592593
FBgn0267612	5	5	10	0.5
FBgn0267613	5	5	10	0.5
FBgn0267614	4	5	9	0.444444444444444
FBgn0267615	27	33	60	0.45
FBgn0267616	38	44	82	0.463414634146341
FBgn0267617	15	11	26	0.576923076923077
FBgn0267618	41	49	90	0.455555555555556
FBgn0267619	79	86	165	0.478787878787879
FBgn0267620	12	14	26	0.461538461538462
FBgn0267621	21	12	33	0.636363636363636
FBgn0267622	0	0	0	NA
FBgn0267623	30	26	56	0.535714285714286
FBgn0267624	37	30	67	0.552238805970149
FBgn0267625	9	15	24	0.375
FBgn0267626	16	13	29	0.551724137931034
FBgn0267627	26	31	57	0.456140350877193
FBgn0267628	0	0	0	NA
FBgn0267629	30	50	80	0.375
FBgn0267630	0	0	0	NA
FBgn0267631	0	0	0	NA
FBgn0267632	0	0	0	NA
FBgn0267633	45	52	97	0.463917525773196
FBgn0267634	8	20	28	0.285714285714286
FBgn0267635	40	38	78	0.512820512820513
FBgn0267636	0	0	0	NA
FBgn0267637	0	0	0	NA
FBgn0267638	32	41	73	0.438356164383562
FBgn0267639	49	41	90	0.544444444444444
FBgn0267640	78	83	161	0.484472049689441
FBgn0267641	60	43	103	0.58252427184466
FBgn0267642	0	0	0	NA
FBgn0267643	85	77	162	0.524691358024691
FBgn0267644	97	97	194	0.5
FBgn0267645	36	31	67	0.537313432835821
FBgn0267646	71	60	131	0.541984732824427
FBgn0267647	21	14	35	0.6
FBgn0267648	0	0	0	NA
FBgn0267649	0	0	0	NA
FBgn0267650	0	0	0	NA
FBgn0267651	0	0	0	NA
FBgn0267652	0	0	0	NA
FBgn0267653	60	71	131	0.458015267175573
FBgn0267655	32	42	74	0.432432432432432
FBgn0267656	23	19	42	0.547619047619048
FBgn0267657	0	0	0	NA
FBgn0267658	107	120	227	0.47136563876652
FBgn0267659	51	51	102	0.5
FBgn0267660	63	51	114	0.552631578947368
FBgn0267661	0	0	0	NA
FBgn0267662	61	38	99	0.616161616161616
FBgn0267663	59	67	126	0.468253968253968
FBgn0267664	48	40	88	0.545454545454545
FBgn0267665	1405	1317	2722	0.516164584864071
FBgn0267666	322	315	637	0.505494505494505
FBgn0267667	174	179	353	0.492917847025496
FBgn0267668	580	627	1207	0.48053024026512
FBgn0267671	52	42	94	0.553191489361702
FBgn0267672	0	0	0	NA
FBgn0267673	27	29	56	0.482142857142857
FBgn0267674	45	26	71	0.633802816901408
FBgn0267675	30	30	60	0.5
FBgn0267676	13	20	33	0.393939393939394
FBgn0267677	58	53	111	0.522522522522523
FBgn0267678	31	29	60	0.516666666666667
FBgn0267679	72	69	141	0.51063829787234
FBgn0267680	78	81	159	0.490566037735849
FBgn0267681	75	70	145	0.517241379310345
FBgn0267682	2	0	2	1
FBgn0267683	39	22	61	0.639344262295082
FBgn0267684	0	0	0	NA
FBgn0267685	0	1	1	0
FBgn0267686	0	0	0	NA
FBgn0267687	0	0	0	NA
FBgn0267688	36	37	73	0.493150684931507
FBgn0267689	371	373	744	0.498655913978495
FBgn0267690	113	101	214	0.52803738317757
FBgn0267691	67	76	143	0.468531468531469
FBgn0267692	68	60	128	0.53125
FBgn0267693	142	161	303	0.468646864686469
FBgn0267694	27	28	55	0.490909090909091
FBgn0267695	110	135	245	0.448979591836735
FBgn0267696	56	82	138	0.405797101449275
FBgn0267697	42	48	90	0.466666666666667
FBgn0267698	60	58	118	0.508474576271186
FBgn0267701	0	0	0	NA
FBgn0267702	123	122	245	0.502040816326531
FBgn0267703	81	60	141	0.574468085106383
FBgn0267704	398	463	861	0.462253193960511
FBgn0267705	0	0	0	NA
FBgn0267706	88	92	180	0.488888888888889
FBgn0267707	13	13	26	0.5
FBgn0267708	58	62	120	0.483333333333333
FBgn0267709	67	56	123	0.544715447154472
FBgn0267710	48	48	96	0.5
FBgn0267711	7	11	18	0.388888888888889
FBgn0267712	23	14	37	0.621621621621622
FBgn0267713	84	97	181	0.464088397790055
FBgn0267714	25	30	55	0.454545454545455
FBgn0267715	0	0	0	NA
FBgn0267716	21	27	48	0.4375
FBgn0267717	0	0	0	NA
FBgn0267719	35	22	57	0.614035087719298
FBgn0267720	66	73	139	0.474820143884892
FBgn0267721	5	2	7	0.714285714285714
FBgn0267722	18	21	39	0.461538461538462
FBgn0267723	24	4	28	0.857142857142857
FBgn0267724	34	27	61	0.557377049180328
FBgn0267725	0	0	0	NA
FBgn0267726	45	35	80	0.5625
FBgn0267727	168	200	368	0.456521739130435
FBgn0267728	137	116	253	0.541501976284585
FBgn0267729	46	40	86	0.534883720930233
FBgn0267730	289	270	559	0.516994633273703
FBgn0267731	82	78	160	0.5125
FBgn0267732	58	59	117	0.495726495726496
FBgn0267733	39	30	69	0.565217391304348
FBgn0267734	14	17	31	0.451612903225806
FBgn0267735	45	42	87	0.517241379310345
FBgn0267736	0	0	0	NA
FBgn0267737	2	1	3	0.666666666666667
FBgn0267738	68	37	105	0.647619047619048
FBgn0267739	16	21	37	0.432432432432432
FBgn0267740	0	0	0	NA
FBgn0267741	47	40	87	0.540229885057471
FBgn0267742	38	43	81	0.469135802469136
FBgn0267743	0	0	0	NA
FBgn0267744	37	27	64	0.578125
FBgn0267745	67	75	142	0.471830985915493
FBgn0267746	39	22	61	0.639344262295082
FBgn0267747	17	31	48	0.354166666666667
FBgn0267748	22	30	52	0.423076923076923
FBgn0267749	0	0	0	NA
FBgn0267750	0	0	0	NA
FBgn0267751	21	27	48	0.4375
FBgn0267752	48	58	106	0.452830188679245
FBgn0267753	109	90	199	0.547738693467337
FBgn0267754	29	36	65	0.446153846153846
FBgn0267755	46	57	103	0.446601941747573
FBgn0267756	3	2	5	0.6
FBgn0267757	74	62	136	0.544117647058823
FBgn0267758	94	105	199	0.472361809045226
FBgn0267759	40	40	80	0.5
FBgn0267760	47	58	105	0.447619047619048
FBgn0267761	0	0	0	NA
FBgn0267762	12	9	21	0.571428571428571
FBgn0267763	77	63	140	0.55
FBgn0267764	63	67	130	0.484615384615385
FBgn0267765	8	17	25	0.32
FBgn0267766	0	0	0	NA
FBgn0267767	2	1	3	0.666666666666667
FBgn0267768	3	3	6	0.5
FBgn0267769	77	83	160	0.48125
FBgn0267770	8	13	21	0.380952380952381
FBgn0267771	33	29	62	0.532258064516129
FBgn0267772	41	46	87	0.471264367816092
FBgn0267773	16	17	33	0.484848484848485
FBgn0267774	5	8	13	0.384615384615385
FBgn0267775	54	44	98	0.551020408163265
FBgn0267776	0	1	1	0
FBgn0267777	120	131	251	0.47808764940239
FBgn0267778	3	4	7	0.428571428571429
FBgn0267779	68	64	132	0.515151515151515
FBgn0267780	76	68	144	0.527777777777778
FBgn0267781	19	27	46	0.41304347826087
FBgn0267782	79	78	157	0.503184713375796
FBgn0267783	29	32	61	0.475409836065574
FBgn0267785	52	53	105	0.495238095238095
FBgn0267786	61	47	108	0.564814814814815
FBgn0267787	30	21	51	0.588235294117647
FBgn0267788	3	3	6	0.5
FBgn0267789	54	50	104	0.519230769230769
FBgn0267790	108	68	176	0.613636363636364
FBgn0267791	229	229	458	0.5
FBgn0267792	223	194	417	0.534772182254197
FBgn0267793	698	711	1409	0.495386799148332
FBgn0267794	186	215	401	0.463840399002494
FBgn0267795	416	464	880	0.472727272727273
FBgn0267796	588	584	1172	0.501706484641638
FBgn0267797	0	0	0	NA
FBgn0267798	24	13	37	0.648648648648649
FBgn0267799	30	22	52	0.576923076923077
FBgn0267800	4	4	8	0.5
FBgn0267801	0	0	0	NA
FBgn0267802	26	28	54	0.481481481481481
FBgn0267803	1	0	1	1
FBgn0267804	0	0	0	NA
FBgn0267805	1	0	1	1
FBgn0267806	29	29	58	0.5
FBgn0267807	52	36	88	0.590909090909091
FBgn0267808	0	0	0	NA
FBgn0267809	0	3	3	0
FBgn0267810	6	3	9	0.666666666666667
FBgn0267811	13	12	25	0.52
FBgn0267812	0	3	3	0
FBgn0267813	3	2	5	0.6
FBgn0267814	0	1	1	0
FBgn0267815	0	0	0	NA
FBgn0267816	2	5	7	0.285714285714286
FBgn0267817	70	64	134	0.522388059701492
FBgn0267818	23	20	43	0.534883720930233
FBgn0267819	0	0	0	NA
FBgn0267820	28	35	63	0.444444444444444
FBgn0267821	78	89	167	0.467065868263473
FBgn0267823	91	107	198	0.45959595959596
FBgn0267824	69	73	142	0.485915492957746
FBgn0267826	0	1	1	0
FBgn0267827	53	33	86	0.616279069767442
FBgn0267828	267	289	556	0.48021582733813
FBgn0267849	87	97	184	0.472826086956522
FBgn0267861	72	65	137	0.525547445255474
FBgn0267862	0	0	0	NA
FBgn0267863	0	0	0	NA
FBgn0267864	0	0	0	NA
FBgn0267865	7	5	12	0.583333333333333
FBgn0267866	0	0	0	NA
FBgn0267867	0	0	0	NA
FBgn0267868	11	14	25	0.44
FBgn0267869	0	0	0	NA
FBgn0267870	0	0	0	NA
FBgn0267871	0	0	0	NA
FBgn0267872	0	0	0	NA
FBgn0267873	0	0	0	NA
FBgn0267874	0	0	0	NA
FBgn0267875	0	0	0	NA
FBgn0267876	0	0	0	NA
FBgn0267877	0	0	0	NA
FBgn0267878	0	0	0	NA
FBgn0267879	0	0	0	NA
FBgn0267880	0	0	0	NA
FBgn0267881	0	0	0	NA
FBgn0267882	0	0	0	NA
FBgn0267883	0	0	0	NA
FBgn0267884	0	0	0	NA
FBgn0267885	0	0	0	NA
FBgn0267886	0	0	0	NA
FBgn0267887	0	0	0	NA
FBgn0267888	0	0	0	NA
FBgn0267889	0	0	0	NA
FBgn0267890	0	0	0	NA
FBgn0267891	0	0	0	NA
FBgn0267892	0	0	0	NA
FBgn0267893	0	0	0	NA
FBgn0267894	0	0	0	NA
FBgn0267895	0	0	0	NA
FBgn0267896	0	0	0	NA
FBgn0267897	0	0	0	NA
FBgn0267898	0	0	0	NA
FBgn0267899	0	0	0	NA
FBgn0267900	0	0	0	NA
FBgn0267901	0	0	0	NA
FBgn0267902	0	0	0	NA
FBgn0267903	0	0	0	NA
FBgn0267904	0	0	0	NA
FBgn0267905	0	0	0	NA
FBgn0267910	49	40	89	0.550561797752809
FBgn0267912	309	409	718	0.430362116991643
FBgn0267913	14	11	25	0.56
FBgn0267914	1	0	1	1
FBgn0267915	89	95	184	0.483695652173913
FBgn0267916	70	95	165	0.424242424242424
FBgn0267917	51	51	102	0.5
FBgn0267918	75	67	142	0.528169014084507
FBgn0267919	52	40	92	0.565217391304348
FBgn0267921	71	52	123	0.577235772357724
FBgn0267922	70	86	156	0.448717948717949
FBgn0267923	147	167	314	0.468152866242038
FBgn0267924	17	14	31	0.548387096774194
FBgn0267925	94	77	171	0.549707602339181
FBgn0267926	26	30	56	0.464285714285714
FBgn0267927	165	149	314	0.525477707006369
FBgn0267928	70	74	144	0.486111111111111
FBgn0267929	42	44	86	0.488372093023256
FBgn0267930	40	41	81	0.493827160493827
FBgn0267932	83	77	160	0.51875
FBgn0267933	39	36	75	0.52
FBgn0267934	261	284	545	0.478899082568807
FBgn0267935	58	51	109	0.532110091743119
FBgn0267936	73	67	140	0.521428571428571
FBgn0267937	42	62	104	0.403846153846154
FBgn0267938	123	129	252	0.488095238095238
FBgn0267939	133	117	250	0.532
FBgn0267940	12	20	32	0.375
FBgn0267941	26	32	58	0.448275862068966
FBgn0267944	26	10	36	0.722222222222222
FBgn0267945	22	12	34	0.647058823529412
FBgn0267946	57	53	110	0.518181818181818
FBgn0267947	15	4	19	0.789473684210526
FBgn0267948	21	18	39	0.538461538461538
FBgn0267949	65	60	125	0.52
FBgn0267950	54	64	118	0.457627118644068
FBgn0267951	19	22	41	0.463414634146341
FBgn0267952	75	85	160	0.46875
FBgn0267953	152	152	304	0.5
FBgn0267954	86	74	160	0.5375
FBgn0267955	42	52	94	0.446808510638298
FBgn0267956	70	49	119	0.588235294117647
FBgn0267957	83	58	141	0.588652482269504
FBgn0267958	49	56	105	0.466666666666667
FBgn0267959	44	45	89	0.49438202247191
FBgn0267960	77	62	139	0.553956834532374
FBgn0267961	54	47	101	0.534653465346535
FBgn0267962	44	29	73	0.602739726027397
FBgn0267963	62	44	106	0.584905660377358
FBgn0267964	0	0	0	NA
FBgn0267965	64	73	137	0.467153284671533
FBgn0267966	34	43	77	0.441558441558442
FBgn0267967	32	21	53	0.60377358490566
FBgn0267969	97	86	183	0.530054644808743
FBgn0267970	40	47	87	0.459770114942529
FBgn0267972	75	83	158	0.474683544303797
FBgn0267975	369	356	725	0.508965517241379
FBgn0267976	0	1	1	0
FBgn0267977	85	81	166	0.512048192771084
FBgn0267978	198	223	421	0.470308788598575
FBgn0267982	27	27	54	0.5
FBgn0267983	22	21	43	0.511627906976744
FBgn0267984	0	0	0	NA
FBgn0267985	29	31	60	0.483333333333333
FBgn0267986	85	67	152	0.559210526315789
FBgn0267987	42	35	77	0.545454545454545
FBgn0267988	23	29	52	0.442307692307692
FBgn0267989	18	22	40	0.45
FBgn0267990	0	0	0	NA
FBgn0267991	97	100	197	0.49238578680203
FBgn0267992	75	81	156	0.480769230769231
FBgn0267993	113	148	261	0.432950191570881
FBgn0267994	1	3	4	0.25
FBgn0267995	3	4	7	0.428571428571429
FBgn0267996	2	1	3	0.666666666666667
FBgn0268063	214	205	419	0.510739856801909
FBgn0270924	208	184	392	0.530612244897959
FBgn0270925	118	117	235	0.502127659574468
FBgn0270926	0	0	0	NA
FBgn0270927	12	11	23	0.521739130434783
FBgn0270928	383	407	790	0.484810126582278
FBgn0275432	24	26	50	0.48
FBgn0275433	33	28	61	0.540983606557377
FBgn0275434	0	0	0	NA
FBgn0275436	99	95	194	0.510309278350515
FBgn0278597	95	108	203	0.467980295566502
FBgn0278598	127	103	230	0.552173913043478
FBgn0278599	0	0	0	NA
FBgn0278600	1	0	1	1
FBgn0278604	16	12	28	0.571428571428571
FBgn0278608	235	249	484	0.485537190082645
FBgn0283426	119	115	234	0.508547008547009
FBgn0283427	203	228	431	0.470997679814385
FBgn0283428	113	100	213	0.530516431924883
FBgn0283432	0	0	0	NA
FBgn0283433	0	6	6	0
FBgn0283434	1	0	1	1
FBgn0283435	0	0	0	NA
FBgn0283437	241	258	499	0.482965931863727
FBgn0283438	84	77	161	0.521739130434783
FBgn0283439	8	12	20	0.4
FBgn0283440	117	116	233	0.502145922746781
FBgn0283442	97	85	182	0.532967032967033
FBgn0283450	7	19	26	0.269230769230769
FBgn0283451	572	588	1160	0.493103448275862
FBgn0283461	60	50	110	0.545454545454545
FBgn0283462	0	0	0	NA
FBgn0283467	88	81	169	0.520710059171598
FBgn0283468	153	148	301	0.508305647840532
FBgn0283469	176	195	371	0.474393530997305
FBgn0283471	143	165	308	0.464285714285714
FBgn0283472	341	341	682	0.5
FBgn0283473	13	26	39	0.333333333333333
FBgn0283476	1123	1061	2184	0.514194139194139
FBgn0283477	126	147	273	0.461538461538462
FBgn0283478	134	132	266	0.503759398496241
FBgn0283479	93	64	157	0.592356687898089
FBgn0283480	149	163	312	0.477564102564103
FBgn0283494	12	5	17	0.705882352941177
FBgn0283499	643	692	1335	0.481647940074906
FBgn0283500	156	157	313	0.498402555910543
FBgn0283501	204	253	457	0.446389496717724
FBgn0283503	382	372	754	0.506631299734748
FBgn0283508	261	261	522	0.5
FBgn0283509	89	103	192	0.463541666666667
FBgn0283510	152	129	281	0.540925266903915
FBgn0283521	1537	1419	2956	0.519959404600812
FBgn0283525	120	114	234	0.512820512820513
FBgn0283531	478	532	1010	0.473267326732673
FBgn0283535	14	16	30	0.466666666666667
FBgn0283536	6	2	8	0.75
FBgn0283545	68	56	124	0.548387096774194
FBgn0283546	0	0	0	NA
FBgn0283547	5	3	8	0.625
FBgn0283548	0	0	0	NA
FBgn0283549	0	0	0	NA
FBgn0283550	9	6	15	0.6
FBgn0283551	21	23	44	0.477272727272727
FBgn0283553	0	0	0	NA
FBgn0283554	0	0	0	NA
FBgn0283555	0	0	0	NA
FBgn0283557	19	20	39	0.487179487179487
FBgn0283558	0	0	0	NA
FBgn0283559	10	6	16	0.625
FBgn0283560	0	0	0	NA
FBgn0283561	0	0	0	NA
FBgn0283562	0	0	0	NA
FBgn0283625	64	64	128	0.5
FBgn0283626	40	67	107	0.373831775700935
FBgn0283627	43	49	92	0.467391304347826
FBgn0283637	0	0	0	NA
FBgn0283638	0	0	0	NA
FBgn0283639	0	1	1	0
FBgn0283649	25	24	49	0.510204081632653
FBgn0283651	524	573	1097	0.477666362807657
FBgn0283652	28	38	66	0.424242424242424
FBgn0283657	506	467	973	0.520041109969168
FBgn0283658	248	272	520	0.476923076923077
FBgn0283659	99	107	206	0.480582524271845
FBgn0283666	100	131	231	0.432900432900433
FBgn0283678	96	126	222	0.432432432432432
FBgn0283680	422	422	844	0.5
FBgn0283681	45	62	107	0.420560747663551
FBgn0283682	284	314	598	0.474916387959866
FBgn0283712	247	251	498	0.495983935742972
FBgn0283724	243	280	523	0.464627151051625
FBgn0283728	96	120	216	0.444444444444444
FBgn0283741	354	398	752	0.470744680851064
FBgn0284080	0	1	1	0
FBgn0284081	0	0	0	NA
FBgn0284082	70	47	117	0.598290598290598
FBgn0284083	0	0	0	NA
FBgn0284084	164	164	328	0.5
FBgn0284220	96	105	201	0.477611940298507
FBgn0284221	527	453	980	0.537755102040816
FBgn0284222	0	0	0	NA
FBgn0284223	0	0	0	NA
FBgn0284224	0	0	0	NA
FBgn0284225	0	0	0	NA
FBgn0284226	0	0	0	NA
FBgn0284227	0	0	0	NA
FBgn0284228	0	0	0	NA
FBgn0284229	0	0	0	NA
FBgn0284230	0	0	0	NA
FBgn0284231	0	0	0	NA
FBgn0284232	0	0	0	NA
FBgn0284233	0	0	0	NA
FBgn0284234	0	0	0	NA
FBgn0284235	0	0	0	NA
FBgn0284236	0	0	0	NA
FBgn0284237	0	0	0	NA
FBgn0284238	42	47	89	0.471910112359551
FBgn0284243	131	154	285	0.459649122807018
FBgn0284244	220	224	444	0.495495495495495
FBgn0284245	130	112	242	0.537190082644628
FBgn0284246	63	73	136	0.463235294117647
FBgn0284247	1003	915	1918	0.522940563086548
FBgn0284248	53	54	107	0.495327102803738
FBgn0284249	42	35	77	0.545454545454545
FBgn0284250	446	431	877	0.508551881413911
FBgn0284251	185	161	346	0.534682080924855
FBgn0284252	235	178	413	0.569007263922518
FBgn0284253	380	384	764	0.49738219895288
FBgn0284254	13	25	38	0.342105263157895
FBgn0284255	83	56	139	0.597122302158273
FBgn0284256	231	261	492	0.469512195121951
FBgn0284257	252	213	465	0.541935483870968
FBgn0284408	1702	1679	3381	0.503401360544218
FBgn0284409	22	25	47	0.468085106382979
FBgn0284410	30	29	59	0.508474576271186
FBgn0284411	48	59	107	0.448598130841121
FBgn0284412	2	1	3	0.666666666666667
FBgn0284413	39	38	77	0.506493506493506
FBgn0284414	64	85	149	0.429530201342282
FBgn0284415	70	58	128	0.546875
FBgn0284416	60	54	114	0.526315789473684
FBgn0284417	24	41	65	0.369230769230769
FBgn0284418	19	25	44	0.431818181818182
FBgn0284419	28	21	49	0.571428571428571
FBgn0284420	28	21	49	0.571428571428571
FBgn0284421	64	62	126	0.507936507936508
FBgn0284435	101	90	191	0.528795811518325
FBgn0284436	112	87	199	0.562814070351759
FBgn0284442	250	228	478	0.523012552301255
FBgn0284444	1	2	3	0.333333333333333
FBgn0285879	362	393	755	0.479470198675497
FBgn0285892	275	279	554	0.496389891696751
FBgn0285896	371	314	685	0.541605839416058
FBgn0285910	142	105	247	0.574898785425101
FBgn0285911	119	144	263	0.452471482889734
FBgn0285912	127	103	230	0.552173913043478
FBgn0285913	160	148	308	0.519480519480519
FBgn0285917	492	449	941	0.522848034006376
FBgn0285925	289	322	611	0.472995090016367
FBgn0285926	433	491	924	0.468614718614719
FBgn0285937	22	35	57	0.385964912280702
FBgn0285938	131	132	263	0.498098859315589
FBgn0285940	18	5	23	0.782608695652174
FBgn0285941	0	0	0	NA
FBgn0285943	234	219	453	0.516556291390728
FBgn0285944	1120	1190	2310	0.484848484848485
FBgn0285947	114	100	214	0.532710280373832
FBgn0285948	92	68	160	0.575
FBgn0285949	32	28	60	0.533333333333333
FBgn0285950	15	19	34	0.441176470588235
FBgn0285951	16	15	31	0.516129032258065
FBgn0285952	47	38	85	0.552941176470588
FBgn0285954	106	124	230	0.460869565217391
FBgn0285955	541	522	1063	0.508936970837253
FBgn0285958	0	0	0	NA
FBgn0285959	0	0	0	NA
FBgn0285962	38	42	80	0.475
FBgn0285963	556	600	1156	0.480968858131488
FBgn0285966	0	0	0	NA
FBgn0285969	9	3	12	0.75
FBgn0285970	0	1	1	0
FBgn0285971	109	111	220	0.495454545454545
FBgn0285975	0	0	0	NA
FBgn0285976	0	0	0	NA
FBgn0285991	61	57	118	0.516949152542373
FBgn0285992	4	28	32	0.125
FBgn0285993	0	0	0	NA
FBgn0285994	0	0	0	NA
FBgn0286004	8	4	12	0.666666666666667
FBgn0286005	0	0	0	NA
FBgn0286006	0	0	0	NA
FBgn0286007	0	0	0	NA
FBgn0286027	107	86	193	0.55440414507772
FBgn0286028	79	79	158	0.5
FBgn0286029	59	61	120	0.491666666666667
FBgn0286030	42	54	96	0.4375
FBgn0286031	34	45	79	0.430379746835443
FBgn0286032	10	11	21	0.476190476190476
FBgn0286033	55	50	105	0.523809523809524
FBgn0286034	133	162	295	0.450847457627119
FBgn0286035	0	0	0	NA
FBgn0286036	0	0	0	NA
FBgn0286037	8	11	19	0.421052631578947
FBgn0286038	15	15	30	0.5
FBgn0286039	0	2	2	0
FBgn0286040	30	38	68	0.441176470588235
FBgn0286041	2	2	4	0.5
FBgn0286042	22	37	59	0.372881355932203
FBgn0286051	144	144	288	0.5
FBgn0286070	315	342	657	0.479452054794521
FBgn0286071	533	593	1126	0.47335701598579
FBgn0286075	103	144	247	0.417004048582996
FBgn0286198	360	302	662	0.54380664652568
FBgn0286199	150	117	267	0.561797752808989
FBgn0286203	327	310	637	0.513343799058085
FBgn0286204	183	168	351	0.521367521367521
FBgn0286213	30	30	60	0.5
FBgn0286222	130	141	271	0.47970479704797
FBgn0286506	0	0	0	NA
FBgn0286507	23	24	47	0.48936170212766
FBgn0286508	0	0	0	NA
FBgn0286511	284	290	574	0.494773519163763
FBgn0286516	63	62	125	0.504
FBgn0286517	2	15	17	0.117647058823529
FBgn0286518	0	0	0	NA
FBgn0286519	0	0	0	NA
FBgn0286567	296	337	633	0.467614533965245
FBgn0286723	163	200	363	0.449035812672176
FBgn0286726	6	12	18	0.333333333333333
FBgn0286727	5	5	10	0.5
FBgn0286728	37	42	79	0.468354430379747
FBgn0286729	0	0	0	NA
FBgn0286730	29	25	54	0.537037037037037
FBgn0286731	30	29	59	0.508474576271186
FBgn0286732	13	8	21	0.619047619047619
FBgn0286733	26	13	39	0.666666666666667
FBgn0286734	10	10	20	0.5
FBgn0286735	40	32	72	0.555555555555556
FBgn0286736	50	48	98	0.510204081632653
FBgn0286737	0	0	0	NA
FBgn0286738	0	0	0	NA
FBgn0286739	0	0	0	NA
FBgn0286740	0	0	0	NA
FBgn0286741	0	0	0	NA
FBgn0286758	0	0	0	NA
FBgn0286778	252	277	529	0.476370510396975
FBgn0286781	106	160	266	0.398496240601504
FBgn0286782	197	190	387	0.509043927648579
FBgn0286783	73	67	140	0.521428571428571
FBgn0286784	88	98	186	0.473118279569892
FBgn0286785	388	371	759	0.511198945981555
FBgn0286786	30	30	60	0.5
FBgn0286788	93	108	201	0.462686567164179
FBgn0286809	463	516	979	0.472931562819203
FBgn0286813	201	190	391	0.514066496163683
FBgn0286818	47	38	85	0.552941176470588
FBgn0286827	435	457	892	0.487668161434978
FBgn0286828	133	130	263	0.505703422053232
FBgn0286831	484	433	917	0.527808069792803
FBgn0286833	11	7	18	0.611111111111111
FBgn0286834	9	25	34	0.264705882352941
FBgn0286852	216	261	477	0.452830188679245
FBgn0286867	0	0	0	NA
FBgn0286868	0	0	0	NA
FBgn0286869	43	35	78	0.551282051282051
FBgn0286870	0	0	0	NA
FBgn0286871	8	18	26	0.307692307692308
FBgn0286872	112	87	199	0.562814070351759
FBgn0286873	38	42	80	0.475
FBgn0286874	17	22	39	0.435897435897436
FBgn0286875	37	41	78	0.474358974358974
FBgn0286876	39	40	79	0.493670886075949
FBgn0286877	115	115	230	0.5
FBgn0286878	18	19	37	0.486486486486487
FBgn0286879	0	0	0	NA
FBgn0286880	35	32	67	0.522388059701492
FBgn0286881	58	62	120	0.483333333333333
FBgn0286882	57	74	131	0.435114503816794
FBgn0286883	8	3	11	0.727272727272727
FBgn0286884	36	55	91	0.395604395604396
FBgn0286885	28	23	51	0.549019607843137
FBgn0286889	19	20	39	0.487179487179487
FBgn0286890	44	35	79	0.556962025316456
FBgn0286891	46	41	87	0.528735632183908
FBgn0286892	23	27	50	0.46
FBgn0286893	0	0	0	NA
FBgn0286898	101	113	214	0.47196261682243
FBgn0286913	83	76	159	0.522012578616352
FBgn0286914	58	64	122	0.475409836065574
FBgn0286915	0	0	0	NA
FBgn0286916	0	0	0	NA
FBgn0286917	0	0	0	NA
FBgn0286918	11	16	27	0.407407407407407
FBgn0286919	45	58	103	0.436893203883495
FBgn0286920	0	0	0	NA
FBgn0286921	0	7	7	0
FBgn0286925	148	153	301	0.491694352159468
FBgn0286926	17	13	30	0.566666666666667
FBgn0286927	28	24	52	0.538461538461538
FBgn0286928	37	25	62	0.596774193548387
FBgn0286929	0	0	0	NA
FBgn0286930	0	0	0	NA
FBgn0286931	0	0	0	NA
FBgn0286932	0	0	0	NA
FBgn0286933	81	104	185	0.437837837837838
FBgn0286937	31	20	51	0.607843137254902
FBgn0286938	90	76	166	0.542168674698795
FBgn0286939	0	0	0	NA
FBgn0286940	0	0	0	NA
FBgn0286941	0	0	0	NA
