geneID	DGRP.177	SP.159N	Total.Count	Fraction.DGRP
FBgn0000003	0	0	0	NA
FBgn0000008	393	386	779	0.504492939666239
FBgn0000014	167	167	334	0.5
FBgn0000015	627	690	1317	0.476082004555809
FBgn0000017	183	158	341	0.536656891495601
FBgn0000018	77	70	147	0.523809523809524
FBgn0000022	0	0	0	NA
FBgn0000024	341	324	665	0.512781954887218
FBgn0000028	248	2	250	0.992
FBgn0000032	130	148	278	0.467625899280576
FBgn0000036	617	588	1205	0.512033195020747
FBgn0000037	211	233	444	0.475225225225225
FBgn0000038	233	239	472	0.49364406779661
FBgn0000039	265	227	492	0.538617886178862
FBgn0000042	81	0	81	1
FBgn0000043	44	42	86	0.511627906976744
FBgn0000044	71	51	122	0.581967213114754
FBgn0000045	24	17	41	0.585365853658537
FBgn0000046	40	51	91	0.43956043956044
FBgn0000047	47	65	112	0.419642857142857
FBgn0000052	241	209	450	0.535555555555556
FBgn0000053	331	307	638	0.518808777429467
FBgn0000055	0	0	0	NA
FBgn0000056	0	0	0	NA
FBgn0000057	76	60	136	0.558823529411765
FBgn0000061	105	87	192	0.546875
FBgn0000063	120	141	261	0.459770114942529
FBgn0000064	169	151	320	0.528125
FBgn0000071	47	33	80	0.5875
FBgn0000075	154	148	302	0.509933774834437
FBgn0000077	40	0	40	1
FBgn0000078	44	65	109	0.403669724770642
FBgn0000079	50	77	127	0.393700787401575
FBgn0000083	197	201	398	0.494974874371859
FBgn0000084	60	0	60	1
FBgn0000092	49	1	50	0.98
FBgn0000094	72	70	142	0.507042253521127
FBgn0000097	213	210	423	0.50354609929078
FBgn0000100	4	5	9	0.444444444444444
FBgn0000108	166	0	166	1
FBgn0000109	74	71	145	0.510344827586207
FBgn0000114	625	624	1249	0.500400320256205
FBgn0000115	69	64	133	0.518796992481203
FBgn0000116	214	224	438	0.488584474885845
FBgn0000117	111	0	111	1
FBgn0000119	454	396	850	0.534117647058823
FBgn0000120	209	200	409	0.511002444987775
FBgn0000121	53	49	102	0.519607843137255
FBgn0000137	120	1	121	0.991735537190083
FBgn0000139	120	101	221	0.542986425339366
FBgn0000140	353	375	728	0.48489010989011
FBgn0000146	156	167	323	0.48297213622291
FBgn0000147	79	80	159	0.49685534591195
FBgn0000150	10	13	23	0.434782608695652
FBgn0000152	99	0	99	1
FBgn0000153	110	145	255	0.431372549019608
FBgn0000157	101	130	231	0.437229437229437
FBgn0000158	71	54	125	0.568
FBgn0000163	450	0	450	1
FBgn0000166	48	77	125	0.384
FBgn0000173	64	0	64	1
FBgn0000179	362	2	364	0.994505494505495
FBgn0000180	159	171	330	0.481818181818182
FBgn0000181	53	52	105	0.504761904761905
FBgn0000182	2	6	8	0.25
FBgn0000183	248	284	532	0.466165413533835
FBgn0000206	72	82	154	0.467532467532468
FBgn0000212	214	225	439	0.4874715261959
FBgn0000216	40	41	81	0.493827160493827
FBgn0000221	101	0	101	1
FBgn0000227	101	85	186	0.543010752688172
FBgn0000228	348	397	745	0.467114093959732
FBgn0000229	140	107	247	0.566801619433198
FBgn0000233	137	0	137	1
FBgn0000239	24	19	43	0.558139534883721
FBgn0000241	130	150	280	0.464285714285714
FBgn0000244	56	56	112	0.5
FBgn0000246	47	47	94	0.5
FBgn0000247	352	332	684	0.514619883040936
FBgn0000250	221	220	441	0.501133786848073
FBgn0000251	104	106	210	0.495238095238095
FBgn0000253	260	272	532	0.488721804511278
FBgn0000256	401	431	832	0.481971153846154
FBgn0000257	159	1	160	0.99375
FBgn0000259	258	0	258	1
FBgn0000261	20	27	47	0.425531914893617
FBgn0000273	284	285	569	0.499121265377856
FBgn0000274	62	72	134	0.462686567164179
FBgn0000276	60	43	103	0.58252427184466
FBgn0000277	66	52	118	0.559322033898305
FBgn0000278	55	61	116	0.474137931034483
FBgn0000279	57	48	105	0.542857142857143
FBgn0000280	45	45	90	0.5
FBgn0000281	39	54	93	0.419354838709677
FBgn0000283	10	8	18	0.555555555555556
FBgn0000286	146	161	307	0.47557003257329
FBgn0000287	338	319	657	0.514459665144597
FBgn0000289	219	224	443	0.494356659142212
FBgn0000299	209	243	452	0.462389380530973
FBgn0000303	148	139	287	0.515679442508711
FBgn0000307	206	254	460	0.447826086956522
FBgn0000308	116	115	231	0.502164502164502
FBgn0000316	40	0	40	1
FBgn0000317	562	547	1109	0.506762849413886
FBgn0000318	27	27	54	0.5
FBgn0000319	225	1	226	0.995575221238938
FBgn0000320	243	224	467	0.5203426124197
FBgn0000326	115	133	248	0.463709677419355
FBgn0000330	163	2	165	0.987878787878788
FBgn0000337	17	17	34	0.5
FBgn0000339	30	45	75	0.4
FBgn0000346	167	0	167	1
FBgn0000351	48	51	99	0.484848484848485
FBgn0000352	183	166	349	0.524355300859599
FBgn0000355	25	40	65	0.384615384615385
FBgn0000356	41	41	82	0.5
FBgn0000357	50	58	108	0.462962962962963
FBgn0000358	68	67	135	0.503703703703704
FBgn0000359	48	0	48	1
FBgn0000360	75	0	75	1
FBgn0000370	42	56	98	0.428571428571429
FBgn0000376	199	0	199	1
FBgn0000377	74	1	75	0.986666666666667
FBgn0000382	277	6	283	0.978798586572438
FBgn0000384	28	42	70	0.4
FBgn0000392	0	0	0	NA
FBgn0000394	36	0	36	1
FBgn0000395	209	181	390	0.535897435897436
FBgn0000404	208	222	430	0.483720930232558
FBgn0000405	144	137	281	0.512455516014235
FBgn0000406	87	89	176	0.494318181818182
FBgn0000411	114	84	198	0.575757575757576
FBgn0000412	68	80	148	0.459459459459459
FBgn0000414	377	346	723	0.521438450899032
FBgn0000416	132	133	265	0.49811320754717
FBgn0000422	129	134	263	0.490494296577947
FBgn0000426	0	0	0	NA
FBgn0000427	235	0	235	1
FBgn0000439	113	116	229	0.493449781659389
FBgn0000442	29	42	71	0.408450704225352
FBgn0000447	47	41	88	0.534090909090909
FBgn0000448	116	99	215	0.53953488372093
FBgn0000449	122	133	255	0.47843137254902
FBgn0000451	208	207	415	0.501204819277108
FBgn0000454	94	82	176	0.534090909090909
FBgn0000455	46	43	89	0.51685393258427
FBgn0000459	131	2	133	0.984962406015038
FBgn0000463	269	291	560	0.480357142857143
FBgn0000464	111	128	239	0.464435146443515
FBgn0000473	88	74	162	0.54320987654321
FBgn0000477	84	87	171	0.491228070175439
FBgn0000479	952	18	970	0.981443298969072
FBgn0000482	160	1	161	0.993788819875776
FBgn0000489	190	200	390	0.487179487179487
FBgn0000490	233	243	476	0.489495798319328
FBgn0000492	129	125	254	0.507874015748031
FBgn0000499	91	0	91	1
FBgn0000500	6	11	17	0.352941176470588
FBgn0000504	224	240	464	0.482758620689655
FBgn0000520	96	0	96	1
FBgn0000524	155	4	159	0.974842767295597
FBgn0000527	250	226	476	0.525210084033613
FBgn0000529	136	146	282	0.482269503546099
FBgn0000533	38	22	60	0.633333333333333
FBgn0000535	584	15	599	0.974958263772955
FBgn0000536	207	0	207	1
FBgn0000541	41	37	78	0.525641025641026
FBgn0000542	611	2	613	0.99673735725938
FBgn0000543	140	127	267	0.524344569288389
FBgn0000546	244	216	460	0.530434782608696
FBgn0000547	507	479	986	0.51419878296146
FBgn0000551	47	63	110	0.427272727272727
FBgn0000552	45	35	80	0.5625
FBgn0000557	43	52	95	0.452631578947368
FBgn0000559	14	17	31	0.451612903225806
FBgn0000560	21	17	38	0.552631578947368
FBgn0000562	274	278	552	0.496376811594203
FBgn0000564	66	62	128	0.515625
FBgn0000565	98	94	192	0.510416666666667
FBgn0000566	117	105	222	0.527027027027027
FBgn0000567	404	408	812	0.497536945812808
FBgn0000568	568	536	1104	0.514492753623188
FBgn0000575	91	107	198	0.45959595959596
FBgn0000576	109	108	217	0.502304147465438
FBgn0000577	125	140	265	0.471698113207547
FBgn0000578	449	487	936	0.479700854700855
FBgn0000579	129	139	268	0.48134328358209
FBgn0000581	462	438	900	0.513333333333333
FBgn0000588	141	158	299	0.471571906354515
FBgn0000591	61	69	130	0.469230769230769
FBgn0000592	121	154	275	0.44
FBgn0000594	0	0	0	NA
FBgn0000606	30	32	62	0.483870967741935
FBgn0000611	155	1	156	0.993589743589744
FBgn0000615	26	38	64	0.40625
FBgn0000617	86	0	86	1
FBgn0000618	12	0	12	1
FBgn0000625	225	223	448	0.502232142857143
FBgn0000629	195	170	365	0.534246575342466
FBgn0000633	562	555	1117	0.50313339301701
FBgn0000635	211	5	216	0.976851851851852
FBgn0000636	364	359	723	0.503457814661134
FBgn0000639	153	161	314	0.487261146496815
FBgn0000640	85	83	168	0.505952380952381
FBgn0000644	63	1	64	0.984375
FBgn0000658	109	150	259	0.420849420849421
FBgn0000659	175	163	338	0.517751479289941
FBgn0000662	111	115	226	0.491150442477876
FBgn0000667	87	2	89	0.97752808988764
FBgn0000709	257	2	259	0.992277992277992
FBgn0000711	169	0	169	1
FBgn0000715	91	80	171	0.532163742690059
FBgn0000719	317	3	320	0.990625
FBgn0000721	489	541	1030	0.474757281553398
FBgn0000723	180	176	356	0.50561797752809
FBgn0000808	120	0	120	1
FBgn0000810	97	0	97	1
FBgn0000826	0	0	0	NA
FBgn0000927	86	0	86	1
FBgn0000928	237	0	237	1
FBgn0000964	110	115	225	0.488888888888889
FBgn0000996	43	67	110	0.390909090909091
FBgn0001075	1178	1305	2483	0.474426097462747
FBgn0001077	50	58	108	0.462962962962963
FBgn0001078	99	87	186	0.532258064516129
FBgn0001079	149	0	149	1
FBgn0001083	328	1	329	0.996960486322188
FBgn0001084	87	83	170	0.511764705882353
FBgn0001085	220	227	447	0.492170022371365
FBgn0001086	115	117	232	0.495689655172414
FBgn0001087	288	0	288	1
FBgn0001089	29	30	59	0.491525423728814
FBgn0001090	83	2	85	0.976470588235294
FBgn0001091	39	39	78	0.5
FBgn0001092	39	0	39	1
FBgn0001098	218	171	389	0.560411311053985
FBgn0001099	0	0	0	NA
FBgn0001104	161	187	348	0.46264367816092
FBgn0001105	114	1	115	0.991304347826087
FBgn0001108	297	307	604	0.491721854304636
FBgn0001112	105	117	222	0.472972972972973
FBgn0001114	139	130	269	0.516728624535316
FBgn0001120	19	16	35	0.542857142857143
FBgn0001122	367	389	756	0.485449735449735
FBgn0001123	132	117	249	0.530120481927711
FBgn0001124	171	140	311	0.54983922829582
FBgn0001125	148	141	289	0.512110726643599
FBgn0001128	125	176	301	0.415282392026578
FBgn0001133	122	124	246	0.495934959349593
FBgn0001134	195	174	369	0.528455284552846
FBgn0001137	76	67	143	0.531468531468531
FBgn0001138	84	98	182	0.461538461538462
FBgn0001139	269	264	533	0.5046904315197
FBgn0001142	82	51	133	0.616541353383459
FBgn0001145	163	2	165	0.987878787878788
FBgn0001147	57	66	123	0.463414634146341
FBgn0001148	43	44	87	0.494252873563218
FBgn0001149	72	83	155	0.464516129032258
FBgn0001150	36	0	36	1
FBgn0001168	104	85	189	0.55026455026455
FBgn0001169	258	243	501	0.514970059880239
FBgn0001170	157	147	304	0.516447368421053
FBgn0001174	45	47	92	0.489130434782609
FBgn0001179	139	149	288	0.482638888888889
FBgn0001180	81	89	170	0.476470588235294
FBgn0001185	81	65	146	0.554794520547945
FBgn0001186	124	1	125	0.992
FBgn0001187	72	63	135	0.533333333333333
FBgn0001189	68	0	68	1
FBgn0001197	103	107	210	0.49047619047619
FBgn0001202	68	75	143	0.475524475524476
FBgn0001206	130	0	130	1
FBgn0001208	151	153	304	0.496710526315789
FBgn0001215	119	142	261	0.455938697318008
FBgn0001216	166	136	302	0.549668874172185
FBgn0001217	42	33	75	0.56
FBgn0001218	173	3	176	0.982954545454545
FBgn0001220	178	166	344	0.517441860465116
FBgn0001222	214	233	447	0.478747203579418
FBgn0001223	0	0	0	NA
FBgn0001224	68	78	146	0.465753424657534
FBgn0001225	78	94	172	0.453488372093023
FBgn0001226	12	9	21	0.571428571428571
FBgn0001227	18	27	45	0.4
FBgn0001228	11	14	25	0.44
FBgn0001229	66	67	133	0.496240601503759
FBgn0001230	84	76	160	0.525
FBgn0001233	91	90	181	0.502762430939227
FBgn0001234	517	486	1003	0.515453639082752
FBgn0001235	603	573	1176	0.512755102040816
FBgn0001247	96	89	185	0.518918918918919
FBgn0001248	140	135	275	0.509090909090909
FBgn0001250	447	1	448	0.997767857142857
FBgn0001253	434	389	823	0.5273390036452
FBgn0001254	136	142	278	0.489208633093525
FBgn0001255	52	63	115	0.452173913043478
FBgn0001256	113	107	220	0.513636363636364
FBgn0001257	132	129	261	0.505747126436782
FBgn0001258	80	110	190	0.421052631578947
FBgn0001259	87	95	182	0.478021978021978
FBgn0001263	169	167	336	0.50297619047619
FBgn0001269	302	334	636	0.474842767295597
FBgn0001276	0	0	0	NA
FBgn0001280	50	49	99	0.505050505050505
FBgn0001281	42	41	83	0.506024096385542
FBgn0001285	17	14	31	0.548387096774194
FBgn0001291	63	49	112	0.5625
FBgn0001296	148	153	301	0.491694352159468
FBgn0001297	430	373	803	0.535491905354919
FBgn0001301	347	298	645	0.537984496124031
FBgn0001308	167	128	295	0.566101694915254
FBgn0001311	119	84	203	0.586206896551724
FBgn0001313	0	0	0	NA
FBgn0001316	714	758	1472	0.485054347826087
FBgn0001319	250	303	553	0.452079566003617
FBgn0001320	29	25	54	0.537037037037037
FBgn0001321	18	32	50	0.36
FBgn0001323	48	31	79	0.607594936708861
FBgn0001324	179	171	350	0.511428571428571
FBgn0001325	218	214	432	0.50462962962963
FBgn0001330	201	2	203	0.990147783251232
FBgn0001341	112	0	112	1
FBgn0001404	258	9	267	0.966292134831461
FBgn0001491	66	0	66	1
FBgn0001565	119	0	119	1
FBgn0001612	219	2	221	0.990950226244344
FBgn0001624	735	1	736	0.998641304347826
FBgn0001941	139	149	288	0.482638888888889
FBgn0001942	88	102	190	0.463157894736842
FBgn0001961	52	59	111	0.468468468468468
FBgn0001965	193	193	386	0.5
FBgn0001967	0	0	0	NA
FBgn0001970	8	10	18	0.444444444444444
FBgn0001977	88	105	193	0.455958549222798
FBgn0001978	249	233	482	0.516597510373444
FBgn0001981	128	103	231	0.554112554112554
FBgn0001983	160	146	306	0.522875816993464
FBgn0001986	182	154	336	0.541666666666667
FBgn0001987	361	344	705	0.512056737588652
FBgn0001989	121	119	240	0.504166666666667
FBgn0001990	161	168	329	0.48936170212766
FBgn0001991	839	787	1626	0.515990159901599
FBgn0001992	124	120	244	0.508196721311475
FBgn0001994	215	209	424	0.507075471698113
FBgn0001995	71	65	136	0.522058823529412
FBgn0002021	62	51	113	0.548672566371681
FBgn0002022	49	38	87	0.563218390804598
FBgn0002023	272	237	509	0.534381139489195
FBgn0002031	135	150	285	0.473684210526316
FBgn0002036	82	74	156	0.525641025641026
FBgn0002044	60	72	132	0.454545454545455
FBgn0002069	47	61	108	0.435185185185185
FBgn0002121	184	189	373	0.493297587131367
FBgn0002174	116	98	214	0.542056074766355
FBgn0002183	221	263	484	0.456611570247934
FBgn0002283	16	24	40	0.4
FBgn0002284	13	12	25	0.52
FBgn0002306	192	166	358	0.536312849162011
FBgn0002354	56	68	124	0.451612903225806
FBgn0002413	218	205	423	0.515366430260047
FBgn0002431	32	24	56	0.571428571428571
FBgn0002440	95	78	173	0.549132947976879
FBgn0002441	307	303	610	0.50327868852459
FBgn0002466	316	307	623	0.507223113964687
FBgn0002521	11	17	28	0.392857142857143
FBgn0002522	103	106	209	0.492822966507177
FBgn0002524	202	181	383	0.527415143603133
FBgn0002525	189	178	367	0.514986376021798
FBgn0002526	343	348	691	0.496382054992764
FBgn0002531	31	45	76	0.407894736842105
FBgn0002533	62	53	115	0.539130434782609
FBgn0002534	22	28	50	0.44
FBgn0002535	69	79	148	0.466216216216216
FBgn0002542	25	37	62	0.403225806451613
FBgn0002543	249	252	501	0.497005988023952
FBgn0002552	27	28	55	0.490909090909091
FBgn0002561	0	0	0	NA
FBgn0002562	145	0	145	1
FBgn0002563	131	144	275	0.476363636363636
FBgn0002564	29	15	44	0.659090909090909
FBgn0002565	20	19	39	0.512820512820513
FBgn0002566	179	124	303	0.590759075907591
FBgn0002567	163	156	319	0.510971786833856
FBgn0002569	48	92	140	0.342857142857143
FBgn0002570	56	70	126	0.444444444444444
FBgn0002571	88	78	166	0.530120481927711
FBgn0002573	163	183	346	0.471098265895954
FBgn0002576	266	1	267	0.99625468164794
FBgn0002577	206	2	208	0.990384615384615
FBgn0002578	55	60	115	0.478260869565217
FBgn0002579	34	0	34	1
FBgn0002590	98	0	98	1
FBgn0002592	33	38	71	0.464788732394366
FBgn0002593	43	35	78	0.551282051282051
FBgn0002609	87	75	162	0.537037037037037
FBgn0002622	65	70	135	0.481481481481481
FBgn0002626	71	63	134	0.529850746268657
FBgn0002629	48	45	93	0.516129032258065
FBgn0002631	50	60	110	0.454545454545455
FBgn0002632	107	81	188	0.569148936170213
FBgn0002633	40	43	83	0.481927710843373
FBgn0002638	132	143	275	0.48
FBgn0002641	170	0	170	1
FBgn0002643	495	480	975	0.507692307692308
FBgn0002645	85	86	171	0.497076023391813
FBgn0002673	90	81	171	0.526315789473684
FBgn0002707	178	2	180	0.988888888888889
FBgn0002709	44	0	44	1
FBgn0002715	85	79	164	0.518292682926829
FBgn0002716	67	61	128	0.5234375
FBgn0002719	142	135	277	0.512635379061372
FBgn0002723	242	0	242	1
FBgn0002732	61	51	112	0.544642857142857
FBgn0002733	55	55	110	0.5
FBgn0002734	71	72	143	0.496503496503497
FBgn0002735	54	45	99	0.545454545454545
FBgn0002736	55	49	104	0.528846153846154
FBgn0002772	89	79	168	0.529761904761905
FBgn0002773	51	68	119	0.428571428571429
FBgn0002774	122	103	225	0.542222222222222
FBgn0002775	131	139	270	0.485185185185185
FBgn0002778	187	190	377	0.496021220159151
FBgn0002780	13	8	21	0.619047619047619
FBgn0002781	367	372	739	0.496617050067659
FBgn0002783	33	31	64	0.515625
FBgn0002787	88	89	177	0.497175141242938
FBgn0002789	59	43	102	0.57843137254902
FBgn0002791	150	148	298	0.503355704697987
FBgn0002838	21	21	42	0.5
FBgn0002842	27	18	45	0.6
FBgn0002855	43	41	84	0.511904761904762
FBgn0002856	49	50	99	0.494949494949495
FBgn0002862	42	35	77	0.545454545454545
FBgn0002863	0	0	0	NA
FBgn0002865	48	41	89	0.539325842696629
FBgn0002868	0	0	0	NA
FBgn0002869	24	22	46	0.521739130434783
FBgn0002872	266	234	500	0.532
FBgn0002873	307	3	310	0.990322580645161
FBgn0002878	291	1	292	0.996575342465753
FBgn0002887	173	215	388	0.445876288659794
FBgn0002891	288	288	576	0.5
FBgn0002899	166	204	370	0.448648648648649
FBgn0002901	186	216	402	0.462686567164179
FBgn0002905	154	165	319	0.482758620689655
FBgn0002906	78	69	147	0.530612244897959
FBgn0002909	0	0	0	NA
FBgn0002914	92	0	92	1
FBgn0002917	483	1	484	0.997933884297521
FBgn0002921	307	306	613	0.500815660685155
FBgn0002922	100	105	205	0.48780487804878
FBgn0002924	141	130	271	0.520295202952029
FBgn0002926	389	333	722	0.538781163434903
FBgn0002930	44	62	106	0.415094339622642
FBgn0002931	45	44	89	0.50561797752809
FBgn0002932	21	28	49	0.428571428571429
FBgn0002933	49	0	49	1
FBgn0002936	0	0	0	NA
FBgn0002937	107	112	219	0.488584474885845
FBgn0002938	387	373	760	0.509210526315789
FBgn0002939	53	45	98	0.540816326530612
FBgn0002940	149	143	292	0.51027397260274
FBgn0002941	154	139	293	0.525597269624573
FBgn0002945	269	268	537	0.500931098696462
FBgn0002948	75	1	76	0.986842105263158
FBgn0002962	67	88	155	0.432258064516129
FBgn0002973	344	343	687	0.500727802037846
FBgn0002985	45	60	105	0.428571428571429
FBgn0002989	141	119	260	0.542307692307692
FBgn0003002	25	40	65	0.384615384615385
FBgn0003008	24	18	42	0.571428571428571
FBgn0003009	264	249	513	0.514619883040936
FBgn0003011	161	160	321	0.501557632398754
FBgn0003015	0	0	0	NA
FBgn0003016	329	313	642	0.512461059190031
FBgn0003023	183	0	183	1
FBgn0003028	287	3	290	0.989655172413793
FBgn0003034	22	21	43	0.511627906976744
FBgn0003041	513	507	1020	0.502941176470588
FBgn0003042	35	18	53	0.660377358490566
FBgn0003044	243	235	478	0.50836820083682
FBgn0003046	55	54	109	0.504587155963303
FBgn0003048	348	2	350	0.994285714285714
FBgn0003053	320	5	325	0.984615384615385
FBgn0003057	100	0	100	1
FBgn0003060	44	34	78	0.564102564102564
FBgn0003062	78	89	167	0.467065868263473
FBgn0003065	27	19	46	0.58695652173913
FBgn0003067	0	0	0	NA
FBgn0003068	274	4	278	0.985611510791367
FBgn0003071	195	179	374	0.521390374331551
FBgn0003074	108	74	182	0.593406593406593
FBgn0003076	83	63	146	0.568493150684932
FBgn0003079	217	0	217	1
FBgn0003082	62	68	130	0.476923076923077
FBgn0003086	73	2	75	0.973333333333333
FBgn0003087	88	83	171	0.514619883040936
FBgn0003089	519	453	972	0.533950617283951
FBgn0003090	318	364	682	0.466275659824047
FBgn0003091	451	400	851	0.529964747356052
FBgn0003093	277	298	575	0.481739130434783
FBgn0003114	69	50	119	0.579831932773109
FBgn0003116	36	1	37	0.972972972972973
FBgn0003117	238	249	487	0.48870636550308
FBgn0003118	326	296	622	0.52411575562701
FBgn0003124	72	84	156	0.461538461538462
FBgn0003129	53	52	105	0.504761904761905
FBgn0003130	177	161	338	0.523668639053254
FBgn0003132	141	0	141	1
FBgn0003134	73	67	140	0.521428571428571
FBgn0003137	345	379	724	0.476519337016575
FBgn0003139	86	2	88	0.977272727272727
FBgn0003140	77	100	177	0.435028248587571
FBgn0003141	107	88	195	0.548717948717949
FBgn0003145	132	137	269	0.490706319702602
FBgn0003149	417	377	794	0.525188916876574
FBgn0003159	290	3	293	0.989761092150171
FBgn0003162	161	148	309	0.521035598705502
FBgn0003165	484	475	959	0.504692387904067
FBgn0003169	218	189	407	0.535626535626536
FBgn0003174	112	128	240	0.466666666666667
FBgn0003175	728	791	1519	0.47926267281106
FBgn0003187	164	209	373	0.439678284182306
FBgn0003189	284	1	285	0.996491228070175
FBgn0003204	86	1	87	0.988505747126437
FBgn0003205	46	60	106	0.433962264150943
FBgn0003206	101	87	188	0.537234042553192
FBgn0003209	399	389	788	0.506345177664975
FBgn0003210	315	9	324	0.972222222222222
FBgn0003218	594	1	595	0.998319327731092
FBgn0003227	41	37	78	0.525641025641026
FBgn0003231	51	53	104	0.490384615384615
FBgn0003248	134	111	245	0.546938775510204
FBgn0003249	26	24	50	0.52
FBgn0003250	75	61	136	0.551470588235294
FBgn0003254	193	207	400	0.4825
FBgn0003255	382	346	728	0.524725274725275
FBgn0003256	59	56	115	0.51304347826087
FBgn0003257	127	102	229	0.554585152838428
FBgn0003261	81	68	149	0.543624161073825
FBgn0003267	74	65	139	0.532374100719424
FBgn0003268	189	207	396	0.477272727272727
FBgn0003270	45	47	92	0.489130434782609
FBgn0003274	52	70	122	0.426229508196721
FBgn0003275	10	9	19	0.526315789473684
FBgn0003277	251	1	252	0.996031746031746
FBgn0003278	65	70	135	0.481481481481481
FBgn0003279	112	98	210	0.533333333333333
FBgn0003285	405	5	410	0.98780487804878
FBgn0003292	188	179	367	0.512261580381471
FBgn0003295	177	186	363	0.487603305785124
FBgn0003300	114	0	114	1
FBgn0003301	531	2	533	0.99624765478424
FBgn0003302	85	0	85	1
FBgn0003308	250	230	480	0.520833333333333
FBgn0003310	314	276	590	0.532203389830509
FBgn0003312	83	85	168	0.494047619047619
FBgn0003313	0	0	0	NA
FBgn0003317	78	62	140	0.557142857142857
FBgn0003319	139	176	315	0.441269841269841
FBgn0003321	144	2	146	0.986301369863014
FBgn0003326	207	210	417	0.496402877697842
FBgn0003330	74	91	165	0.448484848484848
FBgn0003334	27	29	56	0.482142857142857
FBgn0003339	187	161	348	0.53735632183908
FBgn0003345	404	3	407	0.992628992628993
FBgn0003346	92	91	183	0.502732240437158
FBgn0003353	149	200	349	0.426934097421203
FBgn0003356	67	30	97	0.690721649484536
FBgn0003357	45	22	67	0.671641791044776
FBgn0003358	85	61	146	0.582191780821918
FBgn0003360	125	0	125	1
FBgn0003366	581	5	586	0.991467576791809
FBgn0003371	664	6	670	0.991044776119403
FBgn0003372	73	85	158	0.462025316455696
FBgn0003373	15	13	28	0.535714285714286
FBgn0003374	64	0	64	1
FBgn0003375	78	71	149	0.523489932885906
FBgn0003377	11	15	26	0.423076923076923
FBgn0003378	29	22	51	0.568627450980392
FBgn0003380	1105	11	1116	0.990143369175627
FBgn0003382	453	457	910	0.497802197802198
FBgn0003386	282	259	541	0.521256931608133
FBgn0003388	175	149	324	0.540123456790123
FBgn0003390	130	0	130	1
FBgn0003391	368	355	723	0.508990318118949
FBgn0003392	339	0	339	1
FBgn0003396	501	446	947	0.529039070749736
FBgn0003401	66	54	120	0.55
FBgn0003410	144	159	303	0.475247524752475
FBgn0003411	33	0	33	1
FBgn0003415	165	170	335	0.492537313432836
FBgn0003416	369	2	371	0.994609164420485
FBgn0003423	250	3	253	0.988142292490119
FBgn0003429	693	672	1365	0.507692307692308
FBgn0003430	100	108	208	0.480769230769231
FBgn0003435	697	712	1409	0.494677075940383
FBgn0003444	62	55	117	0.52991452991453
FBgn0003447	168	2	170	0.988235294117647
FBgn0003448	103	88	191	0.539267015706806
FBgn0003449	75	0	75	1
FBgn0003450	96	101	197	0.487309644670051
FBgn0003459	229	250	479	0.478079331941545
FBgn0003460	137	130	267	0.51310861423221
FBgn0003462	62	54	116	0.53448275862069
FBgn0003463	422	3	425	0.992941176470588
FBgn0003464	298	1	299	0.996655518394649
FBgn0003475	387	443	830	0.466265060240964
FBgn0003479	76	61	137	0.554744525547445
FBgn0003480	88	97	185	0.475675675675676
FBgn0003482	47	51	98	0.479591836734694
FBgn0003483	9	11	20	0.45
FBgn0003486	132	131	263	0.501901140684411
FBgn0003495	137	135	272	0.503676470588235
FBgn0003499	456	423	879	0.51877133105802
FBgn0003502	576	549	1125	0.512
FBgn0003507	126	144	270	0.466666666666667
FBgn0003510	0	0	0	NA
FBgn0003511	0	0	0	NA
FBgn0003512	64	58	122	0.524590163934426
FBgn0003513	308	298	606	0.508250825082508
FBgn0003514	100	1	101	0.99009900990099
FBgn0003515	167	175	342	0.488304093567251
FBgn0003517	14	0	14	1
FBgn0003520	319	287	606	0.526402640264026
FBgn0003525	191	228	419	0.455847255369928
FBgn0003527	64	57	121	0.528925619834711
FBgn0003545	80	70	150	0.533333333333333
FBgn0003557	68	73	141	0.482269503546099
FBgn0003559	61	0	61	1
FBgn0003567	208	188	396	0.525252525252525
FBgn0003575	111	0	111	1
FBgn0003598	57	59	116	0.491379310344828
FBgn0003607	57	48	105	0.542857142857143
FBgn0003612	125	126	251	0.49800796812749
FBgn0003638	95	1	96	0.989583333333333
FBgn0003651	230	237	467	0.492505353319058
FBgn0003654	87	0	87	1
FBgn0003655	78	0	78	1
FBgn0003656	168	1	169	0.994082840236686
FBgn0003660	82	88	170	0.482352941176471
FBgn0003676	15	15	30	0.5
FBgn0003683	35	37	72	0.486111111111111
FBgn0003687	75	88	163	0.460122699386503
FBgn0003701	159	156	315	0.504761904761905
FBgn0003710	178	150	328	0.542682926829268
FBgn0003714	104	0	104	1
FBgn0003716	342	312	654	0.522935779816514
FBgn0003719	237	261	498	0.475903614457831
FBgn0003720	164	153	317	0.517350157728707
FBgn0003721	399	423	822	0.485401459854015
FBgn0003731	296	302	598	0.494983277591973
FBgn0003733	170	190	360	0.472222222222222
FBgn0003741	26	23	49	0.530612244897959
FBgn0003742	72	63	135	0.533333333333333
FBgn0003744	2	2	4	0.5
FBgn0003747	34	0	34	1
FBgn0003748	269	311	580	0.463793103448276
FBgn0003751	36	30	66	0.545454545454545
FBgn0003861	336	339	675	0.497777777777778
FBgn0003862	522	548	1070	0.48785046728972
FBgn0003863	20	17	37	0.540540540540541
FBgn0003865	88	0	88	1
FBgn0003866	66	62	128	0.515625
FBgn0003867	120	135	255	0.470588235294118
FBgn0003870	108	130	238	0.453781512605042
FBgn0003882	65	77	142	0.457746478873239
FBgn0003884	7	9	16	0.4375
FBgn0003885	0	0	0	NA
FBgn0003886	22	18	40	0.55
FBgn0003888	185	167	352	0.525568181818182
FBgn0003889	65	69	134	0.485074626865672
FBgn0003890	165	171	336	0.491071428571429
FBgn0003891	502	485	987	0.508611955420466
FBgn0003892	157	146	303	0.518151815181518
FBgn0003896	194	167	361	0.537396121883656
FBgn0003900	124	119	243	0.510288065843621
FBgn0003916	18	14	32	0.5625
FBgn0003920	18	0	18	1
FBgn0003922	77	41	118	0.652542372881356
FBgn0003923	1	0	1	1
FBgn0003926	26	20	46	0.565217391304348
FBgn0003930	27	24	51	0.529411764705882
FBgn0003931	38	34	72	0.527777777777778
FBgn0003933	5	0	5	1
FBgn0003934	18	15	33	0.545454545454545
FBgn0003935	26	29	55	0.472727272727273
FBgn0003936	43	26	69	0.623188405797101
FBgn0003938	14	9	23	0.608695652173913
FBgn0003941	33	33	66	0.5
FBgn0003942	23	23	46	0.5
FBgn0003943	93	96	189	0.492063492063492
FBgn0003944	136	116	252	0.53968253968254
FBgn0003950	168	0	168	1
FBgn0003961	86	92	178	0.48314606741573
FBgn0003963	346	299	645	0.536434108527132
FBgn0003964	42	0	42	1
FBgn0003965	142	2	144	0.986111111111111
FBgn0003969	297	1	298	0.996644295302013
FBgn0003975	282	294	576	0.489583333333333
FBgn0003977	318	335	653	0.48698315467075
FBgn0003978	76	82	158	0.481012658227848
FBgn0003979	18	10	28	0.642857142857143
FBgn0003980	29	21	50	0.58
FBgn0003983	29	26	55	0.527272727272727
FBgn0003984	130	125	255	0.509803921568627
FBgn0003996	158	0	158	1
FBgn0003997	32	39	71	0.450704225352113
FBgn0004003	106	112	218	0.486238532110092
FBgn0004034	14	0	14	1
FBgn0004045	39	0	39	1
FBgn0004047	126	3	129	0.976744186046512
FBgn0004049	155	200	355	0.436619718309859
FBgn0004050	61	0	61	1
FBgn0004052	18	16	34	0.529411764705882
FBgn0004053	33	29	62	0.532258064516129
FBgn0004054	55	43	98	0.561224489795918
FBgn0004055	98	92	190	0.515789473684211
FBgn0004057	146	1	147	0.993197278911565
FBgn0004066	35	0	35	1
FBgn0004087	27	16	43	0.627906976744186
FBgn0004101	164	151	315	0.520634920634921
FBgn0004102	264	6	270	0.977777777777778
FBgn0004103	41	52	93	0.440860215053763
FBgn0004106	24	20	44	0.545454545454545
FBgn0004107	49	44	93	0.526881720430108
FBgn0004108	103	112	215	0.47906976744186
FBgn0004110	114	85	199	0.57286432160804
FBgn0004117	145	146	291	0.498281786941581
FBgn0004118	395	360	755	0.52317880794702
FBgn0004132	35	42	77	0.454545454545455
FBgn0004133	118	102	220	0.536363636363636
FBgn0004143	70	0	70	1
FBgn0004167	746	748	1494	0.499330655957162
FBgn0004168	285	317	602	0.473421926910299
FBgn0004169	92	0	92	1
FBgn0004170	45	1	46	0.978260869565217
FBgn0004171	51	38	89	0.573033707865168
FBgn0004172	0	0	0	NA
FBgn0004173	9	15	24	0.375
FBgn0004174	6	5	11	0.545454545454545
FBgn0004175	17	9	26	0.653846153846154
FBgn0004177	174	202	376	0.462765957446808
FBgn0004179	41	44	85	0.482352941176471
FBgn0004181	86	65	151	0.56953642384106
FBgn0004183	0	0	0	NA
FBgn0004185	15	18	33	0.454545454545455
FBgn0004186	33	36	69	0.478260869565217
FBgn0004187	19	27	46	0.41304347826087
FBgn0004188	6	5	11	0.545454545454545
FBgn0004189	16	19	35	0.457142857142857
FBgn0004190	10	4	14	0.714285714285714
FBgn0004191	11	6	17	0.647058823529412
FBgn0004192	9	16	25	0.36
FBgn0004197	452	436	888	0.509009009009009
FBgn0004198	319	5	324	0.984567901234568
FBgn0004227	439	2	441	0.99546485260771
FBgn0004228	70	55	125	0.56
FBgn0004237	52	42	94	0.553191489361702
FBgn0004240	62	51	113	0.548672566371681
FBgn0004242	235	198	433	0.542725173210162
FBgn0004244	428	455	883	0.484711211778029
FBgn0004359	130	132	262	0.49618320610687
FBgn0004360	145	152	297	0.488215488215488
FBgn0004362	122	124	246	0.495934959349593
FBgn0004363	129	141	270	0.477777777777778
FBgn0004364	323	325	648	0.498456790123457
FBgn0004367	503	1	504	0.998015873015873
FBgn0004368	368	0	368	1
FBgn0004369	649	708	1357	0.478260869565217
FBgn0004370	545	3	548	0.994525547445255
FBgn0004372	197	209	406	0.485221674876847
FBgn0004373	194	191	385	0.503896103896104
FBgn0004374	170	170	340	0.5
FBgn0004378	128	97	225	0.568888888888889
FBgn0004379	142	183	325	0.436923076923077
FBgn0004380	44	56	100	0.44
FBgn0004381	115	124	239	0.481171548117155
FBgn0004387	403	375	778	0.517994858611825
FBgn0004389	8	12	20	0.4
FBgn0004390	247	258	505	0.489108910891089
FBgn0004391	328	3	331	0.990936555891239
FBgn0004394	330	335	665	0.496240601503759
FBgn0004395	461	431	892	0.516816143497758
FBgn0004396	124	124	248	0.5
FBgn0004397	73	2	75	0.973333333333333
FBgn0004400	54	55	109	0.495412844036697
FBgn0004401	79	85	164	0.481707317073171
FBgn0004403	1	0	1	1
FBgn0004404	11	0	11	1
FBgn0004406	225	263	488	0.461065573770492
FBgn0004407	0	0	0	NA
FBgn0004414	9	6	15	0.6
FBgn0004419	108	85	193	0.559585492227979
FBgn0004425	50	52	102	0.490196078431373
FBgn0004426	9	14	23	0.391304347826087
FBgn0004427	0	1	1	0
FBgn0004428	55	54	109	0.504587155963303
FBgn0004429	62	46	108	0.574074074074074
FBgn0004430	16	17	33	0.484848484848485
FBgn0004431	69	70	139	0.496402877697842
FBgn0004432	23	0	23	1
FBgn0004435	207	228	435	0.475862068965517
FBgn0004436	27	27	54	0.5
FBgn0004449	255	215	470	0.542553191489362
FBgn0004456	323	0	323	1
FBgn0004463	262	211	473	0.553911205073996
FBgn0004465	44	31	75	0.586666666666667
FBgn0004507	152	155	307	0.495114006514658
FBgn0004509	583	575	1158	0.503454231433506
FBgn0004510	108	124	232	0.46551724137931
FBgn0004511	211	1	212	0.995283018867924
FBgn0004512	420	375	795	0.528301886792453
FBgn0004513	317	328	645	0.491472868217054
FBgn0004514	74	71	145	0.510344827586207
FBgn0004516	375	329	704	0.532670454545455
FBgn0004552	31	25	56	0.553571428571429
FBgn0004554	70	53	123	0.569105691056911
FBgn0004556	46	37	83	0.55421686746988
FBgn0004567	62	61	123	0.504065040650406
FBgn0004569	96	94	190	0.505263157894737
FBgn0004573	262	248	510	0.513725490196078
FBgn0004574	109	128	237	0.459915611814346
FBgn0004575	98	104	202	0.485148514851485
FBgn0004577	71	70	141	0.50354609929078
FBgn0004580	320	299	619	0.516962843295638
FBgn0004581	220	246	466	0.472103004291845
FBgn0004583	161	144	305	0.527868852459016
FBgn0004584	85	82	167	0.508982035928144
FBgn0004587	47	36	83	0.566265060240964
FBgn0004588	38	44	82	0.463414634146341
FBgn0004589	62	61	123	0.504065040650406
FBgn0004590	39	41	80	0.4875
FBgn0004591	67	83	150	0.446666666666667
FBgn0004592	104	101	205	0.507317073170732
FBgn0004593	54	42	96	0.5625
FBgn0004594	56	59	115	0.48695652173913
FBgn0004595	931	900	1831	0.508465319497542
FBgn0004597	8	10	18	0.444444444444444
FBgn0004598	358	2	360	0.994444444444444
FBgn0004606	418	425	843	0.495848161328588
FBgn0004607	79	71	150	0.526666666666667
FBgn0004611	306	339	645	0.474418604651163
FBgn0004618	251	246	497	0.505030181086519
FBgn0004619	277	280	557	0.497307001795332
FBgn0004620	263	238	501	0.524950099800399
FBgn0004622	233	253	486	0.479423868312757
FBgn0004623	121	112	233	0.51931330472103
FBgn0004629	0	0	0	NA
FBgn0004635	221	225	446	0.495515695067265
FBgn0004636	64	67	131	0.488549618320611
FBgn0004638	153	173	326	0.469325153374233
FBgn0004643	75	0	75	1
FBgn0004644	155	186	341	0.454545454545455
FBgn0004646	295	0	295	1
FBgn0004647	589	4	593	0.993254637436762
FBgn0004648	123	0	123	1
FBgn0004649	375	0	375	1
FBgn0004650	170	1	171	0.994152046783626
FBgn0004652	999	1062	2061	0.48471615720524
FBgn0004654	35	0	35	1
FBgn0004655	228	0	228	1
FBgn0004656	456	7	463	0.98488120950324
FBgn0004657	239	2	241	0.991701244813278
FBgn0004666	162	151	313	0.517571884984026
FBgn0004687	81	0	81	1
FBgn0004698	305	272	577	0.528596187175043
FBgn0004777	19	8	27	0.703703703703704
FBgn0004778	23	29	52	0.442307692307692
FBgn0004779	17	21	38	0.447368421052632
FBgn0004780	32	14	46	0.695652173913043
FBgn0004781	13	12	25	0.52
FBgn0004782	30	40	70	0.428571428571429
FBgn0004783	22	17	39	0.564102564102564
FBgn0004784	226	252	478	0.472803347280335
FBgn0004795	380	329	709	0.535966149506347
FBgn0004797	126	133	259	0.486486486486487
FBgn0004811	128	131	259	0.494208494208494
FBgn0004828	126	0	126	1
FBgn0004832	60	1	61	0.983606557377049
FBgn0004837	161	169	330	0.487878787878788
FBgn0004838	188	153	341	0.551319648093842
FBgn0004839	313	367	680	0.460294117647059
FBgn0004841	245	259	504	0.486111111111111
FBgn0004842	276	274	550	0.501818181818182
FBgn0004852	298	348	646	0.461300309597523
FBgn0004854	167	2	169	0.988165680473373
FBgn0004855	42	44	86	0.488372093023256
FBgn0004856	192	0	192	1
FBgn0004858	174	138	312	0.557692307692308
FBgn0004859	53	37	90	0.588888888888889
FBgn0004860	84	5	89	0.943820224719101
FBgn0004861	34	3	37	0.918918918918919
FBgn0004862	88	84	172	0.511627906976744
FBgn0004863	145	199	344	0.421511627906977
FBgn0004864	366	2	368	0.994565217391304
FBgn0004865	157	129	286	0.548951048951049
FBgn0004867	52	44	96	0.541666666666667
FBgn0004868	163	141	304	0.536184210526316
FBgn0004870	189	156	345	0.547826086956522
FBgn0004872	202	155	357	0.565826330532213
FBgn0004875	420	461	881	0.476730987514188
FBgn0004876	355	337	692	0.513005780346821
FBgn0004878	14	15	29	0.482758620689655
FBgn0004880	248	283	531	0.467043314500942
FBgn0004882	328	374	702	0.467236467236467
FBgn0004885	545	529	1074	0.507448789571695
FBgn0004888	127	124	251	0.50597609561753
FBgn0004889	178	193	371	0.479784366576819
FBgn0004892	211	156	367	0.574931880108992
FBgn0004893	266	229	495	0.537373737373737
FBgn0004895	119	108	227	0.524229074889868
FBgn0004896	150	134	284	0.528169014084507
FBgn0004897	99	92	191	0.518324607329843
FBgn0004898	72	70	142	0.507042253521127
FBgn0004901	0	2	2	0
FBgn0004903	161	135	296	0.543918918918919
FBgn0004907	154	139	293	0.525597269624573
FBgn0004908	0	0	0	NA
FBgn0004910	272	277	549	0.495446265938069
FBgn0004911	81	66	147	0.551020408163265
FBgn0004913	21	31	52	0.403846153846154
FBgn0004914	352	328	680	0.517647058823529
FBgn0004915	66	53	119	0.554621848739496
FBgn0004919	132	119	251	0.525896414342629
FBgn0004921	39	41	80	0.4875
FBgn0004924	199	2	201	0.990049751243781
FBgn0004926	93	92	185	0.502702702702703
FBgn0004956	107	0	107	1
FBgn0004957	94	0	94	1
FBgn0004959	128	1	129	0.992248062015504
FBgn0005198	135	135	270	0.5
FBgn0005278	85	52	137	0.62043795620438
FBgn0005322	102	88	190	0.536842105263158
FBgn0005355	37	26	63	0.587301587301587
FBgn0005386	195	238	433	0.450346420323326
FBgn0005390	342	1	343	0.997084548104956
FBgn0005391	63	0	63	1
FBgn0005411	85	0	85	1
FBgn0005427	116	3	119	0.974789915966387
FBgn0005533	39	41	80	0.4875
FBgn0005536	504	533	1037	0.486017357762777
FBgn0005558	42	36	78	0.538461538461538
FBgn0005561	95	95	190	0.5
FBgn0005564	142	166	308	0.461038961038961
FBgn0005585	53	54	107	0.495327102803738
FBgn0005586	238	206	444	0.536036036036036
FBgn0005590	104	105	209	0.497607655502392
FBgn0005593	35	32	67	0.522388059701492
FBgn0005596	141	164	305	0.462295081967213
FBgn0005612	119	110	229	0.519650655021834
FBgn0005613	110	111	221	0.497737556561086
FBgn0005614	261	316	577	0.452339688041594
FBgn0005616	164	181	345	0.47536231884058
FBgn0005617	160	167	327	0.489296636085627
FBgn0005619	272	330	602	0.451827242524917
FBgn0005624	289	324	613	0.471451876019576
FBgn0005626	254	253	507	0.500986193293886
FBgn0005631	389	406	795	0.489308176100629
FBgn0005632	197	176	373	0.528150134048257
FBgn0005633	23	23	46	0.5
FBgn0005636	215	244	459	0.468409586056645
FBgn0005638	114	96	210	0.542857142857143
FBgn0005640	448	445	893	0.501679731243001
FBgn0005642	63	75	138	0.456521739130435
FBgn0005648	63	74	137	0.45985401459854
FBgn0005649	122	119	241	0.506224066390041
FBgn0005654	0	0	0	NA
FBgn0005655	64	70	134	0.477611940298507
FBgn0005658	340	330	670	0.507462686567164
FBgn0005659	198	188	386	0.512953367875648
FBgn0005660	231	222	453	0.509933774834437
FBgn0005664	175	136	311	0.562700964630225
FBgn0005666	149	162	311	0.479099678456592
FBgn0005670	122	0	122	1
FBgn0005671	96	101	197	0.487309644670051
FBgn0005672	114	115	229	0.497816593886463
FBgn0005674	320	319	639	0.500782472613459
FBgn0005677	243	216	459	0.529411764705882
FBgn0005683	102	106	208	0.490384615384615
FBgn0005694	92	84	176	0.522727272727273
FBgn0005695	49	50	99	0.494949494949495
FBgn0005696	67	77	144	0.465277777777778
FBgn0005771	170	154	324	0.524691358024691
FBgn0005775	329	296	625	0.5264
FBgn0005777	24	18	42	0.571428571428571
FBgn0005778	109	104	213	0.511737089201878
FBgn0005779	78	84	162	0.481481481481481
FBgn0008635	150	0	150	1
FBgn0008636	186	165	351	0.52991452991453
FBgn0008646	90	105	195	0.461538461538462
FBgn0008651	162	160	322	0.503105590062112
FBgn0010014	111	0	111	1
FBgn0010015	243	244	487	0.498973305954825
FBgn0010019	19	0	19	1
FBgn0010038	42	32	74	0.567567567567568
FBgn0010039	37	43	80	0.4625
FBgn0010040	73	90	163	0.447852760736196
FBgn0010041	74	80	154	0.480519480519481
FBgn0010042	69	86	155	0.445161290322581
FBgn0010043	69	63	132	0.522727272727273
FBgn0010044	69	44	113	0.610619469026549
FBgn0010051	161	145	306	0.526143790849673
FBgn0010052	212	219	431	0.491879350348028
FBgn0010053	95	71	166	0.572289156626506
FBgn0010078	44	37	81	0.54320987654321
FBgn0010097	98	101	199	0.492462311557789
FBgn0010100	46	52	98	0.469387755102041
FBgn0010105	100	94	194	0.515463917525773
FBgn0010109	15	22	37	0.405405405405405
FBgn0010113	814	829	1643	0.495435179549604
FBgn0010114	159	140	299	0.531772575250836
FBgn0010173	33	42	75	0.44
FBgn0010194	88	0	88	1
FBgn0010197	390	357	747	0.522088353413655
FBgn0010198	70	0	70	1
FBgn0010213	70	84	154	0.454545454545455
FBgn0010215	43	37	80	0.5375
FBgn0010217	0	0	0	NA
FBgn0010220	95	80	175	0.542857142857143
FBgn0010222	28	25	53	0.528301886792453
FBgn0010223	103	82	185	0.556756756756757
FBgn0010225	9	8	17	0.529411764705882
FBgn0010226	70	80	150	0.466666666666667
FBgn0010228	104	90	194	0.536082474226804
FBgn0010235	147	136	283	0.519434628975265
FBgn0010238	111	130	241	0.460580912863071
FBgn0010240	89	0	89	1
FBgn0010241	301	295	596	0.50503355704698
FBgn0010246	282	272	554	0.509025270758123
FBgn0010247	33	20	53	0.622641509433962
FBgn0010258	0	2	2	0
FBgn0010263	264	227	491	0.537678207739308
FBgn0010265	72	79	151	0.47682119205298
FBgn0010269	81	0	81	1
FBgn0010278	87	99	186	0.467741935483871
FBgn0010280	214	197	411	0.520681265206813
FBgn0010282	8	16	24	0.333333333333333
FBgn0010287	49	64	113	0.433628318584071
FBgn0010288	36	29	65	0.553846153846154
FBgn0010292	81	0	81	1
FBgn0010294	56	0	56	1
FBgn0010295	33	0	33	1
FBgn0010296	37	0	37	1
FBgn0010300	351	381	732	0.479508196721311
FBgn0010303	289	1	290	0.996551724137931
FBgn0010309	156	152	308	0.506493506493506
FBgn0010313	169	173	342	0.494152046783626
FBgn0010314	97	102	199	0.487437185929648
FBgn0010315	212	0	212	1
FBgn0010316	88	101	189	0.465608465608466
FBgn0010317	68	66	134	0.507462686567164
FBgn0010323	194	166	360	0.538888888888889
FBgn0010328	169	167	336	0.50297619047619
FBgn0010329	306	2	308	0.993506493506494
FBgn0010333	0	0	0	NA
FBgn0010339	52	54	106	0.490566037735849
FBgn0010340	36	31	67	0.537313432835821
FBgn0010341	88	4	92	0.956521739130435
FBgn0010342	78	56	134	0.582089552238806
FBgn0010348	28	23	51	0.549019607843137
FBgn0010350	72	79	151	0.47682119205298
FBgn0010352	269	247	516	0.521317829457364
FBgn0010355	227	232	459	0.494553376906318
FBgn0010356	75	62	137	0.547445255474453
FBgn0010357	7	6	13	0.538461538461538
FBgn0010358	1	10	11	0.0909090909090909
FBgn0010359	0	0	0	NA
FBgn0010379	89	81	170	0.523529411764706
FBgn0010380	160	0	160	1
FBgn0010382	275	297	572	0.480769230769231
FBgn0010383	123	0	123	1
FBgn0010385	43	46	89	0.48314606741573
FBgn0010387	78	76	154	0.506493506493506
FBgn0010388	67	74	141	0.475177304964539
FBgn0010389	132	170	302	0.437086092715232
FBgn0010391	93	0	93	1
FBgn0010395	120	101	221	0.542986425339366
FBgn0010397	197	165	362	0.544198895027624
FBgn0010398	70	69	139	0.503597122302158
FBgn0010399	91	102	193	0.471502590673575
FBgn0010401	0	0	0	NA
FBgn0010403	2	0	2	1
FBgn0010406	101	115	216	0.467592592592593
FBgn0010407	124	155	279	0.444444444444444
FBgn0010408	60	78	138	0.434782608695652
FBgn0010409	28	27	55	0.509090909090909
FBgn0010411	45	37	82	0.548780487804878
FBgn0010412	85	0	85	1
FBgn0010414	180	217	397	0.453400503778338
FBgn0010415	258	269	527	0.489563567362429
FBgn0010416	124	1	125	0.992
FBgn0010417	26	27	53	0.490566037735849
FBgn0010421	27	25	52	0.519230769230769
FBgn0010422	103	93	196	0.525510204081633
FBgn0010423	102	96	198	0.515151515151515
FBgn0010424	79	89	168	0.470238095238095
FBgn0010425	26	25	51	0.509803921568627
FBgn0010431	72	81	153	0.470588235294118
FBgn0010433	9	17	26	0.346153846153846
FBgn0010434	484	455	939	0.515441959531416
FBgn0010435	116	96	212	0.547169811320755
FBgn0010438	32	34	66	0.484848484848485
FBgn0010441	125	123	248	0.504032258064516
FBgn0010452	187	161	348	0.53735632183908
FBgn0010453	152	162	314	0.484076433121019
FBgn0010470	188	191	379	0.496042216358839
FBgn0010473	664	655	1319	0.503411675511751
FBgn0010482	308	272	580	0.531034482758621
FBgn0010488	254	225	479	0.53027139874739
FBgn0010497	197	175	372	0.529569892473118
FBgn0010501	35	56	91	0.384615384615385
FBgn0010504	70	64	134	0.522388059701492
FBgn0010516	92	105	197	0.467005076142132
FBgn0010520	58	59	117	0.495726495726496
FBgn0010531	44	41	85	0.517647058823529
FBgn0010548	225	215	440	0.511363636363636
FBgn0010549	192	207	399	0.481203007518797
FBgn0010551	144	160	304	0.473684210526316
FBgn0010583	192	153	345	0.556521739130435
FBgn0010590	55	55	110	0.5
FBgn0010591	121	156	277	0.436823104693141
FBgn0010602	113	129	242	0.466942148760331
FBgn0010607	31	48	79	0.392405063291139
FBgn0010611	150	161	311	0.482315112540193
FBgn0010612	45	58	103	0.436893203883495
FBgn0010620	63	39	102	0.617647058823529
FBgn0010621	0	0	0	NA
FBgn0010622	43	37	80	0.5375
FBgn0010638	20	38	58	0.344827586206897
FBgn0010651	247	234	481	0.513513513513513
FBgn0010660	138	117	255	0.541176470588235
FBgn0010741	61	61	122	0.5
FBgn0010747	129	124	253	0.509881422924901
FBgn0010750	39	29	68	0.573529411764706
FBgn0010762	269	255	524	0.513358778625954
FBgn0010768	209	222	431	0.48491879350348
FBgn0010770	72	105	177	0.406779661016949
FBgn0010772	62	62	124	0.5
FBgn0010774	84	103	187	0.449197860962567
FBgn0010786	137	139	276	0.496376811594203
FBgn0010803	80	48	128	0.625
FBgn0010808	52	65	117	0.444444444444444
FBgn0010812	98	96	194	0.505154639175258
FBgn0010825	531	495	1026	0.517543859649123
FBgn0010830	34	31	65	0.523076923076923
FBgn0010877	263	243	506	0.519762845849802
FBgn0010894	105	93	198	0.53030303030303
FBgn0010905	734	653	1387	0.529199711607787
FBgn0010909	510	454	964	0.529045643153527
FBgn0010926	161	173	334	0.482035928143713
FBgn0011016	29	21	50	0.58
FBgn0011020	55	58	113	0.486725663716814
FBgn0011202	243	234	477	0.509433962264151
FBgn0011204	153	167	320	0.478125
FBgn0011205	93	78	171	0.543859649122807
FBgn0011206	447	440	887	0.503945885005637
FBgn0011207	157	153	310	0.506451612903226
FBgn0011211	130	133	263	0.494296577946768
FBgn0011217	105	125	230	0.456521739130435
FBgn0011224	618	579	1197	0.516290726817043
FBgn0011225	424	402	826	0.513317191283293
FBgn0011227	1	0	1	1
FBgn0011230	991	1008	1999	0.495747873936969
FBgn0011232	210	208	418	0.502392344497608
FBgn0011236	79	66	145	0.544827586206897
FBgn0011239	69	80	149	0.463087248322148
FBgn0011244	107	115	222	0.481981981981982
FBgn0011259	734	777	1511	0.485771012574454
FBgn0011260	426	431	857	0.49708284714119
FBgn0011270	58	46	104	0.557692307692308
FBgn0011272	73	72	145	0.503448275862069
FBgn0011273	0	0	0	NA
FBgn0011274	316	326	642	0.492211838006231
FBgn0011276	136	0	136	1
FBgn0011277	108	0	108	1
FBgn0011278	141	141	282	0.5
FBgn0011279	39	49	88	0.443181818181818
FBgn0011280	74	1	75	0.986666666666667
FBgn0011281	10	9	19	0.526315789473684
FBgn0011282	2	2	4	0.5
FBgn0011283	44	33	77	0.571428571428571
FBgn0011284	80	94	174	0.459770114942529
FBgn0011286	472	498	970	0.48659793814433
FBgn0011288	92	105	197	0.467005076142132
FBgn0011289	143	137	280	0.510714285714286
FBgn0011290	24	23	47	0.51063829787234
FBgn0011291	34	40	74	0.459459459459459
FBgn0011293	27	31	58	0.46551724137931
FBgn0011294	73	75	148	0.493243243243243
FBgn0011296	38	41	79	0.481012658227848
FBgn0011297	73	93	166	0.439759036144578
FBgn0011300	105	104	209	0.502392344497608
FBgn0011305	63	106	169	0.372781065088757
FBgn0011327	41	50	91	0.450549450549451
FBgn0011335	103	72	175	0.588571428571429
FBgn0011336	123	138	261	0.471264367816092
FBgn0011361	53	67	120	0.441666666666667
FBgn0011455	47	46	93	0.505376344086022
FBgn0011474	119	129	248	0.479838709677419
FBgn0011476	10	17	27	0.37037037037037
FBgn0011481	154	156	310	0.496774193548387
FBgn0011509	68	76	144	0.472222222222222
FBgn0011554	72	83	155	0.464516129032258
FBgn0011555	62	69	131	0.473282442748092
FBgn0011556	77	69	146	0.527397260273973
FBgn0011559	172	188	360	0.477777777777778
FBgn0011566	82	0	82	1
FBgn0011569	218	224	442	0.493212669683258
FBgn0011570	86	106	192	0.447916666666667
FBgn0011573	77	54	131	0.587786259541985
FBgn0011576	0	0	0	NA
FBgn0011581	98	104	202	0.485148514851485
FBgn0011582	913	905	1818	0.502200220022002
FBgn0011584	205	177	382	0.536649214659686
FBgn0011586	104	0	104	1
FBgn0011589	483	545	1028	0.469844357976654
FBgn0011591	68	65	133	0.511278195488722
FBgn0011592	397	375	772	0.514248704663212
FBgn0011596	187	215	402	0.465174129353234
FBgn0011603	341	366	707	0.482319660537482
FBgn0011604	138	140	278	0.496402877697842
FBgn0011606	179	1	180	0.994444444444444
FBgn0011638	34	35	69	0.492753623188406
FBgn0011640	34	41	75	0.453333333333333
FBgn0011642	20	29	49	0.408163265306122
FBgn0011648	177	202	379	0.467018469656992
FBgn0011653	283	243	526	0.538022813688213
FBgn0011655	65	61	126	0.515873015873016
FBgn0011656	358	380	738	0.485094850948509
FBgn0011659	19	24	43	0.441860465116279
FBgn0011660	126	112	238	0.529411764705882
FBgn0011661	380	2	382	0.994764397905759
FBgn0011666	589	604	1193	0.49371332774518
FBgn0011668	45	40	85	0.529411764705882
FBgn0011669	18	20	38	0.473684210526316
FBgn0011670	50	62	112	0.446428571428571
FBgn0011672	339	347	686	0.494169096209913
FBgn0011674	198	239	437	0.453089244851259
FBgn0011676	502	478	980	0.512244897959184
FBgn0011692	218	162	380	0.573684210526316
FBgn0011693	31	27	58	0.53448275862069
FBgn0011694	27	18	45	0.6
FBgn0011695	54	47	101	0.534653465346535
FBgn0011701	168	189	357	0.470588235294118
FBgn0011703	137	125	262	0.522900763358779
FBgn0011704	56	68	124	0.451612903225806
FBgn0011705	131	147	278	0.471223021582734
FBgn0011706	56	62	118	0.474576271186441
FBgn0011708	77	94	171	0.450292397660819
FBgn0011710	123	1	124	0.991935483870968
FBgn0011715	51	64	115	0.443478260869565
FBgn0011722	465	487	952	0.48844537815126
FBgn0011723	245	213	458	0.534934497816594
FBgn0011725	263	291	554	0.474729241877256
FBgn0011726	31	28	59	0.525423728813559
FBgn0011737	152	154	306	0.496732026143791
FBgn0011739	322	349	671	0.479880774962742
FBgn0011740	118	126	244	0.483606557377049
FBgn0011741	37	0	37	1
FBgn0011742	99	0	99	1
FBgn0011743	71	64	135	0.525925925925926
FBgn0011745	96	78	174	0.551724137931034
FBgn0011746	207	167	374	0.553475935828877
FBgn0011747	103	132	235	0.438297872340426
FBgn0011754	254	1	255	0.996078431372549
FBgn0011758	180	0	180	1
FBgn0011760	171	2	173	0.988439306358382
FBgn0011761	42	0	42	1
FBgn0011762	90	80	170	0.529411764705882
FBgn0011763	90	80	170	0.529411764705882
FBgn0011766	338	331	669	0.505231689088191
FBgn0011768	41	45	86	0.476744186046512
FBgn0011769	78	58	136	0.573529411764706
FBgn0011770	45	0	45	1
FBgn0011771	55	52	107	0.514018691588785
FBgn0011774	79	84	163	0.484662576687117
FBgn0011785	274	262	536	0.511194029850746
FBgn0011787	18	14	32	0.5625
FBgn0011802	364	380	744	0.489247311827957
FBgn0011812	42	51	93	0.451612903225806
FBgn0011817	379	411	790	0.479746835443038
FBgn0011818	234	218	452	0.517699115044248
FBgn0011822	61	0	61	1
FBgn0011824	76	78	154	0.493506493506494
FBgn0011826	169	3	172	0.982558139534884
FBgn0011828	453	470	923	0.490790899241603
FBgn0011829	157	188	345	0.455072463768116
FBgn0011832	30	22	52	0.576923076923077
FBgn0011834	56	0	56	1
FBgn0011836	220	222	442	0.497737556561086
FBgn0011837	58	0	58	1
FBgn0011840	8	8	16	0.5
FBgn0011844	15	19	34	0.441176470588235
FBgn0011845	7	11	18	0.388888888888889
FBgn0011848	12	10	22	0.545454545454545
FBgn0011849	0	0	0	NA
FBgn0011850	4	12	16	0.25
FBgn0011851	3	2	5	0.6
FBgn0011852	0	0	0	NA
FBgn0011853	6	1	7	0.857142857142857
FBgn0011854	0	0	0	NA
FBgn0011855	8	12	20	0.4
FBgn0011858	14	12	26	0.538461538461538
FBgn0011859	12	12	24	0.5
FBgn0011860	21	9	30	0.7
FBgn0011861	23	27	50	0.46
FBgn0011862	20	36	56	0.357142857142857
FBgn0011863	18	11	29	0.620689655172414
FBgn0011864	13	8	21	0.619047619047619
FBgn0011865	16	23	39	0.41025641025641
FBgn0011866	10	17	27	0.37037037037037
FBgn0011867	31	34	65	0.476923076923077
FBgn0011868	3	1	4	0.75
FBgn0011869	27	26	53	0.509433962264151
FBgn0011870	14	13	27	0.518518518518518
FBgn0011871	6	5	11	0.545454545454545
FBgn0011872	5	20	25	0.2
FBgn0011877	9	10	19	0.473684210526316
FBgn0011878	7	11	18	0.388888888888889
FBgn0011879	8	16	24	0.333333333333333
FBgn0011880	17	12	29	0.586206896551724
FBgn0011881	13	22	35	0.371428571428571
FBgn0011882	13	5	18	0.722222222222222
FBgn0011883	28	21	49	0.571428571428571
FBgn0011884	15	18	33	0.454545454545455
FBgn0011885	9	7	16	0.5625
FBgn0011887	14	10	24	0.583333333333333
FBgn0011888	13	24	37	0.351351351351351
FBgn0011889	0	0	0	NA
FBgn0011890	17	15	32	0.53125
FBgn0011891	12	13	25	0.48
FBgn0011892	21	15	36	0.583333333333333
FBgn0011893	13	13	26	0.5
FBgn0011894	1	2	3	0.333333333333333
FBgn0011895	14	16	30	0.466666666666667
FBgn0011896	32	35	67	0.477611940298507
FBgn0011897	24	17	41	0.585365853658537
FBgn0011902	16	13	29	0.551724137931034
FBgn0011904	3	1	4	0.75
FBgn0011905	24	16	40	0.6
FBgn0011906	7	9	16	0.4375
FBgn0011909	19	25	44	0.431818181818182
FBgn0011910	23	22	45	0.511111111111111
FBgn0011915	6	5	11	0.545454545454545
FBgn0011916	20	17	37	0.540540540540541
FBgn0011919	0	0	0	NA
FBgn0011921	27	25	52	0.519230769230769
FBgn0011927	29	19	48	0.604166666666667
FBgn0011928	10	8	18	0.555555555555556
FBgn0011931	0	0	0	NA
FBgn0011932	0	0	0	NA
FBgn0011933	0	0	0	NA
FBgn0011934	18	8	26	0.692307692307692
FBgn0011935	3	8	11	0.272727272727273
FBgn0011936	0	0	0	NA
FBgn0011937	13	17	30	0.433333333333333
FBgn0011938	8	7	15	0.533333333333333
FBgn0011944	15	9	24	0.625
FBgn0011945	0	0	0	NA
FBgn0011948	4	6	10	0.4
FBgn0011949	19	0	19	1
FBgn0011950	1	0	1	1
FBgn0011951	14	0	14	1
FBgn0011952	16	0	16	1
FBgn0011953	18	0	18	1
FBgn0011954	7	0	7	1
FBgn0011955	26	29	55	0.472727272727273
FBgn0011956	18	24	42	0.428571428571429
FBgn0011957	14	16	30	0.466666666666667
FBgn0011958	8	8	16	0.5
FBgn0011959	7	7	14	0.5
FBgn0011960	4	13	17	0.235294117647059
FBgn0011961	20	20	40	0.5
FBgn0011962	12	26	38	0.315789473684211
FBgn0011963	16	25	41	0.390243902439024
FBgn0011965	0	0	0	NA
FBgn0011966	9	5	14	0.642857142857143
FBgn0011970	0	0	0	NA
FBgn0011971	23	32	55	0.418181818181818
FBgn0011974	23	0	23	1
FBgn0011975	16	0	16	1
FBgn0011976	25	0	25	1
FBgn0011977	13	0	13	1
FBgn0011980	31	0	31	1
FBgn0011981	22	0	22	1
FBgn0011982	27	0	27	1
FBgn0011983	4	0	4	1
FBgn0011984	7	12	19	0.368421052631579
FBgn0011985	10	7	17	0.588235294117647
FBgn0011986	2	1	3	0.666666666666667
FBgn0011987	4	11	15	0.266666666666667
FBgn0011993	16	11	27	0.592592592592593
FBgn0011994	20	25	45	0.444444444444444
FBgn0011998	5	9	14	0.357142857142857
FBgn0011999	11	18	29	0.379310344827586
FBgn0012000	0	0	0	NA
FBgn0012001	0	0	0	NA
FBgn0012002	30	27	57	0.526315789473684
FBgn0012003	20	31	51	0.392156862745098
FBgn0012004	19	23	42	0.452380952380952
FBgn0012009	18	30	48	0.375
FBgn0012010	20	25	45	0.444444444444444
FBgn0012011	5	2	7	0.714285714285714
FBgn0012016	16	19	35	0.457142857142857
FBgn0012017	13	14	27	0.481481481481481
FBgn0012018	3	0	3	1
FBgn0012024	0	0	0	NA
FBgn0012025	0	0	0	NA
FBgn0012026	0	0	0	NA
FBgn0012027	2	0	2	1
FBgn0012028	9	15	24	0.375
FBgn0012034	63	71	134	0.470149253731343
FBgn0012036	120	150	270	0.444444444444444
FBgn0012037	155	163	318	0.487421383647799
FBgn0012042	70	63	133	0.526315789473684
FBgn0012051	351	331	682	0.51466275659824
FBgn0012058	138	163	301	0.458471760797342
FBgn0012344	94	104	198	0.474747474747475
FBgn0013263	56	74	130	0.430769230769231
FBgn0013269	31	26	57	0.543859649122807
FBgn0013272	287	283	570	0.503508771929825
FBgn0013275	12	5	17	0.705882352941177
FBgn0013276	21	22	43	0.488372093023256
FBgn0013277	0	0	0	NA
FBgn0013278	0	1	1	0
FBgn0013279	9	15	24	0.375
FBgn0013300	76	81	157	0.484076433121019
FBgn0013301	40	24	64	0.625
FBgn0013303	0	2	2	0
FBgn0013305	205	192	397	0.516372795969773
FBgn0013307	71	79	150	0.473333333333333
FBgn0013308	132	97	229	0.576419213973799
FBgn0013323	64	63	127	0.503937007874016
FBgn0013325	77	93	170	0.452941176470588
FBgn0013334	206	231	437	0.471395881006865
FBgn0013342	133	123	256	0.51953125
FBgn0013343	159	134	293	0.542662116040956
FBgn0013347	42	45	87	0.482758620689655
FBgn0013348	127	128	255	0.498039215686275
FBgn0013432	34	0	34	1
FBgn0013433	262	266	528	0.496212121212121
FBgn0013435	71	56	127	0.559055118110236
FBgn0013467	182	191	373	0.487935656836461
FBgn0013469	296	260	556	0.532374100719424
FBgn0013531	58	58	116	0.5
FBgn0013548	95	94	189	0.502645502645503
FBgn0013563	238	240	478	0.497907949790795
FBgn0013576	375	346	721	0.520110957004161
FBgn0013672	3897	15	3912	0.996165644171779
FBgn0013673	0	0	0	NA
FBgn0013674	5188	27	5215	0.994822627037392
FBgn0013675	4800	18	4818	0.99626400996264
FBgn0013676	2051	5	2056	0.997568093385214
FBgn0013678	5	3	8	0.625
FBgn0013679	5224	68	5292	0.987150415721844
FBgn0013680	4356	17	4373	0.996112508575349
FBgn0013681	2	0	2	1
FBgn0013683	1	1	2	0.5
FBgn0013684	5940	27	5967	0.995475113122172
FBgn0013685	2749	13	2762	0.995293265749457
FBgn0013686	4	3	7	0.571428571428571
FBgn0013687	7603	756	8359	0.90955855963632
FBgn0013688	5	4	9	0.555555555555556
FBgn0013689	0	0	0	NA
FBgn0013690	0	0	0	NA
FBgn0013691	0	0	0	NA
FBgn0013692	0	1	1	0
FBgn0013693	0	0	0	NA
FBgn0013694	0	0	0	NA
FBgn0013695	0	0	0	NA
FBgn0013696	2	0	2	1
FBgn0013697	0	0	0	NA
FBgn0013698	0	0	0	NA
FBgn0013699	0	0	0	NA
FBgn0013700	0	0	0	NA
FBgn0013701	0	0	0	NA
FBgn0013702	0	0	0	NA
FBgn0013703	0	0	0	NA
FBgn0013704	0	0	0	NA
FBgn0013705	0	0	0	NA
FBgn0013706	0	0	0	NA
FBgn0013707	0	0	0	NA
FBgn0013708	0	0	0	NA
FBgn0013709	0	0	0	NA
FBgn0013710	0	0	0	NA
FBgn0013717	170	156	326	0.521472392638037
FBgn0013718	468	499	967	0.483971044467425
FBgn0013720	33	0	33	1
FBgn0013725	125	128	253	0.494071146245059
FBgn0013726	29	29	58	0.5
FBgn0013732	60	81	141	0.425531914893617
FBgn0013733	2176	2041	4217	0.516006639791321
FBgn0013746	134	144	278	0.482014388489209
FBgn0013749	11	18	29	0.379310344827586
FBgn0013750	33	47	80	0.4125
FBgn0013751	179	211	390	0.458974358974359
FBgn0013753	9	9	18	0.5
FBgn0013755	0	0	0	NA
FBgn0013756	254	215	469	0.541577825159915
FBgn0013759	469	477	946	0.495771670190275
FBgn0013762	115	108	223	0.515695067264574
FBgn0013763	166	172	338	0.49112426035503
FBgn0013764	91	77	168	0.541666666666667
FBgn0013765	394	407	801	0.491885143570537
FBgn0013767	95	103	198	0.47979797979798
FBgn0013770	105	100	205	0.51219512195122
FBgn0013771	117	118	235	0.497872340425532
FBgn0013772	109	121	230	0.473913043478261
FBgn0013773	75	85	160	0.46875
FBgn0013799	26	30	56	0.464285714285714
FBgn0013810	768	801	1569	0.489483747609943
FBgn0013811	414	465	879	0.47098976109215
FBgn0013812	868	914	1782	0.48709315375982
FBgn0013813	854	841	1695	0.503834808259587
FBgn0013949	107	119	226	0.473451327433628
FBgn0013953	224	227	451	0.496674057649667
FBgn0013954	50	44	94	0.531914893617021
FBgn0013972	157	173	330	0.475757575757576
FBgn0013973	382	402	784	0.487244897959184
FBgn0013981	19	22	41	0.463414634146341
FBgn0013983	79	90	169	0.467455621301775
FBgn0013987	175	1	176	0.994318181818182
FBgn0013995	496	536	1032	0.48062015503876
FBgn0013997	447	404	851	0.525264394829612
FBgn0014000	97	88	185	0.524324324324324
FBgn0014006	279	304	583	0.478559176672384
FBgn0014007	256	250	506	0.505928853754941
FBgn0014009	39	55	94	0.414893617021277
FBgn0014010	241	206	447	0.539149888143177
FBgn0014011	130	155	285	0.456140350877193
FBgn0014018	109	94	203	0.536945812807882
FBgn0014019	99	119	218	0.454128440366972
FBgn0014020	112	100	212	0.528301886792453
FBgn0014022	33	26	59	0.559322033898305
FBgn0014023	16	15	31	0.516129032258065
FBgn0014024	192	0	192	1
FBgn0014026	124	1	125	0.992
FBgn0014028	17	33	50	0.34
FBgn0014029	50	67	117	0.427350427350427
FBgn0014031	111	0	111	1
FBgn0014032	27	0	27	1
FBgn0014033	202	182	384	0.526041666666667
FBgn0014037	124	112	236	0.525423728813559
FBgn0014073	396	395	791	0.50063211125158
FBgn0014075	152	152	304	0.5
FBgn0014076	46	66	112	0.410714285714286
FBgn0014092	56	36	92	0.608695652173913
FBgn0014127	150	150	300	0.5
FBgn0014133	403	1	404	0.997524752475248
FBgn0014135	282	291	573	0.492146596858639
FBgn0014141	666	624	1290	0.516279069767442
FBgn0014143	58	59	117	0.495726495726496
FBgn0014163	156	168	324	0.481481481481481
FBgn0014179	42	51	93	0.451612903225806
FBgn0014184	4	0	4	1
FBgn0014189	183	168	351	0.521367521367521
FBgn0014269	90	107	197	0.456852791878173
FBgn0014340	119	1	120	0.991666666666667
FBgn0014342	29	32	61	0.475409836065574
FBgn0014343	252	257	509	0.495088408644401
FBgn0014366	12	3	15	0.8
FBgn0014368	46	67	113	0.407079646017699
FBgn0014380	37	32	69	0.536231884057971
FBgn0014388	258	253	511	0.504892367906067
FBgn0014391	63	0	63	1
FBgn0014395	98	0	98	1
FBgn0014396	487	496	983	0.495422177009156
FBgn0014411	41	0	41	1
FBgn0014417	155	131	286	0.541958041958042
FBgn0014427	83	108	191	0.43455497382199
FBgn0014454	50	46	96	0.520833333333333
FBgn0014455	170	0	170	1
FBgn0014464	143	1	144	0.993055555555556
FBgn0014465	149	0	149	1
FBgn0014466	101	0	101	1
FBgn0014469	111	71	182	0.60989010989011
FBgn0014848	40	37	77	0.519480519480519
FBgn0014849	55	56	111	0.495495495495495
FBgn0014850	36	37	73	0.493150684931507
FBgn0014851	53	55	108	0.490740740740741
FBgn0014857	20	19	39	0.512820512820513
FBgn0014859	335	352	687	0.487627365356623
FBgn0014861	52	45	97	0.536082474226804
FBgn0014863	66	74	140	0.471428571428571
FBgn0014865	39	32	71	0.549295774647887
FBgn0014868	62	0	62	1
FBgn0014869	75	71	146	0.513698630136986
FBgn0014870	221	197	418	0.528708133971292
FBgn0014877	99	90	189	0.523809523809524
FBgn0014879	71	76	147	0.482993197278912
FBgn0014903	0	0	0	NA
FBgn0014906	101	127	228	0.442982456140351
FBgn0014930	9	15	24	0.375
FBgn0014931	18	22	40	0.45
FBgn0014949	25	10	35	0.714285714285714
FBgn0015000	91	136	227	0.400881057268722
FBgn0015001	30	35	65	0.461538461538462
FBgn0015008	39	27	66	0.590909090909091
FBgn0015010	107	0	107	1
FBgn0015011	115	104	219	0.525114155251142
FBgn0015019	40	27	67	0.597014925373134
FBgn0015024	141	2	143	0.986013986013986
FBgn0015025	95	94	189	0.502645502645503
FBgn0015031	30	36	66	0.454545454545455
FBgn0015032	132	144	276	0.478260869565217
FBgn0015033	87	85	172	0.505813953488372
FBgn0015034	71	57	128	0.5546875
FBgn0015035	168	193	361	0.465373961218837
FBgn0015036	0	0	0	NA
FBgn0015037	138	159	297	0.464646464646465
FBgn0015038	47	50	97	0.484536082474227
FBgn0015039	93	99	192	0.484375
FBgn0015040	0	0	0	NA
FBgn0015075	15	11	26	0.576923076923077
FBgn0015218	144	136	280	0.514285714285714
FBgn0015221	123	125	248	0.495967741935484
FBgn0015222	80	90	170	0.470588235294118
FBgn0015229	95	92	187	0.508021390374332
FBgn0015230	60	50	110	0.545454545454545
FBgn0015239	12	11	23	0.521739130434783
FBgn0015240	72	77	149	0.483221476510067
FBgn0015245	121	0	121	1
FBgn0015247	64	52	116	0.551724137931034
FBgn0015268	17	33	50	0.34
FBgn0015269	527	521	1048	0.502862595419847
FBgn0015270	74	75	149	0.496644295302013
FBgn0015271	79	78	157	0.503184713375796
FBgn0015277	206	209	415	0.496385542168675
FBgn0015278	364	414	778	0.467866323907455
FBgn0015279	168	176	344	0.488372093023256
FBgn0015282	49	51	100	0.49
FBgn0015283	22	25	47	0.468085106382979
FBgn0015286	147	1	148	0.993243243243243
FBgn0015288	26	0	26	1
FBgn0015295	175	180	355	0.492957746478873
FBgn0015296	91	92	183	0.497267759562842
FBgn0015298	23	18	41	0.560975609756098
FBgn0015299	8	15	23	0.347826086956522
FBgn0015300	69	81	150	0.46
FBgn0015316	74	58	132	0.560606060606061
FBgn0015320	75	94	169	0.443786982248521
FBgn0015321	93	84	177	0.525423728813559
FBgn0015331	6	4	10	0.6
FBgn0015336	200	3	203	0.985221674876847
FBgn0015338	47	69	116	0.405172413793103
FBgn0015351	61	56	117	0.521367521367521
FBgn0015359	51	62	113	0.451327433628319
FBgn0015360	184	204	388	0.474226804123711
FBgn0015371	274	275	549	0.499089253187614
FBgn0015372	89	91	180	0.494444444444444
FBgn0015376	241	219	460	0.523913043478261
FBgn0015379	57	2	59	0.966101694915254
FBgn0015380	192	212	404	0.475247524752475
FBgn0015381	279	256	535	0.521495327102804
FBgn0015391	159	185	344	0.462209302325581
FBgn0015396	58	58	116	0.5
FBgn0015399	329	322	651	0.505376344086022
FBgn0015400	412	406	818	0.503667481662592
FBgn0015402	41	49	90	0.455555555555556
FBgn0015477	333	355	688	0.484011627906977
FBgn0015509	41	37	78	0.525641025641026
FBgn0015513	541	546	1087	0.49770009199632
FBgn0015519	653	10	663	0.984917043740573
FBgn0015520	102	124	226	0.451327433628319
FBgn0015521	42	67	109	0.385321100917431
FBgn0015522	104	126	230	0.452173913043478
FBgn0015524	249	269	518	0.480694980694981
FBgn0015527	96	0	96	1
FBgn0015543	21	13	34	0.617647058823529
FBgn0015544	85	72	157	0.54140127388535
FBgn0015546	294	283	577	0.509532062391681
FBgn0015550	77	81	158	0.487341772151899
FBgn0015553	131	118	249	0.526104417670683
FBgn0015558	342	3	345	0.991304347826087
FBgn0015561	48	46	94	0.51063829787234
FBgn0015568	3	13	16	0.1875
FBgn0015569	105	114	219	0.479452054794521
FBgn0015570	33	46	79	0.417721518987342
FBgn0015571	0	0	0	NA
FBgn0015572	34	39	73	0.465753424657534
FBgn0015574	30	28	58	0.517241379310345
FBgn0015575	17	32	49	0.346938775510204
FBgn0015576	151	152	303	0.498349834983498
FBgn0015577	66	73	139	0.474820143884892
FBgn0015582	49	49	98	0.5
FBgn0015583	30	36	66	0.454545454545455
FBgn0015584	40	30	70	0.571428571428571
FBgn0015585	17	17	34	0.5
FBgn0015586	100	89	189	0.529100529100529
FBgn0015589	481	426	907	0.5303197353914
FBgn0015591	98	112	210	0.466666666666667
FBgn0015600	434	446	880	0.493181818181818
FBgn0015602	29	43	72	0.402777777777778
FBgn0015609	890	916	1806	0.492801771871539
FBgn0015614	87	93	180	0.483333333333333
FBgn0015615	176	0	176	1
FBgn0015618	138	107	245	0.563265306122449
FBgn0015621	41	53	94	0.436170212765957
FBgn0015622	259	257	516	0.501937984496124
FBgn0015623	269	210	479	0.561586638830898
FBgn0015625	91	82	173	0.526011560693642
FBgn0015663	142	141	283	0.501766784452297
FBgn0015664	200	182	382	0.523560209424084
FBgn0015714	11	24	35	0.314285714285714
FBgn0015721	173	187	360	0.480555555555556
FBgn0015737	151	147	298	0.506711409395973
FBgn0015754	211	201	412	0.512135922330097
FBgn0015756	64	76	140	0.457142857142857
FBgn0015765	144	116	260	0.553846153846154
FBgn0015766	168	171	339	0.495575221238938
FBgn0015770	77	69	146	0.527397260273973
FBgn0015772	310	281	591	0.524534686971235
FBgn0015773	225	2	227	0.991189427312775
FBgn0015774	420	0	420	1
FBgn0015776	159	154	313	0.507987220447284
FBgn0015777	365	353	718	0.508356545961003
FBgn0015778	171	150	321	0.532710280373832
FBgn0015781	36	22	58	0.620689655172414
FBgn0015789	124	0	124	1
FBgn0015790	132	151	283	0.46643109540636
FBgn0015791	174	165	339	0.513274336283186
FBgn0015793	96	90	186	0.516129032258065
FBgn0015794	33	0	33	1
FBgn0015795	109	137	246	0.443089430894309
FBgn0015797	74	66	140	0.528571428571429
FBgn0015799	72	0	72	1
FBgn0015801	53	58	111	0.477477477477477
FBgn0015803	354	319	673	0.526002971768202
FBgn0015805	106	93	199	0.532663316582915
FBgn0015808	75	80	155	0.483870967741935
FBgn0015818	88	0	88	1
FBgn0015828	99	112	211	0.469194312796209
FBgn0015829	115	127	242	0.475206611570248
FBgn0015831	8	18	26	0.307692307692308
FBgn0015834	62	63	125	0.496
FBgn0015838	115	120	235	0.48936170212766
FBgn0015872	263	245	508	0.517716535433071
FBgn0015903	276	282	558	0.494623655913978
FBgn0015904	218	210	428	0.509345794392523
FBgn0015905	198	216	414	0.478260869565217
FBgn0015919	221	235	456	0.484649122807018
FBgn0015924	110	118	228	0.482456140350877
FBgn0015925	88	104	192	0.458333333333333
FBgn0015926	79	0	79	1
FBgn0015929	140	121	261	0.53639846743295
FBgn0015946	20	12	32	0.625
FBgn0015949	282	267	549	0.513661202185792
FBgn0016013	140	146	286	0.48951048951049
FBgn0016031	304	332	636	0.477987421383648
FBgn0016032	118	98	216	0.546296296296296
FBgn0016034	38	28	66	0.575757575757576
FBgn0016036	86	85	171	0.502923976608187
FBgn0016038	19	0	19	1
FBgn0016041	96	0	96	1
FBgn0016047	418	379	797	0.524466750313676
FBgn0016053	42	44	86	0.488372093023256
FBgn0016054	57	65	122	0.467213114754098
FBgn0016059	348	376	724	0.480662983425414
FBgn0016061	764	730	1494	0.511378848728246
FBgn0016070	234	228	462	0.506493506493506
FBgn0016075	364	372	736	0.494565217391304
FBgn0016076	188	190	378	0.497354497354497
FBgn0016078	160	147	307	0.521172638436482
FBgn0016081	957	909	1866	0.512861736334405
FBgn0016119	43	57	100	0.43
FBgn0016120	45	62	107	0.420560747663551
FBgn0016122	178	190	368	0.483695652173913
FBgn0016123	136	182	318	0.427672955974843
FBgn0016126	36	32	68	0.529411764705882
FBgn0016131	121	123	244	0.495901639344262
FBgn0016641	220	223	443	0.496613995485327
FBgn0016650	299	312	611	0.48936170212766
FBgn0016660	215	218	433	0.496535796766744
FBgn0016672	101	89	190	0.531578947368421
FBgn0016675	40	42	82	0.48780487804878
FBgn0016684	120	117	237	0.506329113924051
FBgn0016685	53	54	107	0.495327102803738
FBgn0016687	74	60	134	0.552238805970149
FBgn0016691	3	1	4	0.75
FBgn0016693	84	97	181	0.464088397790055
FBgn0016694	652	707	1359	0.479764532744665
FBgn0016696	71	64	135	0.525925925925926
FBgn0016697	60	41	101	0.594059405940594
FBgn0016698	116	139	255	0.454901960784314
FBgn0016701	37	26	63	0.587301587301587
FBgn0016715	94	89	183	0.513661202185792
FBgn0016726	0	0	0	NA
FBgn0016754	418	474	892	0.468609865470852
FBgn0016756	233	244	477	0.488469601677149
FBgn0016762	46	52	98	0.469387755102041
FBgn0016794	335	324	659	0.50834597875569
FBgn0016797	350	348	698	0.501432664756447
FBgn0016917	167	173	340	0.491176470588235
FBgn0016919	91	100	191	0.476439790575916
FBgn0016920	574	535	1109	0.517583408476105
FBgn0016926	169	170	339	0.498525073746313
FBgn0016930	343	357	700	0.49
FBgn0016970	44	46	90	0.488888888888889
FBgn0016974	90	1	91	0.989010989010989
FBgn0016975	0	0	0	NA
FBgn0016976	0	0	0	NA
FBgn0016977	350	364	714	0.490196078431373
FBgn0016978	118	119	237	0.49789029535865
FBgn0016983	207	231	438	0.472602739726027
FBgn0016984	154	187	341	0.451612903225806
FBgn0017414	40	51	91	0.43956043956044
FBgn0017418	299	1	300	0.996666666666667
FBgn0017424	19	23	42	0.452380952380952
FBgn0017429	132	91	223	0.591928251121076
FBgn0017430	95	81	176	0.539772727272727
FBgn0017448	52	43	95	0.547368421052632
FBgn0017456	0	1	1	0
FBgn0017457	47	44	91	0.516483516483517
FBgn0017482	84	52	136	0.617647058823529
FBgn0017545	0	0	0	NA
FBgn0017550	18	11	29	0.620689655172414
FBgn0017551	120	121	241	0.49792531120332
FBgn0017556	91	89	180	0.505555555555556
FBgn0017558	171	158	329	0.519756838905775
FBgn0017561	259	5	264	0.981060606060606
FBgn0017566	179	0	179	1
FBgn0017567	0	0	0	NA
FBgn0017572	24	25	49	0.489795918367347
FBgn0017577	55	66	121	0.454545454545455
FBgn0017578	77	75	152	0.506578947368421
FBgn0017579	24	28	52	0.461538461538462
FBgn0017581	279	282	561	0.497326203208556
FBgn0017590	334	314	648	0.515432098765432
FBgn0019624	20	19	39	0.512820512820513
FBgn0019637	0	0	0	NA
FBgn0019643	98	104	202	0.485148514851485
FBgn0019644	66	73	139	0.474820143884892
FBgn0019650	83	73	156	0.532051282051282
FBgn0019660	5	0	5	1
FBgn0019661	271	11	282	0.960992907801418
FBgn0019662	104	128	232	0.448275862068966
FBgn0019686	114	106	220	0.518181818181818
FBgn0019809	182	179	361	0.50415512465374
FBgn0019828	55	54	109	0.504587155963303
FBgn0019830	58	38	96	0.604166666666667
FBgn0019890	323	325	648	0.498456790123457
FBgn0019925	5	2	7	0.714285714285714
FBgn0019928	37	45	82	0.451219512195122
FBgn0019929	107	1	108	0.990740740740741
FBgn0019932	125	114	239	0.523012552301255
FBgn0019936	15	12	27	0.555555555555556
FBgn0019938	285	307	592	0.481418918918919
FBgn0019940	98	87	185	0.52972972972973
FBgn0019949	61	56	117	0.521367521367521
FBgn0019952	161	156	317	0.50788643533123
FBgn0019957	99	93	192	0.515625
FBgn0019960	222	205	427	0.519906323185012
FBgn0019968	533	589	1122	0.475044563279857
FBgn0019972	82	93	175	0.468571428571429
FBgn0019982	92	93	185	0.497297297297297
FBgn0019985	162	167	329	0.492401215805471
FBgn0019990	289	306	595	0.485714285714286
FBgn0020018	91	90	181	0.502762430939227
FBgn0020224	369	357	726	0.508264462809917
FBgn0020235	48	63	111	0.432432432432432
FBgn0020236	216	236	452	0.47787610619469
FBgn0020238	86	82	168	0.511904761904762
FBgn0020248	272	227	499	0.545090180360721
FBgn0020249	0	0	0	NA
FBgn0020251	414	441	855	0.484210526315789
FBgn0020255	22	0	22	1
FBgn0020257	116	131	247	0.469635627530364
FBgn0020258	201	212	413	0.486682808716707
FBgn0020261	236	2	238	0.991596638655462
FBgn0020269	153	148	301	0.508305647840532
FBgn0020270	101	111	212	0.476415094339623
FBgn0020272	195	0	195	1
FBgn0020277	46	27	73	0.63013698630137
FBgn0020278	260	244	504	0.515873015873016
FBgn0020279	150	146	296	0.506756756756757
FBgn0020280	38	47	85	0.447058823529412
FBgn0020294	55	55	110	0.5
FBgn0020299	330	302	632	0.522151898734177
FBgn0020300	159	139	298	0.533557046979866
FBgn0020304	298	296	594	0.501683501683502
FBgn0020305	58	75	133	0.43609022556391
FBgn0020306	372	317	689	0.539912917271408
FBgn0020307	306	315	621	0.492753623188406
FBgn0020309	237	262	499	0.474949899799599
FBgn0020312	264	257	521	0.506717850287908
FBgn0020369	29	0	29	1
FBgn0020370	230	228	458	0.502183406113537
FBgn0020371	56	45	101	0.554455445544555
FBgn0020372	74	61	135	0.548148148148148
FBgn0020376	93	116	209	0.444976076555024
FBgn0020377	174	184	358	0.486033519553073
FBgn0020378	151	3	154	0.980519480519481
FBgn0020379	292	272	564	0.517730496453901
FBgn0020381	58	0	58	1
FBgn0020385	204	185	389	0.524421593830334
FBgn0020386	90	136	226	0.398230088495575
FBgn0020388	90	108	198	0.454545454545455
FBgn0020389	142	130	272	0.522058823529412
FBgn0020391	94	130	224	0.419642857142857
FBgn0020392	118	94	212	0.556603773584906
FBgn0020399	24	21	45	0.533333333333333
FBgn0020407	163	130	293	0.556313993174061
FBgn0020412	332	379	711	0.466947960618847
FBgn0020414	250	265	515	0.485436893203884
FBgn0020415	132	138	270	0.488888888888889
FBgn0020416	134	126	260	0.515384615384615
FBgn0020429	290	264	554	0.523465703971119
FBgn0020440	409	389	798	0.512531328320802
FBgn0020443	232	218	450	0.515555555555556
FBgn0020445	210	232	442	0.475113122171946
FBgn0020493	48	40	88	0.545454545454545
FBgn0020496	216	193	409	0.528117359413203
FBgn0020497	170	134	304	0.559210526315789
FBgn0020503	584	619	1203	0.485453034081463
FBgn0020506	111	120	231	0.480519480519481
FBgn0020508	68	0	68	1
FBgn0020509	48	72	120	0.4
FBgn0020510	172	207	379	0.453825857519789
FBgn0020513	209	2	211	0.990521327014218
FBgn0020518	0	0	0	NA
FBgn0020521	180	218	398	0.452261306532663
FBgn0020545	103	99	202	0.50990099009901
FBgn0020546	238	237	475	0.501052631578947
FBgn0020556	272	287	559	0.486583184257603
FBgn0020616	171	176	347	0.492795389048991
FBgn0020617	251	248	499	0.503006012024048
FBgn0020618	71	74	145	0.489655172413793
FBgn0020620	142	161	303	0.468646864686469
FBgn0020621	371	383	754	0.492042440318302
FBgn0020622	178	166	344	0.517441860465116
FBgn0020626	102	74	176	0.579545454545455
FBgn0020633	25	27	52	0.480769230769231
FBgn0020637	35	37	72	0.486111111111111
FBgn0020638	14	34	48	0.291666666666667
FBgn0020639	44	60	104	0.423076923076923
FBgn0020640	54	53	107	0.504672897196262
FBgn0020641	84	90	174	0.482758620689655
FBgn0020642	31	30	61	0.508196721311475
FBgn0020643	4	1	5	0.8
FBgn0020644	0	0	0	NA
FBgn0020645	2	9	11	0.181818181818182
FBgn0020646	0	0	0	NA
FBgn0020647	326	339	665	0.490225563909774
FBgn0020653	135	1	136	0.992647058823529
FBgn0020655	135	120	255	0.529411764705882
FBgn0020660	2	8	10	0.2
FBgn0020762	398	392	790	0.50379746835443
FBgn0020764	98	91	189	0.518518518518518
FBgn0020765	22	23	45	0.488888888888889
FBgn0020767	229	263	492	0.465447154471545
FBgn0020880	192	159	351	0.547008547008547
FBgn0020887	124	102	226	0.548672566371681
FBgn0020906	29	44	73	0.397260273972603
FBgn0020907	65	76	141	0.460992907801418
FBgn0020908	39	40	79	0.493670886075949
FBgn0020909	83	0	83	1
FBgn0020910	125	120	245	0.510204081632653
FBgn0020912	186	187	373	0.498659517426273
FBgn0020930	82	82	164	0.5
FBgn0021738	55	0	55	1
FBgn0021742	139	0	139	1
FBgn0021750	13	12	25	0.52
FBgn0021760	12	5	17	0.705882352941177
FBgn0021761	224	268	492	0.455284552845528
FBgn0021764	376	3	379	0.992084432717678
FBgn0021765	73	1	74	0.986486486486487
FBgn0021767	312	0	312	1
FBgn0021768	191	172	363	0.526170798898072
FBgn0021776	215	219	434	0.495391705069124
FBgn0021795	60	73	133	0.451127819548872
FBgn0021796	20	14	34	0.588235294117647
FBgn0021800	106	102	208	0.509615384615385
FBgn0021814	30	45	75	0.4
FBgn0021825	39	34	73	0.534246575342466
FBgn0021847	79	53	132	0.598484848484849
FBgn0021856	50	37	87	0.574712643678161
FBgn0021872	80	69	149	0.536912751677852
FBgn0021874	76	78	154	0.493506493506494
FBgn0021875	94	105	199	0.472361809045226
FBgn0021895	75	45	120	0.625
FBgn0021906	84	112	196	0.428571428571429
FBgn0021944	39	37	76	0.513157894736842
FBgn0021967	30	49	79	0.379746835443038
FBgn0021979	217	229	446	0.486547085201794
FBgn0021995	80	57	137	0.583941605839416
FBgn0022023	54	65	119	0.453781512605042
FBgn0022027	13	17	30	0.433333333333333
FBgn0022029	151	166	317	0.476340694006309
FBgn0022069	112	117	229	0.489082969432314
FBgn0022097	50	28	78	0.641025641025641
FBgn0022153	341	328	669	0.509715994020927
FBgn0022160	312	289	601	0.519134775374376
FBgn0022213	128	115	243	0.526748971193416
FBgn0022224	9	3	12	0.75
FBgn0022238	118	118	236	0.5
FBgn0022288	73	87	160	0.45625
FBgn0022338	66	68	134	0.492537313432836
FBgn0022343	8	12	20	0.4
FBgn0022344	54	55	109	0.495412844036697
FBgn0022349	49	43	92	0.532608695652174
FBgn0022355	165	2	167	0.988023952095808
FBgn0022359	39	35	74	0.527027027027027
FBgn0022361	29	32	61	0.475409836065574
FBgn0022382	359	361	720	0.498611111111111
FBgn0022699	78	77	155	0.503225806451613
FBgn0022700	131	126	257	0.509727626459144
FBgn0022702	88	77	165	0.533333333333333
FBgn0022709	83	86	169	0.49112426035503
FBgn0022710	506	5	511	0.990215264187867
FBgn0022724	54	0	54	1
FBgn0022740	118	106	224	0.526785714285714
FBgn0022764	400	463	863	0.463499420625724
FBgn0022768	51	0	51	1
FBgn0022770	142	1	143	0.993006993006993
FBgn0022774	52	47	99	0.525252525252525
FBgn0022786	92	0	92	1
FBgn0022787	99	90	189	0.523809523809524
FBgn0022800	229	242	471	0.48619957537155
FBgn0022893	29	27	56	0.517857142857143
FBgn0022935	102	98	200	0.51
FBgn0022936	21	12	33	0.636363636363636
FBgn0022942	49	1	50	0.98
FBgn0022943	0	0	0	NA
FBgn0022959	74	81	155	0.47741935483871
FBgn0022960	89	76	165	0.539393939393939
FBgn0022981	19	9	28	0.678571428571429
FBgn0022984	83	88	171	0.485380116959064
FBgn0022985	44	51	95	0.463157894736842
FBgn0022986	123	121	244	0.504098360655738
FBgn0022987	199	191	390	0.51025641025641
FBgn0023000	205	213	418	0.490430622009569
FBgn0023001	335	305	640	0.5234375
FBgn0023023	61	71	132	0.462121212121212
FBgn0023076	219	226	445	0.492134831460674
FBgn0023081	264	245	509	0.518664047151277
FBgn0023083	230	228	458	0.502183406113537
FBgn0023090	224	232	456	0.491228070175439
FBgn0023091	86	117	203	0.423645320197044
FBgn0023094	32	42	74	0.432432432432432
FBgn0023095	279	269	548	0.509124087591241
FBgn0023096	602	556	1158	0.51986183074266
FBgn0023097	240	226	466	0.515021459227468
FBgn0023129	0	0	0	NA
FBgn0023130	93	0	93	1
FBgn0023143	84	66	150	0.56
FBgn0023167	8	2	10	0.8
FBgn0023169	69	0	69	1
FBgn0023170	28	19	47	0.595744680851064
FBgn0023171	33	45	78	0.423076923076923
FBgn0023172	261	241	502	0.5199203187251
FBgn0023174	28	31	59	0.474576271186441
FBgn0023175	13	18	31	0.419354838709677
FBgn0023177	50	0	50	1
FBgn0023178	66	76	142	0.464788732394366
FBgn0023179	356	341	697	0.510760401721664
FBgn0023180	10	10	20	0.5
FBgn0023181	38	21	59	0.644067796610169
FBgn0023197	61	62	123	0.495934959349593
FBgn0023212	86	76	162	0.530864197530864
FBgn0023213	99	101	200	0.495
FBgn0023214	128	121	249	0.514056224899598
FBgn0023215	227	0	227	1
FBgn0023216	151	2	153	0.986928104575163
FBgn0023388	168	181	349	0.481375358166189
FBgn0023395	108	90	198	0.545454545454545
FBgn0023407	329	377	706	0.46600566572238
FBgn0023415	50	60	110	0.454545454545455
FBgn0023416	274	281	555	0.493693693693694
FBgn0023441	353	346	699	0.505007153075823
FBgn0023458	547	3	550	0.994545454545455
FBgn0023477	103	85	188	0.547872340425532
FBgn0023479	608	645	1253	0.485235434956105
FBgn0023489	119	130	249	0.477911646586345
FBgn0023495	37	39	76	0.486842105263158
FBgn0023496	161	181	342	0.470760233918129
FBgn0023506	129	0	129	1
FBgn0023507	70	1	71	0.985915492957746
FBgn0023508	130	0	130	1
FBgn0023509	100	1	101	0.99009900990099
FBgn0023510	180	2	182	0.989010989010989
FBgn0023511	177	1	178	0.99438202247191
FBgn0023512	96	2	98	0.979591836734694
FBgn0023513	96	0	96	1
FBgn0023514	86	0	86	1
FBgn0023515	93	0	93	1
FBgn0023516	29	1	30	0.966666666666667
FBgn0023517	38	0	38	1
FBgn0023518	170	3	173	0.982658959537572
FBgn0023519	10	0	10	1
FBgn0023520	37	0	37	1
FBgn0023521	44	0	44	1
FBgn0023522	75	2	77	0.974025974025974
FBgn0023523	81	0	81	1
FBgn0023524	191	2	193	0.989637305699482
FBgn0023525	119	1	120	0.991666666666667
FBgn0023526	190	1	191	0.994764397905759
FBgn0023527	61	0	61	1
FBgn0023528	43	0	43	1
FBgn0023529	52	0	52	1
FBgn0023530	30	1	31	0.967741935483871
FBgn0023531	240	2	242	0.991735537190083
FBgn0023534	33	0	33	1
FBgn0023535	0	0	0	NA
FBgn0023536	76	2	78	0.974358974358974
FBgn0023537	38	0	38	1
FBgn0023540	96	0	96	1
FBgn0023541	0	0	0	NA
FBgn0023542	22	0	22	1
FBgn0023545	29	0	29	1
FBgn0023549	164	1	165	0.993939393939394
FBgn0023550	71	0	71	1
FBgn0024150	4	13	17	0.235294117647059
FBgn0024177	62	77	139	0.446043165467626
FBgn0024179	215	223	438	0.490867579908676
FBgn0024182	0	0	0	NA
FBgn0024183	143	154	297	0.481481481481481
FBgn0024184	172	1	173	0.994219653179191
FBgn0024187	529	466	995	0.531658291457286
FBgn0024188	44	52	96	0.458333333333333
FBgn0024189	409	446	855	0.478362573099415
FBgn0024191	179	168	347	0.515850144092219
FBgn0024194	53	59	112	0.473214285714286
FBgn0024196	53	51	104	0.509615384615385
FBgn0024222	95	79	174	0.545977011494253
FBgn0024227	82	103	185	0.443243243243243
FBgn0024230	75	90	165	0.454545454545455
FBgn0024232	479	491	970	0.493814432989691
FBgn0024234	78	66	144	0.541666666666667
FBgn0024236	262	249	511	0.512720156555773
FBgn0024238	211	1	212	0.995283018867924
FBgn0024244	116	113	229	0.506550218340611
FBgn0024245	183	201	384	0.4765625
FBgn0024248	193	226	419	0.460620525059666
FBgn0024249	46	42	88	0.522727272727273
FBgn0024250	84	0	84	1
FBgn0024251	26	0	26	1
FBgn0024273	123	95	218	0.564220183486238
FBgn0024277	758	705	1463	0.518113465481887
FBgn0024285	124	132	256	0.484375
FBgn0024288	190	167	357	0.532212885154062
FBgn0024289	63	57	120	0.525
FBgn0024291	33	35	68	0.485294117647059
FBgn0024293	70	85	155	0.451612903225806
FBgn0024294	56	61	117	0.478632478632479
FBgn0024314	103	121	224	0.459821428571429
FBgn0024315	298	331	629	0.473767885532591
FBgn0024319	170	181	351	0.484330484330484
FBgn0024320	465	430	895	0.519553072625698
FBgn0024321	115	106	221	0.520361990950226
FBgn0024326	113	99	212	0.533018867924528
FBgn0024329	292	295	587	0.497444633730835
FBgn0024330	14	17	31	0.451612903225806
FBgn0024352	63	79	142	0.443661971830986
FBgn0024360	46	1	47	0.978723404255319
FBgn0024361	29	0	29	1
FBgn0024362	42	0	42	1
FBgn0024364	25	0	25	1
FBgn0024365	97	0	97	1
FBgn0024366	133	1	134	0.992537313432836
FBgn0024371	70	72	142	0.492957746478873
FBgn0024432	70	53	123	0.569105691056911
FBgn0024491	171	203	374	0.457219251336898
FBgn0024509	135	127	262	0.515267175572519
FBgn0024510	187	192	379	0.493403693931398
FBgn0024542	56	34	90	0.622222222222222
FBgn0024555	140	156	296	0.472972972972973
FBgn0024556	106	96	202	0.524752475247525
FBgn0024558	40	41	81	0.493827160493827
FBgn0024689	81	88	169	0.479289940828402
FBgn0024698	40	58	98	0.408163265306122
FBgn0024728	53	45	98	0.540816326530612
FBgn0024732	154	188	342	0.450292397660819
FBgn0024733	99	65	164	0.603658536585366
FBgn0024734	98	59	157	0.624203821656051
FBgn0024740	244	262	506	0.482213438735178
FBgn0024754	140	149	289	0.484429065743945
FBgn0024804	79	108	187	0.422459893048128
FBgn0024806	52	46	98	0.530612244897959
FBgn0024807	119	1	120	0.991666666666667
FBgn0024811	20	24	44	0.454545454545455
FBgn0024814	26	38	64	0.40625
FBgn0024833	18	19	37	0.486486486486487
FBgn0024836	771	807	1578	0.488593155893536
FBgn0024841	54	51	105	0.514285714285714
FBgn0024846	72	88	160	0.45
FBgn0024887	0	0	0	NA
FBgn0024889	28	32	60	0.466666666666667
FBgn0024897	81	0	81	1
FBgn0024909	4	8	12	0.333333333333333
FBgn0024912	24	34	58	0.413793103448276
FBgn0024913	30	26	56	0.535714285714286
FBgn0024920	35	30	65	0.538461538461538
FBgn0024921	219	185	404	0.542079207920792
FBgn0024941	302	1	303	0.996699669966997
FBgn0024943	282	1	283	0.996466431095406
FBgn0024944	377	391	768	0.490885416666667
FBgn0024945	0	0	0	NA
FBgn0024947	33	22	55	0.6
FBgn0024956	59	65	124	0.475806451612903
FBgn0024957	98	115	213	0.460093896713615
FBgn0024958	50	58	108	0.462962962962963
FBgn0024963	214	252	466	0.459227467811159
FBgn0024973	126	0	126	1
FBgn0024975	107	0	107	1
FBgn0024980	102	0	102	1
FBgn0024983	30	0	30	1
FBgn0024984	14	0	14	1
FBgn0024985	98	0	98	1
FBgn0024986	32	0	32	1
FBgn0024987	88	2	90	0.977777777777778
FBgn0024989	90	1	91	0.989010989010989
FBgn0024991	157	0	157	1
FBgn0024992	164	1	165	0.993939393939394
FBgn0024993	106	0	106	1
FBgn0024994	151	1	152	0.993421052631579
FBgn0024995	55	0	55	1
FBgn0024996	93	1	94	0.98936170212766
FBgn0024997	116	0	116	1
FBgn0024998	80	0	80	1
FBgn0025109	56	58	114	0.491228070175439
FBgn0025111	70	0	70	1
FBgn0025115	60	50	110	0.545454545454545
FBgn0025118	26	0	26	1
FBgn0025185	81	73	154	0.525974025974026
FBgn0025186	132	172	304	0.434210526315789
FBgn0025334	93	95	188	0.49468085106383
FBgn0025335	76	84	160	0.475
FBgn0025336	86	102	188	0.457446808510638
FBgn0025352	48	52	100	0.48
FBgn0025355	0	0	0	NA
FBgn0025360	159	146	305	0.521311475409836
FBgn0025366	57	57	114	0.5
FBgn0025373	98	97	195	0.502564102564103
FBgn0025378	62	0	62	1
FBgn0025381	40	1	41	0.975609756097561
FBgn0025382	57	0	57	1
FBgn0025383	27	0	27	1
FBgn0025387	167	0	167	1
FBgn0025388	166	3	169	0.982248520710059
FBgn0025390	233	1	234	0.995726495726496
FBgn0025391	210	1	211	0.995260663507109
FBgn0025393	0	0	0	NA
FBgn0025394	117	0	117	1
FBgn0025454	0	0	0	NA
FBgn0025455	175	187	362	0.483425414364641
FBgn0025456	91	84	175	0.52
FBgn0025457	76	63	139	0.546762589928058
FBgn0025463	35	0	35	1
FBgn0025469	100	70	170	0.588235294117647
FBgn0025519	150	115	265	0.566037735849057
FBgn0025525	194	208	402	0.482587064676617
FBgn0025549	210	1	211	0.995260663507109
FBgn0025558	0	0	0	NA
FBgn0025571	195	232	427	0.456674473067916
FBgn0025573	85	92	177	0.480225988700565
FBgn0025574	260	259	519	0.500963391136802
FBgn0025578	6	2	8	0.75
FBgn0025582	39	31	70	0.557142857142857
FBgn0025583	48	40	88	0.545454545454545
FBgn0025592	0	2	2	0
FBgn0025595	199	236	435	0.457471264367816
FBgn0025608	94	96	190	0.494736842105263
FBgn0025612	48	1	49	0.979591836734694
FBgn0025613	75	1	76	0.986842105263158
FBgn0025615	0	0	0	NA
FBgn0025616	52	0	52	1
FBgn0025620	66	0	66	1
FBgn0025621	195	3	198	0.984848484848485
FBgn0025624	42	0	42	1
FBgn0025625	92	0	92	1
FBgn0025626	30	1	31	0.967741935483871
FBgn0025627	44	1	45	0.977777777777778
FBgn0025628	13	1	14	0.928571428571429
FBgn0025629	21	0	21	1
FBgn0025630	26	1	27	0.962962962962963
FBgn0025631	108	0	108	1
FBgn0025632	83	0	83	1
FBgn0025633	186	0	186	1
FBgn0025634	41	2	43	0.953488372093023
FBgn0025635	65	0	65	1
FBgn0025637	33	0	33	1
FBgn0025638	0	0	0	NA
FBgn0025639	80	1	81	0.987654320987654
FBgn0025640	27	0	27	1
FBgn0025641	248	2	250	0.992
FBgn0025642	22	0	22	1
FBgn0025643	218	1	219	0.995433789954338
FBgn0025644	88	1	89	0.98876404494382
FBgn0025645	64	0	64	1
FBgn0025674	158	200	358	0.441340782122905
FBgn0025676	140	136	276	0.507246376811594
FBgn0025678	118	150	268	0.440298507462687
FBgn0025679	88	1	89	0.98876404494382
FBgn0025680	113	144	257	0.439688715953307
FBgn0025681	312	281	593	0.526138279932546
FBgn0025682	2	0	2	1
FBgn0025683	96	63	159	0.60377358490566
FBgn0025684	85	98	183	0.46448087431694
FBgn0025686	18	42	60	0.3
FBgn0025692	0	0	0	NA
FBgn0025693	168	171	339	0.495575221238938
FBgn0025697	385	359	744	0.51747311827957
FBgn0025700	48	34	82	0.585365853658537
FBgn0025702	115	91	206	0.558252427184466
FBgn0025709	119	122	241	0.493775933609959
FBgn0025712	0	0	0	NA
FBgn0025716	43	28	71	0.605633802816901
FBgn0025720	142	126	268	0.529850746268657
FBgn0025724	105	68	173	0.606936416184971
FBgn0025725	2	0	2	1
FBgn0025726	332	339	671	0.49478390461997
FBgn0025739	132	0	132	1
FBgn0025740	37	26	63	0.587301587301587
FBgn0025741	47	46	93	0.505376344086022
FBgn0025742	162	109	271	0.597785977859779
FBgn0025743	118	1	119	0.991596638655462
FBgn0025776	48	44	92	0.521739130434783
FBgn0025777	124	114	238	0.521008403361345
FBgn0025781	122	136	258	0.472868217054264
FBgn0025790	81	78	159	0.509433962264151
FBgn0025800	179	0	179	1
FBgn0025802	131	94	225	0.582222222222222
FBgn0025807	66	43	109	0.605504587155963
FBgn0025808	31	46	77	0.402597402597403
FBgn0025809	44	0	44	1
FBgn0025814	53	0	53	1
FBgn0025815	164	0	164	1
FBgn0025820	10	13	23	0.434782608695652
FBgn0025821	64	71	135	0.474074074074074
FBgn0025825	0	0	0	NA
FBgn0025827	51	48	99	0.515151515151515
FBgn0025830	178	176	354	0.502824858757062
FBgn0025832	64	84	148	0.432432432432432
FBgn0025833	220	238	458	0.480349344978166
FBgn0025835	17	1	18	0.944444444444444
FBgn0025836	50	0	50	1
FBgn0025837	8	0	8	1
FBgn0025838	38	0	38	1
FBgn0025839	20	0	20	1
FBgn0025864	440	1	441	0.997732426303855
FBgn0025865	228	204	432	0.527777777777778
FBgn0025866	168	177	345	0.48695652173913
FBgn0025874	116	106	222	0.522522522522523
FBgn0025878	188	175	363	0.517906336088154
FBgn0025879	11	17	28	0.392857142857143
FBgn0025881	0	0	0	NA
FBgn0025882	0	0	0	NA
FBgn0025885	112	112	224	0.5
FBgn0025936	104	117	221	0.470588235294118
FBgn0026015	170	0	170	1
FBgn0026056	149	161	310	0.480645161290323
FBgn0026058	98	0	98	1
FBgn0026059	409	494	903	0.452934662236988
FBgn0026060	8	0	8	1
FBgn0026061	144	135	279	0.516129032258065
FBgn0026063	0	0	0	NA
FBgn0026064	0	0	0	NA
FBgn0026076	108	0	108	1
FBgn0026077	73	68	141	0.517730496453901
FBgn0026079	134	1	135	0.992592592592593
FBgn0026080	37	0	37	1
FBgn0026083	300	12	312	0.961538461538462
FBgn0026084	35	0	35	1
FBgn0026085	51	0	51	1
FBgn0026086	424	1	425	0.997647058823529
FBgn0026088	18	0	18	1
FBgn0026089	44	0	44	1
FBgn0026090	32	0	32	1
FBgn0026136	62	44	106	0.584905660377358
FBgn0026141	64	65	129	0.496124031007752
FBgn0026143	37	0	37	1
FBgn0026144	191	1	192	0.994791666666667
FBgn0026147	370	432	802	0.461346633416459
FBgn0026148	64	62	126	0.507936507936508
FBgn0026149	91	0	91	1
FBgn0026150	99	92	191	0.518324607329843
FBgn0026160	472	439	911	0.518111964873765
FBgn0026162	3	7	10	0.3
FBgn0026163	0	0	0	NA
FBgn0026164	61	13	74	0.824324324324324
FBgn0026169	2	2	4	0.5
FBgn0026174	3	0	3	1
FBgn0026175	47	0	47	1
FBgn0026176	3	2	5	0.6
FBgn0026179	225	265	490	0.459183673469388
FBgn0026181	376	2	378	0.994708994708995
FBgn0026189	416	385	801	0.519350811485643
FBgn0026190	139	153	292	0.476027397260274
FBgn0026192	148	0	148	1
FBgn0026196	103	80	183	0.562841530054645
FBgn0026197	34	32	66	0.515151515151515
FBgn0026199	11	19	30	0.366666666666667
FBgn0026206	864	12	876	0.986301369863014
FBgn0026207	174	190	364	0.478021978021978
FBgn0026238	26	46	72	0.361111111111111
FBgn0026239	506	553	1059	0.47780925401322
FBgn0026250	105	112	217	0.483870967741935
FBgn0026252	110	126	236	0.466101694915254
FBgn0026255	63	76	139	0.453237410071942
FBgn0026257	79	84	163	0.484662576687117
FBgn0026259	264	277	541	0.487985212569316
FBgn0026261	36	39	75	0.48
FBgn0026262	38	34	72	0.527777777777778
FBgn0026263	75	69	144	0.520833333333333
FBgn0026268	63	0	63	1
FBgn0026309	130	125	255	0.509803921568627
FBgn0026313	291	0	291	1
FBgn0026314	99	105	204	0.485294117647059
FBgn0026315	102	112	214	0.476635514018692
FBgn0026316	56	43	99	0.565656565656566
FBgn0026317	141	148	289	0.487889273356401
FBgn0026319	140	172	312	0.448717948717949
FBgn0026320	47	51	98	0.479591836734694
FBgn0026323	244	1	245	0.995918367346939
FBgn0026324	13	7	20	0.65
FBgn0026326	31	43	74	0.418918918918919
FBgn0026361	94	85	179	0.525139664804469
FBgn0026369	342	324	666	0.513513513513513
FBgn0026371	89	92	181	0.49171270718232
FBgn0026372	65	82	147	0.442176870748299
FBgn0026373	17	36	53	0.320754716981132
FBgn0026374	105	2	107	0.981308411214953
FBgn0026375	391	3	394	0.99238578680203
FBgn0026376	311	287	598	0.520066889632107
FBgn0026378	113	115	228	0.495614035087719
FBgn0026379	237	228	465	0.509677419354839
FBgn0026380	15	13	28	0.535714285714286
FBgn0026384	91	82	173	0.526011560693642
FBgn0026385	89	120	209	0.425837320574163
FBgn0026386	62	67	129	0.48062015503876
FBgn0026388	0	0	0	NA
FBgn0026389	116	103	219	0.529680365296804
FBgn0026390	121	125	246	0.491869918699187
FBgn0026391	144	126	270	0.533333333333333
FBgn0026392	128	144	272	0.470588235294118
FBgn0026393	33	45	78	0.423076923076923
FBgn0026394	97	102	199	0.487437185929648
FBgn0026395	93	93	186	0.5
FBgn0026396	112	110	222	0.504504504504504
FBgn0026397	120	123	243	0.493827160493827
FBgn0026398	65	25	90	0.722222222222222
FBgn0026399	32	19	51	0.627450980392157
FBgn0026400	64	91	155	0.412903225806452
FBgn0026401	117	125	242	0.483471074380165
FBgn0026402	89	81	170	0.523529411764706
FBgn0026403	250	249	499	0.501002004008016
FBgn0026404	157	151	308	0.50974025974026
FBgn0026409	142	148	290	0.489655172413793
FBgn0026411	318	2	320	0.99375
FBgn0026415	137	0	137	1
FBgn0026417	38	41	79	0.481012658227848
FBgn0026418	155	157	312	0.496794871794872
FBgn0026427	441	429	870	0.506896551724138
FBgn0026428	106	0	106	1
FBgn0026430	320	1	321	0.996884735202492
FBgn0026431	105	94	199	0.527638190954774
FBgn0026432	248	246	494	0.502024291497976
FBgn0026433	106	1	107	0.990654205607477
FBgn0026438	306	313	619	0.494345718901454
FBgn0026439	239	275	514	0.464980544747082
FBgn0026441	77	79	156	0.493589743589744
FBgn0026479	20	31	51	0.392156862745098
FBgn0026533	234	202	436	0.536697247706422
FBgn0026562	103	78	181	0.569060773480663
FBgn0026563	152	131	283	0.537102473498233
FBgn0026565	9	12	21	0.428571428571429
FBgn0026566	48	44	92	0.521739130434783
FBgn0026570	101	83	184	0.548913043478261
FBgn0026573	215	224	439	0.489749430523918
FBgn0026575	349	4	353	0.988668555240793
FBgn0026576	104	103	207	0.502415458937198
FBgn0026577	252	250	502	0.50199203187251
FBgn0026582	50	50	100	0.5
FBgn0026592	88	75	163	0.539877300613497
FBgn0026593	151	174	325	0.464615384615385
FBgn0026597	338	335	673	0.50222882615156
FBgn0026598	137	152	289	0.474048442906574
FBgn0026602	99	93	192	0.515625
FBgn0026616	202	189	391	0.516624040920716
FBgn0026619	130	118	248	0.524193548387097
FBgn0026620	131	142	273	0.47985347985348
FBgn0026630	87	76	163	0.533742331288344
FBgn0026634	16	17	33	0.484848484848485
FBgn0026666	52	0	52	1
FBgn0026679	198	0	198	1
FBgn0026702	192	0	192	1
FBgn0026713	178	0	178	1
FBgn0026718	154	160	314	0.490445859872611
FBgn0026721	126	113	239	0.527196652719665
FBgn0026722	115	112	227	0.506607929515419
FBgn0026737	0	0	0	NA
FBgn0026738	0	0	0	NA
FBgn0026741	3	5	8	0.375
FBgn0026749	61	0	61	1
FBgn0026751	112	1	113	0.991150442477876
FBgn0026754	127	145	272	0.466911764705882
FBgn0026755	125	119	244	0.512295081967213
FBgn0026756	64	67	131	0.488549618320611
FBgn0026760	73	73	146	0.5
FBgn0026761	100	101	201	0.497512437810945
FBgn0026777	69	63	132	0.522727272727273
FBgn0026778	0	0	0	NA
FBgn0026787	29	27	56	0.517857142857143
FBgn0026869	148	164	312	0.474358974358974
FBgn0026872	77	0	77	1
FBgn0026873	33	0	33	1
FBgn0026874	49	0	49	1
FBgn0026876	169	0	169	1
FBgn0026878	30	1	31	0.967741935483871
FBgn0026879	9	0	9	1
FBgn0027052	113	99	212	0.533018867924528
FBgn0027053	29	27	56	0.517857142857143
FBgn0027054	68	52	120	0.566666666666667
FBgn0027055	12	9	21	0.571428571428571
FBgn0027057	75	72	147	0.510204081632653
FBgn0027066	146	145	291	0.501718213058419
FBgn0027070	68	77	145	0.468965517241379
FBgn0027073	105	129	234	0.448717948717949
FBgn0027074	228	167	395	0.577215189873418
FBgn0027079	196	193	389	0.503856041131105
FBgn0027080	138	106	244	0.565573770491803
FBgn0027081	204	144	348	0.586206896551724
FBgn0027082	100	126	226	0.442477876106195
FBgn0027083	242	256	498	0.485943775100402
FBgn0027084	112	2	114	0.982456140350877
FBgn0027085	235	206	441	0.532879818594104
FBgn0027086	105	129	234	0.448717948717949
FBgn0027087	215	1	216	0.99537037037037
FBgn0027088	174	134	308	0.564935064935065
FBgn0027090	87	96	183	0.475409836065574
FBgn0027091	196	167	363	0.539944903581267
FBgn0027093	50	0	50	1
FBgn0027094	162	134	296	0.547297297297297
FBgn0027095	48	53	101	0.475247524752475
FBgn0027101	98	73	171	0.573099415204678
FBgn0027106	90	1	91	0.989010989010989
FBgn0027107	101	0	101	1
FBgn0027108	191	0	191	1
FBgn0027109	75	45	120	0.625
FBgn0027111	40	55	95	0.421052631578947
FBgn0027259	17	0	17	1
FBgn0027279	637	3	640	0.9953125
FBgn0027280	46	3	49	0.938775510204082
FBgn0027287	292	3	295	0.989830508474576
FBgn0027291	117	0	117	1
FBgn0027296	72	0	72	1
FBgn0027329	127	2	129	0.984496124031008
FBgn0027330	166	0	166	1
FBgn0027334	42	1	43	0.976744186046512
FBgn0027335	178	0	178	1
FBgn0027338	32	29	61	0.524590163934426
FBgn0027339	272	287	559	0.486583184257603
FBgn0027341	44	34	78	0.564102564102564
FBgn0027342	227	0	227	1
FBgn0027343	230	1	231	0.995670995670996
FBgn0027348	261	251	512	0.509765625
FBgn0027356	160	222	382	0.418848167539267
FBgn0027358	0	0	0	NA
FBgn0027359	31	0	31	1
FBgn0027360	0	0	0	NA
FBgn0027363	168	175	343	0.489795918367347
FBgn0027364	90	99	189	0.476190476190476
FBgn0027375	107	139	246	0.434959349593496
FBgn0027376	199	188	387	0.51421188630491
FBgn0027378	2	1	3	0.666666666666667
FBgn0027453	118	92	210	0.561904761904762
FBgn0027490	145	176	321	0.451713395638629
FBgn0027491	126	148	274	0.45985401459854
FBgn0027492	370	402	772	0.479274611398964
FBgn0027493	52	65	117	0.444444444444444
FBgn0027494	37	54	91	0.406593406593407
FBgn0027495	61	55	116	0.525862068965517
FBgn0027496	83	84	167	0.497005988023952
FBgn0027497	20	23	43	0.465116279069767
FBgn0027498	0	0	0	NA
FBgn0027499	222	242	464	0.478448275862069
FBgn0027500	62	67	129	0.48062015503876
FBgn0027503	96	84	180	0.533333333333333
FBgn0027504	92	77	169	0.544378698224852
FBgn0027505	258	273	531	0.485875706214689
FBgn0027506	72	49	121	0.59504132231405
FBgn0027507	12	19	31	0.387096774193548
FBgn0027508	215	215	430	0.5
FBgn0027509	206	154	360	0.572222222222222
FBgn0027512	70	67	137	0.510948905109489
FBgn0027513	18	23	41	0.439024390243902
FBgn0027514	58	43	101	0.574257425742574
FBgn0027515	170	148	318	0.534591194968553
FBgn0027518	196	180	376	0.521276595744681
FBgn0027521	191	0	191	1
FBgn0027524	23	32	55	0.418181818181818
FBgn0027525	132	138	270	0.488888888888889
FBgn0027526	72	69	141	0.51063829787234
FBgn0027527	13	11	24	0.541666666666667
FBgn0027528	254	1	255	0.996078431372549
FBgn0027529	217	260	477	0.454926624737945
FBgn0027532	18	22	40	0.45
FBgn0027535	213	233	446	0.477578475336323
FBgn0027537	143	0	143	1
FBgn0027538	50	45	95	0.526315789473684
FBgn0027539	78	89	167	0.467065868263473
FBgn0027544	0	0	0	NA
FBgn0027546	166	1	167	0.994011976047904
FBgn0027547	23	30	53	0.433962264150943
FBgn0027548	100	79	179	0.558659217877095
FBgn0027549	46	50	96	0.479166666666667
FBgn0027550	183	199	382	0.479057591623037
FBgn0027552	95	72	167	0.568862275449102
FBgn0027553	144	1	145	0.993103448275862
FBgn0027554	73	77	150	0.486666666666667
FBgn0027556	188	2	190	0.989473684210526
FBgn0027558	78	87	165	0.472727272727273
FBgn0027560	221	194	415	0.532530120481928
FBgn0027561	199	172	371	0.536388140161725
FBgn0027562	120	126	246	0.48780487804878
FBgn0027563	101	82	183	0.551912568306011
FBgn0027564	122	0	122	1
FBgn0027565	41	25	66	0.621212121212121
FBgn0027567	206	156	362	0.569060773480663
FBgn0027568	225	198	423	0.531914893617021
FBgn0027569	190	189	379	0.50131926121372
FBgn0027570	43	42	85	0.505882352941176
FBgn0027572	145	138	283	0.512367491166078
FBgn0027574	88	109	197	0.446700507614213
FBgn0027575	236	259	495	0.476767676767677
FBgn0027578	83	93	176	0.471590909090909
FBgn0027579	154	149	303	0.508250825082508
FBgn0027580	161	152	313	0.514376996805112
FBgn0027581	35	46	81	0.432098765432099
FBgn0027582	155	175	330	0.46969696969697
FBgn0027583	107	104	211	0.507109004739337
FBgn0027584	140	130	270	0.518518518518518
FBgn0027585	181	182	363	0.49862258953168
FBgn0027586	111	109	220	0.504545454545455
FBgn0027587	23	24	47	0.48936170212766
FBgn0027588	124	0	124	1
FBgn0027589	192	149	341	0.563049853372434
FBgn0027590	21	15	36	0.583333333333333
FBgn0027592	84	83	167	0.502994011976048
FBgn0027594	245	232	477	0.513626834381551
FBgn0027596	437	458	895	0.488268156424581
FBgn0027597	13	18	31	0.419354838709677
FBgn0027598	374	328	702	0.532763532763533
FBgn0027599	11	11	22	0.5
FBgn0027600	114	121	235	0.485106382978723
FBgn0027601	282	0	282	1
FBgn0027602	262	1	263	0.996197718631179
FBgn0027603	143	1	144	0.993055555555556
FBgn0027607	37	28	65	0.569230769230769
FBgn0027608	123	106	229	0.537117903930131
FBgn0027609	73	65	138	0.528985507246377
FBgn0027610	80	90	170	0.470588235294118
FBgn0027611	365	312	677	0.539143279172821
FBgn0027615	141	148	289	0.487889273356401
FBgn0027616	126	106	232	0.543103448275862
FBgn0027617	34	30	64	0.53125
FBgn0027619	83	98	181	0.458563535911602
FBgn0027620	103	84	187	0.550802139037433
FBgn0027621	203	1	204	0.995098039215686
FBgn0027654	160	187	347	0.461095100864553
FBgn0027655	828	798	1626	0.509225092250922
FBgn0027657	95	64	159	0.59748427672956
FBgn0027660	169	200	369	0.457994579945799
FBgn0027779	129	138	267	0.48314606741573
FBgn0027780	139	148	287	0.484320557491289
FBgn0027783	276	244	520	0.530769230769231
FBgn0027784	69	80	149	0.463087248322148
FBgn0027785	28	18	46	0.608695652173913
FBgn0027786	0	0	0	NA
FBgn0027788	89	97	186	0.478494623655914
FBgn0027790	91	86	177	0.514124293785311
FBgn0027791	43	0	43	1
FBgn0027793	16	0	16	1
FBgn0027794	57	1	58	0.982758620689655
FBgn0027795	31	0	31	1
FBgn0027835	346	316	662	0.522658610271903
FBgn0027836	143	154	297	0.481481481481481
FBgn0027841	94	90	184	0.510869565217391
FBgn0027843	120	135	255	0.470588235294118
FBgn0027844	29	30	59	0.491525423728814
FBgn0027864	35	0	35	1
FBgn0027865	263	272	535	0.491588785046729
FBgn0027866	39	26	65	0.6
FBgn0027868	61	65	126	0.484126984126984
FBgn0027872	98	105	203	0.482758620689655
FBgn0027873	72	77	149	0.483221476510067
FBgn0027889	89	71	160	0.55625
FBgn0027903	4	4	8	0.5
FBgn0027929	96	104	200	0.48
FBgn0027930	0	0	0	NA
FBgn0027932	206	199	405	0.508641975308642
FBgn0027934	25	29	54	0.462962962962963
FBgn0027945	17	16	33	0.515151515151515
FBgn0027948	209	222	431	0.48491879350348
FBgn0027949	55	84	139	0.39568345323741
FBgn0027950	24	13	37	0.648648648648649
FBgn0027951	29	33	62	0.467741935483871
FBgn0028292	72	1	73	0.986301369863014
FBgn0028325	150	4	154	0.974025974025974
FBgn0028327	77	0	77	1
FBgn0028331	230	8	238	0.966386554621849
FBgn0028341	430	6	436	0.986238532110092
FBgn0028342	159	3	162	0.981481481481482
FBgn0028343	201	0	201	1
FBgn0028360	131	1	132	0.992424242424242
FBgn0028369	546	2	548	0.996350364963504
FBgn0028370	289	252	541	0.534195933456562
FBgn0028371	778	748	1526	0.509829619921363
FBgn0028372	104	115	219	0.474885844748858
FBgn0028374	73	75	148	0.493243243243243
FBgn0028375	116	110	226	0.513274336283186
FBgn0028377	0	0	0	NA
FBgn0028379	31	34	65	0.476923076923077
FBgn0028380	75	91	166	0.451807228915663
FBgn0028381	71	100	171	0.415204678362573
FBgn0028382	34	31	65	0.523076923076923
FBgn0028387	253	264	517	0.48936170212766
FBgn0028394	233	245	478	0.48744769874477
FBgn0028396	38	59	97	0.391752577319588
FBgn0028397	439	1	440	0.997727272727273
FBgn0028398	19	16	35	0.542857142857143
FBgn0028399	113	122	235	0.480851063829787
FBgn0028400	82	77	159	0.515723270440252
FBgn0028402	33	38	71	0.464788732394366
FBgn0028406	55	56	111	0.495495495495495
FBgn0028407	103	97	200	0.515
FBgn0028408	223	262	485	0.45979381443299
FBgn0028410	20	18	38	0.526315789473684
FBgn0028411	7	9	16	0.4375
FBgn0028412	93	61	154	0.603896103896104
FBgn0028415	1	1	2	0.5
FBgn0028416	10	22	32	0.3125
FBgn0028418	0	0	0	NA
FBgn0028421	274	3	277	0.989169675090253
FBgn0028422	178	181	359	0.495821727019499
FBgn0028424	25	19	44	0.568181818181818
FBgn0028425	140	144	284	0.492957746478873
FBgn0028426	126	125	251	0.50199203187251
FBgn0028427	41	34	75	0.546666666666667
FBgn0028429	105	130	235	0.446808510638298
FBgn0028430	19	11	30	0.633333333333333
FBgn0028434	86	81	167	0.514970059880239
FBgn0028436	14	11	25	0.56
FBgn0028467	70	59	129	0.542635658914729
FBgn0028468	182	188	370	0.491891891891892
FBgn0028471	103	119	222	0.463963963963964
FBgn0028473	123	99	222	0.554054054054054
FBgn0028474	146	1	147	0.993197278911565
FBgn0028475	153	133	286	0.534965034965035
FBgn0028476	230	218	448	0.513392857142857
FBgn0028479	211	168	379	0.556728232189974
FBgn0028480	91	0	91	1
FBgn0028481	289	315	604	0.478476821192053
FBgn0028482	219	240	459	0.477124183006536
FBgn0028484	296	253	549	0.539162112932605
FBgn0028487	181	185	366	0.494535519125683
FBgn0028490	194	187	381	0.509186351706037
FBgn0028491	327	3	330	0.990909090909091
FBgn0028494	65	73	138	0.471014492753623
FBgn0028496	657	681	1338	0.491031390134529
FBgn0028497	166	178	344	0.482558139534884
FBgn0028499	205	187	392	0.522959183673469
FBgn0028500	104	72	176	0.590909090909091
FBgn0028504	156	158	314	0.496815286624204
FBgn0028506	103	96	199	0.517587939698492
FBgn0028507	108	120	228	0.473684210526316
FBgn0028509	314	317	631	0.497622820919176
FBgn0028513	125	127	252	0.496031746031746
FBgn0028514	65	85	150	0.433333333333333
FBgn0028515	76	74	150	0.506666666666667
FBgn0028516	203	207	410	0.495121951219512
FBgn0028517	0	0	0	NA
FBgn0028518	303	285	588	0.51530612244898
FBgn0028520	61	67	128	0.4765625
FBgn0028523	181	181	362	0.5
FBgn0028525	147	149	296	0.496621621621622
FBgn0028526	95	108	203	0.467980295566502
FBgn0028527	219	236	455	0.481318681318681
FBgn0028530	109	105	214	0.509345794392523
FBgn0028531	92	84	176	0.522727272727273
FBgn0028532	83	87	170	0.488235294117647
FBgn0028533	91	71	162	0.561728395061728
FBgn0028534	82	91	173	0.473988439306358
FBgn0028537	0	0	0	NA
FBgn0028538	160	186	346	0.46242774566474
FBgn0028539	187	165	352	0.53125
FBgn0028540	85	123	208	0.408653846153846
FBgn0028541	154	140	294	0.523809523809524
FBgn0028542	122	122	244	0.5
FBgn0028543	129	121	250	0.516
FBgn0028544	120	102	222	0.540540540540541
FBgn0028546	272	177	449	0.605790645879733
FBgn0028550	325	3	328	0.990853658536585
FBgn0028552	58	60	118	0.491525423728814
FBgn0028554	23	19	42	0.547619047619048
FBgn0028560	58	63	121	0.479338842975207
FBgn0028561	70	75	145	0.482758620689655
FBgn0028562	49	40	89	0.550561797752809
FBgn0028563	49	57	106	0.462264150943396
FBgn0028567	73	69	142	0.514084507042254
FBgn0028569	28	34	62	0.451612903225806
FBgn0028570	62	68	130	0.476923076923077
FBgn0028572	200	221	421	0.475059382422803
FBgn0028573	288	202	490	0.587755102040816
FBgn0028577	168	189	357	0.470588235294118
FBgn0028579	105	122	227	0.462555066079295
FBgn0028581	0	0	0	NA
FBgn0028582	269	274	543	0.495395948434622
FBgn0028583	50	1	51	0.980392156862745
FBgn0028622	127	151	278	0.456834532374101
FBgn0028644	303	300	603	0.502487562189055
FBgn0028645	179	162	341	0.524926686217009
FBgn0028646	252	272	524	0.480916030534351
FBgn0028647	118	175	293	0.402730375426621
FBgn0028648	53	49	102	0.519607843137255
FBgn0028658	95	96	191	0.49738219895288
FBgn0028662	107	112	219	0.488584474885845
FBgn0028663	80	91	171	0.467836257309941
FBgn0028664	84	75	159	0.528301886792453
FBgn0028667	66	65	131	0.50381679389313
FBgn0028668	5	16	21	0.238095238095238
FBgn0028669	192	169	361	0.53185595567867
FBgn0028670	141	184	325	0.433846153846154
FBgn0028671	228	230	458	0.497816593886463
FBgn0028675	753	773	1526	0.493446920052425
FBgn0028683	25	26	51	0.490196078431373
FBgn0028684	60	59	119	0.504201680672269
FBgn0028685	73	0	73	1
FBgn0028686	69	1	70	0.985714285714286
FBgn0028687	13	16	29	0.448275862068966
FBgn0028688	47	49	96	0.489583333333333
FBgn0028689	98	85	183	0.53551912568306
FBgn0028690	24	21	45	0.533333333333333
FBgn0028691	81	92	173	0.468208092485549
FBgn0028692	220	208	428	0.514018691588785
FBgn0028693	0	0	0	NA
FBgn0028694	39	39	78	0.5
FBgn0028695	31	34	65	0.476923076923077
FBgn0028697	5	4	9	0.555555555555556
FBgn0028699	247	232	479	0.515657620041754
FBgn0028700	83	73	156	0.532051282051282
FBgn0028703	368	397	765	0.481045751633987
FBgn0028704	417	428	845	0.493491124260355
FBgn0028707	51	51	102	0.5
FBgn0028708	33	30	63	0.523809523809524
FBgn0028717	123	123	246	0.5
FBgn0028734	230	200	430	0.534883720930233
FBgn0028737	44	51	95	0.463157894736842
FBgn0028738	0	0	0	NA
FBgn0028740	149	131	280	0.532142857142857
FBgn0028741	0	0	0	NA
FBgn0028743	302	279	581	0.519793459552496
FBgn0028744	147	137	284	0.517605633802817
FBgn0028746	54	0	54	1
FBgn0028789	109	140	249	0.437751004016064
FBgn0028833	33	26	59	0.559322033898305
FBgn0028836	100	110	210	0.476190476190476
FBgn0028837	53	56	109	0.486238532110092
FBgn0028838	70	92	162	0.432098765432099
FBgn0028841	107	115	222	0.481981981981982
FBgn0028844	49	47	96	0.510416666666667
FBgn0028847	69	86	155	0.445161290322581
FBgn0028848	149	147	296	0.503378378378378
FBgn0028850	72	66	138	0.521739130434783
FBgn0028852	91	89	180	0.505555555555556
FBgn0028853	77	56	133	0.578947368421053
FBgn0028855	55	59	114	0.482456140350877
FBgn0028856	96	100	196	0.489795918367347
FBgn0028857	111	112	223	0.497757847533632
FBgn0028858	131	89	220	0.595454545454545
FBgn0028862	265	243	508	0.521653543307087
FBgn0028863	497	516	1013	0.490621915103652
FBgn0028864	0	0	0	NA
FBgn0028866	155	129	284	0.545774647887324
FBgn0028867	104	110	214	0.485981308411215
FBgn0028868	73	85	158	0.462025316455696
FBgn0028870	45	43	88	0.511363636363636
FBgn0028871	81	99	180	0.45
FBgn0028872	165	150	315	0.523809523809524
FBgn0028875	630	638	1268	0.496845425867508
FBgn0028878	158	184	342	0.461988304093567
FBgn0028879	544	544	1088	0.5
FBgn0028880	79	72	151	0.52317880794702
FBgn0028882	9	17	26	0.346153846153846
FBgn0028884	87	88	175	0.497142857142857
FBgn0028886	164	194	358	0.458100558659218
FBgn0028887	289	289	578	0.5
FBgn0028888	398	416	814	0.488943488943489
FBgn0028889	2	4	6	0.333333333333333
FBgn0028892	143	153	296	0.483108108108108
FBgn0028893	81	84	165	0.490909090909091
FBgn0028894	95	71	166	0.572289156626506
FBgn0028895	100	78	178	0.561797752808989
FBgn0028896	22	19	41	0.536585365853659
FBgn0028897	73	72	145	0.503448275862069
FBgn0028899	617	619	1236	0.499190938511327
FBgn0028900	52	39	91	0.571428571428571
FBgn0028901	367	368	735	0.499319727891156
FBgn0028902	171	183	354	0.483050847457627
FBgn0028903	58	54	112	0.517857142857143
FBgn0028909	21	25	46	0.456521739130435
FBgn0028910	0	0	0	NA
FBgn0028911	0	0	0	NA
FBgn0028912	32	23	55	0.581818181818182
FBgn0028913	23	45	68	0.338235294117647
FBgn0028916	347	312	659	0.526555386949924
FBgn0028919	61	45	106	0.575471698113208
FBgn0028920	121	124	245	0.493877551020408
FBgn0028926	38	32	70	0.542857142857143
FBgn0028931	51	40	91	0.56043956043956
FBgn0028932	26	38	64	0.40625
FBgn0028935	159	161	320	0.496875
FBgn0028936	116	111	227	0.511013215859031
FBgn0028938	186	168	354	0.525423728813559
FBgn0028939	184	190	374	0.491978609625668
FBgn0028940	139	148	287	0.484320557491289
FBgn0028941	76	90	166	0.457831325301205
FBgn0028942	39	34	73	0.534246575342466
FBgn0028943	32	44	76	0.421052631578947
FBgn0028944	31	42	73	0.424657534246575
FBgn0028945	70	57	127	0.551181102362205
FBgn0028946	133	104	237	0.561181434599156
FBgn0028947	97	98	195	0.497435897435897
FBgn0028948	74	73	147	0.503401360544218
FBgn0028949	90	53	143	0.629370629370629
FBgn0028950	65	57	122	0.532786885245902
FBgn0028952	116	132	248	0.467741935483871
FBgn0028953	172	167	339	0.507374631268437
FBgn0028955	0	0	0	NA
FBgn0028956	250	193	443	0.564334085778781
FBgn0028962	128	124	252	0.507936507936508
FBgn0028963	141	136	277	0.509025270758123
FBgn0028965	26	27	53	0.490566037735849
FBgn0028968	47	47	94	0.5
FBgn0028969	37	0	37	1
FBgn0028970	59	54	113	0.52212389380531
FBgn0028978	45	52	97	0.463917525773196
FBgn0028979	122	107	229	0.532751091703057
FBgn0028980	99	94	193	0.512953367875648
FBgn0028981	6	5	11	0.545454545454545
FBgn0028982	166	2	168	0.988095238095238
FBgn0028983	69	64	133	0.518796992481203
FBgn0028984	46	47	93	0.494623655913978
FBgn0028986	50	62	112	0.446428571428571
FBgn0028987	98	89	187	0.524064171122995
FBgn0028988	14	21	35	0.4
FBgn0028990	47	57	104	0.451923076923077
FBgn0028991	0	0	0	NA
FBgn0028992	0	0	0	NA
FBgn0028993	20	22	42	0.476190476190476
FBgn0028996	66	68	134	0.492537313432836
FBgn0028997	0	0	0	NA
FBgn0028999	160	187	347	0.461095100864553
FBgn0029002	114	94	208	0.548076923076923
FBgn0029003	96	0	96	1
FBgn0029006	192	230	422	0.454976303317536
FBgn0029067	38	0	38	1
FBgn0029079	0	0	0	NA
FBgn0029082	377	359	736	0.512228260869565
FBgn0029084	151	135	286	0.527972027972028
FBgn0029088	53	70	123	0.430894308943089
FBgn0029091	111	107	218	0.509174311926605
FBgn0029092	132	142	274	0.481751824817518
FBgn0029093	31	37	68	0.455882352941176
FBgn0029094	56	66	122	0.459016393442623
FBgn0029095	241	241	482	0.5
FBgn0029105	200	202	402	0.497512437810945
FBgn0029113	92	109	201	0.45771144278607
FBgn0029114	392	410	802	0.488778054862843
FBgn0029117	69	98	167	0.413173652694611
FBgn0029118	139	132	271	0.512915129151292
FBgn0029121	78	82	160	0.4875
FBgn0029123	137	117	254	0.539370078740158
FBgn0029131	74	61	135	0.548148148148148
FBgn0029133	86	0	86	1
FBgn0029134	42	49	91	0.461538461538462
FBgn0029137	124	122	246	0.504065040650406
FBgn0029147	126	129	255	0.494117647058824
FBgn0029148	50	48	98	0.510204081632653
FBgn0029152	77	61	138	0.557971014492754
FBgn0029153	0	0	0	NA
FBgn0029154	0	0	0	NA
FBgn0029155	182	159	341	0.533724340175953
FBgn0029157	190	202	392	0.48469387755102
FBgn0029158	13	10	23	0.565217391304348
FBgn0029161	0	2	2	0
FBgn0029167	938	942	1880	0.498936170212766
FBgn0029170	75	65	140	0.535714285714286
FBgn0029172	90	114	204	0.441176470588235
FBgn0029174	135	108	243	0.555555555555556
FBgn0029175	192	169	361	0.53185595567867
FBgn0029176	64	64	128	0.5
FBgn0029501	114	81	195	0.584615384615385
FBgn0029502	47	0	47	1
FBgn0029503	77	78	155	0.496774193548387
FBgn0029504	389	3	392	0.99234693877551
FBgn0029506	94	99	193	0.487046632124352
FBgn0029507	38	42	80	0.475
FBgn0029508	33	30	63	0.523809523809524
FBgn0029512	38	52	90	0.422222222222222
FBgn0029514	110	108	218	0.504587155963303
FBgn0029518	0	0	0	NA
FBgn0029521	0	0	0	NA
FBgn0029522	0	0	0	NA
FBgn0029523	35	0	35	1
FBgn0029524	9	0	9	1
FBgn0029525	82	1	83	0.987951807228916
FBgn0029526	61	1	62	0.983870967741935
FBgn0029529	0	0	0	NA
FBgn0029531	40	1	41	0.975609756097561
FBgn0029532	61	1	62	0.983870967741935
FBgn0029535	56	0	56	1
FBgn0029539	23	0	23	1
FBgn0029552	15	0	15	1
FBgn0029568	96	6	102	0.941176470588235
FBgn0029573	18	0	18	1
FBgn0029580	5	1	6	0.833333333333333
FBgn0029587	62	0	62	1
FBgn0029588	35	0	35	1
FBgn0029589	31	0	31	1
FBgn0029590	52	0	52	1
FBgn0029594	24	0	24	1
FBgn0029596	4	0	4	1
FBgn0029603	105	0	105	1
FBgn0029606	56	0	56	1
FBgn0029608	79	1	80	0.9875
FBgn0029629	75	1	76	0.986842105263158
FBgn0029639	63	0	63	1
FBgn0029642	65	0	65	1
FBgn0029643	156	1	157	0.993630573248408
FBgn0029644	49	0	49	1
FBgn0029645	95	1	96	0.989583333333333
FBgn0029646	57	0	57	1
FBgn0029647	53	0	53	1
FBgn0029648	91	2	93	0.978494623655914
FBgn0029649	46	0	46	1
FBgn0029656	103	1	104	0.990384615384615
FBgn0029657	237	0	237	1
FBgn0029658	29	1	30	0.966666666666667
FBgn0029659	73	0	73	1
FBgn0029660	71	0	71	1
FBgn0029661	81	0	81	1
FBgn0029662	191	2	193	0.989637305699482
FBgn0029663	73	0	73	1
FBgn0029664	52	1	53	0.981132075471698
FBgn0029665	35	0	35	1
FBgn0029666	355	2	357	0.994397759103641
FBgn0029667	175	0	175	1
FBgn0029669	95	2	97	0.979381443298969
FBgn0029672	92	0	92	1
FBgn0029676	8	2	10	0.8
FBgn0029679	185	0	185	1
FBgn0029681	141	1	142	0.992957746478873
FBgn0029685	71	3	74	0.959459459459459
FBgn0029686	109	0	109	1
FBgn0029687	109	2	111	0.981981981981982
FBgn0029688	395	4	399	0.989974937343358
FBgn0029689	123	0	123	1
FBgn0029690	0	0	0	NA
FBgn0029693	61	0	61	1
FBgn0029694	58	1	59	0.983050847457627
FBgn0029696	59	0	59	1
FBgn0029697	384	2	386	0.994818652849741
FBgn0029700	16	2	18	0.888888888888889
FBgn0029701	33	0	33	1
FBgn0029702	38	2	40	0.95
FBgn0029703	127	0	127	1
FBgn0029705	101	0	101	1
FBgn0029706	177	1	178	0.99438202247191
FBgn0029707	87	0	87	1
FBgn0029708	235	1	236	0.995762711864407
FBgn0029709	124	1	125	0.992
FBgn0029710	74	0	74	1
FBgn0029711	148	1	149	0.993288590604027
FBgn0029712	29	0	29	1
FBgn0029713	106	1	107	0.990654205607477
FBgn0029714	53	1	54	0.981481481481482
FBgn0029715	71	0	71	1
FBgn0029716	102	0	102	1
FBgn0029717	55	1	56	0.982142857142857
FBgn0029718	0	0	0	NA
FBgn0029719	118	0	118	1
FBgn0029720	74	0	74	1
FBgn0029722	112	0	112	1
FBgn0029723	293	1	294	0.996598639455782
FBgn0029724	37	0	37	1
FBgn0029725	22	1	23	0.956521739130435
FBgn0029726	3	0	3	1
FBgn0029727	90	0	90	1
FBgn0029728	326	1	327	0.996941896024465
FBgn0029729	57	0	57	1
FBgn0029730	81	11	92	0.880434782608696
FBgn0029733	109	0	109	1
FBgn0029736	133	0	133	1
FBgn0029737	70	1	71	0.985915492957746
FBgn0029740	45	0	45	1
FBgn0029745	71	0	71	1
FBgn0029746	0	0	0	NA
FBgn0029747	129	5	134	0.962686567164179
FBgn0029750	148	2	150	0.986666666666667
FBgn0029751	70	0	70	1
FBgn0029752	35	0	35	1
FBgn0029753	53	1	54	0.981481481481482
FBgn0029754	60	2	62	0.967741935483871
FBgn0029755	44	1	45	0.977777777777778
FBgn0029756	169	1	170	0.994117647058824
FBgn0029761	565	6	571	0.989492119089317
FBgn0029762	207	0	207	1
FBgn0029763	250	0	250	1
FBgn0029765	49	0	49	1
FBgn0029766	211	3	214	0.985981308411215
FBgn0029768	274	3	277	0.989169675090253
FBgn0029769	144	1	145	0.993103448275862
FBgn0029770	116	0	116	1
FBgn0029771	93	1	94	0.98936170212766
FBgn0029778	123	0	123	1
FBgn0029783	16	0	16	1
FBgn0029785	32	0	32	1
FBgn0029789	244	0	244	1
FBgn0029791	289	0	289	1
FBgn0029795	103	0	103	1
FBgn0029798	105	1	106	0.990566037735849
FBgn0029799	31	0	31	1
FBgn0029800	39	1	40	0.975
FBgn0029801	102	1	103	0.990291262135922
FBgn0029804	162	0	162	1
FBgn0029807	251	1	252	0.996031746031746
FBgn0029809	45	0	45	1
FBgn0029810	132	0	132	1
FBgn0029811	54	1	55	0.981818181818182
FBgn0029812	80	0	80	1
FBgn0029813	98	0	98	1
FBgn0029814	295	3	298	0.98993288590604
FBgn0029816	65	0	65	1
FBgn0029817	76	0	76	1
FBgn0029818	79	1	80	0.9875
FBgn0029819	99	0	99	1
FBgn0029820	54	1	55	0.981818181818182
FBgn0029821	122	0	122	1
FBgn0029822	123	1	124	0.991935483870968
FBgn0029823	187	1	188	0.99468085106383
FBgn0029824	190	64	254	0.748031496062992
FBgn0029825	44	0	44	1
FBgn0029826	88	0	88	1
FBgn0029827	92	0	92	1
FBgn0029828	91	2	93	0.978494623655914
FBgn0029830	297	1	298	0.996644295302013
FBgn0029831	177	1	178	0.99438202247191
FBgn0029833	61	0	61	1
FBgn0029834	153	3	156	0.980769230769231
FBgn0029835	208	1	209	0.995215311004785
FBgn0029836	83	0	83	1
FBgn0029837	162	1	163	0.993865030674847
FBgn0029838	69	1	70	0.985714285714286
FBgn0029839	33	0	33	1
FBgn0029840	25	0	25	1
FBgn0029843	143	0	143	1
FBgn0029848	144	0	144	1
FBgn0029849	111	0	111	1
FBgn0029851	154	0	154	1
FBgn0029853	57	0	57	1
FBgn0029854	75	0	75	1
FBgn0029856	83	2	85	0.976470588235294
FBgn0029857	37	0	37	1
FBgn0029858	107	0	107	1
FBgn0029859	4	0	4	1
FBgn0029860	46	0	46	1
FBgn0029861	131	1	132	0.992424242424242
FBgn0029863	164	0	164	1
FBgn0029864	469	3	472	0.99364406779661
FBgn0029866	148	0	148	1
FBgn0029867	70	0	70	1
FBgn0029868	53	0	53	1
FBgn0029870	281	0	281	1
FBgn0029873	68	0	68	1
FBgn0029874	119	0	119	1
FBgn0029877	86	0	86	1
FBgn0029878	233	4	237	0.983122362869198
FBgn0029879	182	0	182	1
FBgn0029880	108	0	108	1
FBgn0029881	420	6	426	0.985915492957746
FBgn0029882	53	0	53	1
FBgn0029885	53	0	53	1
FBgn0029887	312	2	314	0.993630573248408
FBgn0029888	47	3	50	0.94
FBgn0029890	90	1	91	0.989010989010989
FBgn0029891	113	1	114	0.991228070175439
FBgn0029892	87	1	88	0.988636363636364
FBgn0029893	171	3	174	0.982758620689655
FBgn0029894	67	1	68	0.985294117647059
FBgn0029895	385	4	389	0.989717223650386
FBgn0029896	320	3	323	0.990712074303406
FBgn0029897	76	0	76	1
FBgn0029898	112	0	112	1
FBgn0029903	402	2	404	0.995049504950495
FBgn0029905	82	1	83	0.987951807228916
FBgn0029906	118	1	119	0.991596638655462
FBgn0029907	57	0	57	1
FBgn0029909	79	3	82	0.963414634146341
FBgn0029911	195	1	196	0.994897959183674
FBgn0029912	191	0	191	1
FBgn0029913	72	0	72	1
FBgn0029914	108	1	109	0.990825688073395
FBgn0029915	57	1	58	0.982758620689655
FBgn0029920	52	0	52	1
FBgn0029922	439	2	441	0.99546485260771
FBgn0029924	140	1	141	0.99290780141844
FBgn0029925	59	0	59	1
FBgn0029928	87	0	87	1
FBgn0029929	84	1	85	0.988235294117647
FBgn0029930	201	0	201	1
FBgn0029931	75	0	75	1
FBgn0029932	176	1	177	0.994350282485876
FBgn0029935	140	3	143	0.979020979020979
FBgn0029936	149	7	156	0.955128205128205
FBgn0029937	45	0	45	1
FBgn0029939	384	1	385	0.997402597402597
FBgn0029940	59	0	59	1
FBgn0029941	166	1	167	0.994011976047904
FBgn0029942	123	1	124	0.991935483870968
FBgn0029943	156	0	156	1
FBgn0029944	171	2	173	0.988439306358382
FBgn0029945	84	0	84	1
FBgn0029946	67	1	68	0.985294117647059
FBgn0029947	55	0	55	1
FBgn0029948	89	2	91	0.978021978021978
FBgn0029949	55	1	56	0.982142857142857
FBgn0029950	173	2	175	0.988571428571429
FBgn0029951	121	0	121	1
FBgn0029952	36	0	36	1
FBgn0029955	135	0	135	1
FBgn0029957	127	0	127	1
FBgn0029958	96	1	97	0.989690721649485
FBgn0029959	104	0	104	1
FBgn0029961	132	2	134	0.985074626865672
FBgn0029962	237	4	241	0.983402489626556
FBgn0029963	85	0	85	1
FBgn0029964	51	0	51	1
FBgn0029965	115	3	118	0.974576271186441
FBgn0029966	172	1	173	0.994219653179191
FBgn0029968	135	0	135	1
FBgn0029969	71	0	71	1
FBgn0029970	60	0	60	1
FBgn0029971	0	0	0	NA
FBgn0029974	233	2	235	0.991489361702128
FBgn0029975	68	1	69	0.985507246376812
FBgn0029976	192	0	192	1
FBgn0029977	79	1	80	0.9875
FBgn0029979	266	0	266	1
FBgn0029980	19	0	19	1
FBgn0029986	52	0	52	1
FBgn0029987	36	1	37	0.972972972972973
FBgn0029989	73	1	74	0.986486486486487
FBgn0029990	164	0	164	1
FBgn0029992	232	1	233	0.995708154506438
FBgn0029993	119	2	121	0.983471074380165
FBgn0029994	130	3	133	0.977443609022556
FBgn0029995	33	0	33	1
FBgn0029996	124	11	135	0.918518518518519
FBgn0029997	452	0	452	1
FBgn0029999	119	0	119	1
FBgn0030000	146	0	146	1
FBgn0030001	259	2	261	0.992337164750958
FBgn0030003	83	0	83	1
FBgn0030004	128	2	130	0.984615384615385
FBgn0030005	55	1	56	0.982142857142857
FBgn0030006	41	0	41	1
FBgn0030007	9	0	9	1
FBgn0030008	38	0	38	1
FBgn0030009	55	0	55	1
FBgn0030010	113	0	113	1
FBgn0030011	75	0	75	1
FBgn0030012	91	1	92	0.989130434782609
FBgn0030013	123	0	123	1
FBgn0030014	83	0	83	1
FBgn0030015	38	0	38	1
FBgn0030016	100	0	100	1
FBgn0030017	276	3	279	0.989247311827957
FBgn0030018	382	9	391	0.976982097186701
FBgn0030025	0	0	0	NA
FBgn0030026	34	0	34	1
FBgn0030027	297	1	298	0.996644295302013
FBgn0030028	77	1	78	0.987179487179487
FBgn0030029	62	0	62	1
FBgn0030030	156	0	156	1
FBgn0030033	154	0	154	1
FBgn0030034	231	3	234	0.987179487179487
FBgn0030035	173	0	173	1
FBgn0030037	163	0	163	1
FBgn0030038	153	1	154	0.993506493506494
FBgn0030039	68	0	68	1
FBgn0030040	93	7	100	0.93
FBgn0030041	105	3	108	0.972222222222222
FBgn0030048	93	0	93	1
FBgn0030049	290	6	296	0.97972972972973
FBgn0030050	50	0	50	1
FBgn0030051	166	1	167	0.994011976047904
FBgn0030052	178	0	178	1
FBgn0030053	89	0	89	1
FBgn0030054	259	1	260	0.996153846153846
FBgn0030055	214	1	215	0.995348837209302
FBgn0030056	75	2	77	0.974025974025974
FBgn0030057	25	1	26	0.961538461538462
FBgn0030058	87	0	87	1
FBgn0030060	127	1	128	0.9921875
FBgn0030061	82	0	82	1
FBgn0030063	93	0	93	1
FBgn0030065	280	3	283	0.989399293286219
FBgn0030066	128	0	128	1
FBgn0030067	136	2	138	0.985507246376812
FBgn0030071	94	0	94	1
FBgn0030073	64	0	64	1
FBgn0030074	55	0	55	1
FBgn0030077	193	1	194	0.994845360824742
FBgn0030078	6	0	6	1
FBgn0030081	136	0	136	1
FBgn0030082	88	0	88	1
FBgn0030085	12	2	14	0.857142857142857
FBgn0030086	82	0	82	1
FBgn0030087	388	2	390	0.994871794871795
FBgn0030088	32	0	32	1
FBgn0030089	307	4	311	0.987138263665595
FBgn0030090	209	1	210	0.995238095238095
FBgn0030091	175	6	181	0.966850828729282
FBgn0030092	66	0	66	1
FBgn0030093	140	1	141	0.99290780141844
FBgn0030096	75	1	76	0.986842105263158
FBgn0030097	86	1	87	0.988505747126437
FBgn0030098	64	0	64	1
FBgn0030099	76	0	76	1
FBgn0030100	42	0	42	1
FBgn0030101	9	1	10	0.9
FBgn0030102	162	0	162	1
FBgn0030103	59	0	59	1
FBgn0030104	46	0	46	1
FBgn0030105	82	0	82	1
FBgn0030107	81	0	81	1
FBgn0030108	105	0	105	1
FBgn0030109	151	2	153	0.986928104575163
FBgn0030114	87	2	89	0.97752808988764
FBgn0030116	66	1	67	0.985074626865672
FBgn0030117	35	0	35	1
FBgn0030120	42	1	43	0.976744186046512
FBgn0030121	97	0	97	1
FBgn0030122	69	0	69	1
FBgn0030136	39	0	39	1
FBgn0030137	60	0	60	1
FBgn0030141	115	2	117	0.982905982905983
FBgn0030148	199	0	199	1
FBgn0030151	136	0	136	1
FBgn0030156	110	2	112	0.982142857142857
FBgn0030157	39	0	39	1
FBgn0030158	31	0	31	1
FBgn0030159	117	0	117	1
FBgn0030160	44	1	45	0.977777777777778
FBgn0030161	134	2	136	0.985294117647059
FBgn0030162	170	174	344	0.494186046511628
FBgn0030163	108	1	109	0.990825688073395
FBgn0030164	43	1	44	0.977272727272727
FBgn0030167	109	0	109	1
FBgn0030170	284	1	285	0.996491228070175
FBgn0030174	225	1	226	0.995575221238938
FBgn0030177	133	0	133	1
FBgn0030178	69	1	70	0.985714285714286
FBgn0030181	38	0	38	1
FBgn0030183	184	1	185	0.994594594594595
FBgn0030186	0	0	0	NA
FBgn0030187	135	0	135	1
FBgn0030189	113	0	113	1
FBgn0030191	95	0	95	1
FBgn0030195	40	0	40	1
FBgn0030196	106	0	106	1
FBgn0030200	82	0	82	1
FBgn0030202	25	1	26	0.961538461538462
FBgn0030204	80	0	80	1
FBgn0030206	96	0	96	1
FBgn0030207	26	1	27	0.962962962962963
FBgn0030208	75	0	75	1
FBgn0030215	66	0	66	1
FBgn0030217	94	0	94	1
FBgn0030218	62	0	62	1
FBgn0030221	113	17	130	0.869230769230769
FBgn0030222	103	2	105	0.980952380952381
FBgn0030223	34	0	34	1
FBgn0030224	69	0	69	1
FBgn0030228	172	2	174	0.988505747126437
FBgn0030230	245	3	248	0.987903225806452
FBgn0030234	50	0	50	1
FBgn0030237	17	0	17	1
FBgn0030239	30	1	31	0.967741935483871
FBgn0030240	125	1	126	0.992063492063492
FBgn0030241	54	0	54	1
FBgn0030242	81	0	81	1
FBgn0030243	279	7	286	0.975524475524476
FBgn0030244	80	0	80	1
FBgn0030245	357	1	358	0.997206703910615
FBgn0030246	172	1	173	0.994219653179191
FBgn0030247	62	0	62	1
FBgn0030251	155	1	156	0.993589743589744
FBgn0030257	204	0	204	1
FBgn0030258	65	1	66	0.984848484848485
FBgn0030259	55	0	55	1
FBgn0030260	46	1	47	0.978723404255319
FBgn0030261	88	1	89	0.98876404494382
FBgn0030262	0	0	0	NA
FBgn0030263	0	0	0	NA
FBgn0030266	489	3	492	0.99390243902439
FBgn0030268	154	0	154	1
FBgn0030269	65	0	65	1
FBgn0030270	12	0	12	1
FBgn0030271	79	0	79	1
FBgn0030272	51	0	51	1
FBgn0030274	194	0	194	1
FBgn0030276	236	1	237	0.9957805907173
FBgn0030277	73	0	73	1
FBgn0030278	59	1	60	0.983333333333333
FBgn0030280	53	0	53	1
FBgn0030283	34	0	34	1
FBgn0030286	324	4	328	0.98780487804878
FBgn0030289	108	1	109	0.990825688073395
FBgn0030290	56	0	56	1
FBgn0030291	57	0	57	1
FBgn0030292	31	0	31	1
FBgn0030293	146	0	146	1
FBgn0030294	136	0	136	1
FBgn0030296	117	0	117	1
FBgn0030297	111	0	111	1
FBgn0030298	0	0	0	NA
FBgn0030300	213	0	213	1
FBgn0030301	203	0	203	1
FBgn0030304	160	0	160	1
FBgn0030305	50	0	50	1
FBgn0030306	27	1	28	0.964285714285714
FBgn0030307	68	8	76	0.894736842105263
FBgn0030309	94	0	94	1
FBgn0030310	42	0	42	1
FBgn0030311	0	0	0	NA
FBgn0030313	45	1	46	0.978260869565217
FBgn0030314	61	0	61	1
FBgn0030316	41	0	41	1
FBgn0030317	63	0	63	1
FBgn0030318	91	0	91	1
FBgn0030319	42	0	42	1
FBgn0030320	178	1	179	0.994413407821229
FBgn0030321	137	0	137	1
FBgn0030323	90	0	90	1
FBgn0030326	48	1	49	0.979591836734694
FBgn0030327	143	0	143	1
FBgn0030328	73	0	73	1
FBgn0030329	97	0	97	1
FBgn0030330	157	1	158	0.993670886075949
FBgn0030331	197	1	198	0.994949494949495
FBgn0030332	51	0	51	1
FBgn0030334	112	1	113	0.991150442477876
FBgn0030336	323	1	324	0.996913580246914
FBgn0030338	0	0	0	NA
FBgn0030339	127	0	127	1
FBgn0030340	224	1	225	0.995555555555556
FBgn0030341	61	0	61	1
FBgn0030342	142	3	145	0.979310344827586
FBgn0030343	271	3	274	0.989051094890511
FBgn0030344	70	1	71	0.985915492957746
FBgn0030345	72	1	73	0.986301369863014
FBgn0030346	78	0	78	1
FBgn0030347	130	0	130	1
FBgn0030348	82	0	82	1
FBgn0030349	303	1	304	0.996710526315789
FBgn0030350	48	0	48	1
FBgn0030351	11	0	11	1
FBgn0030352	118	0	118	1
FBgn0030354	135	2	137	0.985401459854015
FBgn0030356	89	0	89	1
FBgn0030357	131	1	132	0.992424242424242
FBgn0030358	268	4	272	0.985294117647059
FBgn0030359	176	1	177	0.994350282485876
FBgn0030360	138	0	138	1
FBgn0030361	127	0	127	1
FBgn0030362	110	0	110	1
FBgn0030364	112	0	112	1
FBgn0030365	118	0	118	1
FBgn0030366	106	1	107	0.990654205607477
FBgn0030367	118	0	118	1
FBgn0030369	164	1	165	0.993939393939394
FBgn0030370	100	0	100	1
FBgn0030373	65	0	65	1
FBgn0030374	64	0	64	1
FBgn0030375	75	1	76	0.986842105263158
FBgn0030376	462	5	467	0.989293361884368
FBgn0030377	156	1	157	0.993630573248408
FBgn0030384	110	1	111	0.990990990990991
FBgn0030385	190	1	191	0.994764397905759
FBgn0030386	54	3	57	0.947368421052632
FBgn0030389	53	0	53	1
FBgn0030390	76	1	77	0.987012987012987
FBgn0030391	167	0	167	1
FBgn0030394	157	1	158	0.993670886075949
FBgn0030395	127	0	127	1
FBgn0030396	124	0	124	1
FBgn0030398	80	2	82	0.975609756097561
FBgn0030400	348	1	349	0.997134670487106
FBgn0030403	137	2	139	0.985611510791367
FBgn0030406	82	0	82	1
FBgn0030407	64	1	65	0.984615384615385
FBgn0030408	133	4	137	0.970802919708029
FBgn0030409	78	1	79	0.987341772151899
FBgn0030410	14	0	14	1
FBgn0030411	41	0	41	1
FBgn0030412	316	2	318	0.993710691823899
FBgn0030417	176	3	179	0.983240223463687
FBgn0030418	298	7	305	0.977049180327869
FBgn0030420	177	1	178	0.99438202247191
FBgn0030421	221	7	228	0.969298245614035
FBgn0030425	169	1	170	0.994117647058824
FBgn0030429	106	1	107	0.990654205607477
FBgn0030431	91	0	91	1
FBgn0030432	118	1	119	0.991596638655462
FBgn0030433	56	1	57	0.982456140350877
FBgn0030434	53	0	53	1
FBgn0030435	84	0	84	1
FBgn0030437	235	3	238	0.987394957983193
FBgn0030438	132	0	132	1
FBgn0030439	77	0	77	1
FBgn0030440	63	2	65	0.969230769230769
FBgn0030441	71	0	71	1
FBgn0030443	96	1	97	0.989690721649485
FBgn0030447	68	0	68	1
FBgn0030449	59	0	59	1
FBgn0030451	21	0	21	1
FBgn0030452	11	0	11	1
FBgn0030455	13	0	13	1
FBgn0030456	23	0	23	1
FBgn0030457	105	0	105	1
FBgn0030459	146	0	146	1
FBgn0030460	118	0	118	1
FBgn0030462	50	1	51	0.980392156862745
FBgn0030465	129	0	129	1
FBgn0030466	390	1	391	0.997442455242967
FBgn0030467	123	1	124	0.991935483870968
FBgn0030468	128	0	128	1
FBgn0030474	150	1	151	0.993377483443709
FBgn0030477	89	0	89	1
FBgn0030478	271	1	272	0.996323529411765
FBgn0030479	110	0	110	1
FBgn0030480	30	0	30	1
FBgn0030481	48	0	48	1
FBgn0030482	168	0	168	1
FBgn0030483	63	0	63	1
FBgn0030484	101	0	101	1
FBgn0030485	197	2	199	0.989949748743719
FBgn0030486	431	6	437	0.986270022883295
FBgn0030492	55	2	57	0.964912280701754
FBgn0030493	147	1	148	0.993243243243243
FBgn0030494	118	1	119	0.991596638655462
FBgn0030495	189	1	190	0.994736842105263
FBgn0030499	234	0	234	1
FBgn0030500	111	0	111	1
FBgn0030501	59	0	59	1
FBgn0030502	124	1	125	0.992
FBgn0030503	94	0	94	1
FBgn0030504	316	0	316	1
FBgn0030505	501	4	505	0.992079207920792
FBgn0030506	222	0	222	1
FBgn0030507	71	0	71	1
FBgn0030508	277	6	283	0.978798586572438
FBgn0030509	59	1	60	0.983333333333333
FBgn0030510	159	2	161	0.987577639751553
FBgn0030511	98	0	98	1
FBgn0030512	303	1	304	0.996710526315789
FBgn0030514	226	1	227	0.995594713656388
FBgn0030518	96	0	96	1
FBgn0030519	23	0	23	1
FBgn0030520	96	1	97	0.989690721649485
FBgn0030521	106	0	106	1
FBgn0030522	81	0	81	1
FBgn0030524	47	0	47	1
FBgn0030525	80	1	81	0.987654320987654
FBgn0030528	92	0	92	1
FBgn0030529	74	0	74	1
FBgn0030530	123	0	123	1
FBgn0030536	110	0	110	1
FBgn0030537	93	1	94	0.98936170212766
FBgn0030538	50	0	50	1
FBgn0030539	22	0	22	1
FBgn0030540	94	0	94	1
FBgn0030541	41	0	41	1
FBgn0030542	50	0	50	1
FBgn0030543	61	0	61	1
FBgn0030544	46	0	46	1
FBgn0030545	60	1	61	0.983606557377049
FBgn0030551	76	0	76	1
FBgn0030552	118	0	118	1
FBgn0030554	100	1	101	0.99009900990099
FBgn0030555	209	1	210	0.995238095238095
FBgn0030556	68	0	68	1
FBgn0030558	0	0	0	NA
FBgn0030559	33	0	33	1
FBgn0030562	87	0	87	1
FBgn0030563	56	4	60	0.933333333333333
FBgn0030566	40	2	42	0.952380952380952
FBgn0030569	149	1	150	0.993333333333333
FBgn0030570	59	0	59	1
FBgn0030571	57	1	58	0.982758620689655
FBgn0030572	45	1	46	0.978260869565217
FBgn0030573	37	0	37	1
FBgn0030574	229	1	230	0.995652173913044
FBgn0030575	138	1	139	0.992805755395683
FBgn0030576	211	2	213	0.990610328638498
FBgn0030577	91	0	91	1
FBgn0030578	57	0	57	1
FBgn0030581	186	0	186	1
FBgn0030582	167	0	167	1
FBgn0030583	69	0	69	1
FBgn0030584	26	0	26	1
FBgn0030586	197	1	198	0.994949494949495
FBgn0030587	133	0	133	1
FBgn0030588	183	1	184	0.994565217391304
FBgn0030589	91	1	92	0.989130434782609
FBgn0030590	351	3	354	0.991525423728814
FBgn0030592	265	0	265	1
FBgn0030593	193	0	193	1
FBgn0030594	212	1	213	0.995305164319249
FBgn0030595	56	0	56	1
FBgn0030596	158	1	159	0.993710691823899
FBgn0030597	131	0	131	1
FBgn0030598	189	3	192	0.984375
FBgn0030599	30	0	30	1
FBgn0030600	1055	3	1058	0.997164461247637
FBgn0030603	167	0	167	1
FBgn0030605	52	0	52	1
FBgn0030607	169	3	172	0.982558139534884
FBgn0030608	260	1	261	0.996168582375479
FBgn0030610	20	1	21	0.952380952380952
FBgn0030611	16	0	16	1
FBgn0030612	96	0	96	1
FBgn0030613	619	6	625	0.9904
FBgn0030614	77	0	77	1
FBgn0030615	159	0	159	1
FBgn0030616	92	1	93	0.989247311827957
FBgn0030617	386	0	386	1
FBgn0030620	85	1	86	0.988372093023256
FBgn0030622	79	0	79	1
FBgn0030623	79	0	79	1
FBgn0030624	69	1	70	0.985714285714286
FBgn0030625	71	1	72	0.986111111111111
FBgn0030628	38	0	38	1
FBgn0030629	63	0	63	1
FBgn0030630	31	0	31	1
FBgn0030631	87	0	87	1
FBgn0030634	322	0	322	1
FBgn0030638	112	0	112	1
FBgn0030640	30	0	30	1
FBgn0030641	31	0	31	1
FBgn0030642	52	0	52	1
FBgn0030643	22	0	22	1
FBgn0030645	17	0	17	1
FBgn0030647	145	0	145	1
FBgn0030648	100	0	100	1
FBgn0030653	93	0	93	1
FBgn0030654	77	1	78	0.987179487179487
FBgn0030655	160	0	160	1
FBgn0030657	0	0	0	NA
FBgn0030658	40	0	40	1
FBgn0030659	27	0	27	1
FBgn0030660	33	0	33	1
FBgn0030661	102	1	103	0.990291262135922
FBgn0030662	227	2	229	0.991266375545852
FBgn0030663	65	0	65	1
FBgn0030664	0	0	0	NA
FBgn0030665	114	2	116	0.982758620689655
FBgn0030666	168	0	168	1
FBgn0030667	282	9	291	0.969072164948454
FBgn0030668	78	1	79	0.987341772151899
FBgn0030669	51	0	51	1
FBgn0030670	114	0	114	1
FBgn0030671	37	1	38	0.973684210526316
FBgn0030672	92	1	93	0.989247311827957
FBgn0030673	95	1	96	0.989583333333333
FBgn0030674	701	2	703	0.997155049786629
FBgn0030675	0	0	0	NA
FBgn0030676	26	0	26	1
FBgn0030678	55	0	55	1
FBgn0030679	42	0	42	1
FBgn0030680	208	0	208	1
FBgn0030683	157	0	157	1
FBgn0030684	23	0	23	1
FBgn0030685	231	1	232	0.995689655172414
FBgn0030686	60	0	60	1
FBgn0030687	262	0	262	1
FBgn0030688	54	0	54	1
FBgn0030691	175	1	176	0.994318181818182
FBgn0030692	109	1	110	0.990909090909091
FBgn0030693	61	0	61	1
FBgn0030694	78	0	78	1
FBgn0030695	150	1	151	0.993377483443709
FBgn0030696	75	0	75	1
FBgn0030697	100	0	100	1
FBgn0030699	63	0	63	1
FBgn0030700	39	0	39	1
FBgn0030701	208	1	209	0.995215311004785
FBgn0030703	107	1	108	0.990740740740741
FBgn0030704	20	1	21	0.952380952380952
FBgn0030706	537	4	541	0.992606284658041
FBgn0030707	192	1	193	0.994818652849741
FBgn0030710	118	1	119	0.991596638655462
FBgn0030711	105	1	106	0.990566037735849
FBgn0030715	122	9	131	0.931297709923664
FBgn0030716	268	2	270	0.992592592592593
FBgn0030717	92	0	92	1
FBgn0030718	33	0	33	1
FBgn0030719	4	0	4	1
FBgn0030720	139	1	140	0.992857142857143
FBgn0030721	169	0	169	1
FBgn0030722	68	1	69	0.985507246376812
FBgn0030723	253	0	253	1
FBgn0030724	94	0	94	1
FBgn0030725	116	0	116	1
FBgn0030729	89	1	90	0.988888888888889
FBgn0030731	115	0	115	1
FBgn0030733	0	0	0	NA
FBgn0030734	74	1	75	0.986666666666667
FBgn0030735	251	1	252	0.996031746031746
FBgn0030738	197	2	199	0.989949748743719
FBgn0030739	216	2	218	0.990825688073395
FBgn0030740	89	1	90	0.988888888888889
FBgn0030742	134	0	134	1
FBgn0030743	45	0	45	1
FBgn0030744	163	0	163	1
FBgn0030745	186	0	186	1
FBgn0030746	325	1	326	0.996932515337423
FBgn0030747	382	2	384	0.994791666666667
FBgn0030748	104	0	104	1
FBgn0030749	179	0	179	1
FBgn0030752	124	0	124	1
FBgn0030753	87	1	88	0.988636363636364
FBgn0030756	130	2	132	0.984848484848485
FBgn0030757	272	3	275	0.989090909090909
FBgn0030759	55	0	55	1
FBgn0030761	154	3	157	0.980891719745223
FBgn0030763	103	2	105	0.980952380952381
FBgn0030764	53	0	53	1
FBgn0030766	206	0	206	1
FBgn0030768	76	1	77	0.987012987012987
FBgn0030769	130	0	130	1
FBgn0030770	60	1	61	0.983606557377049
FBgn0030773	59	0	59	1
FBgn0030774	101	0	101	1
FBgn0030775	70	0	70	1
FBgn0030776	86	0	86	1
FBgn0030777	81	0	81	1
FBgn0030778	211	1	212	0.995283018867924
FBgn0030780	178	1	179	0.994413407821229
FBgn0030786	49	0	49	1
FBgn0030787	103	0	103	1
FBgn0030788	101	0	101	1
FBgn0030789	73	0	73	1
FBgn0030790	120	0	120	1
FBgn0030791	82	0	82	1
FBgn0030792	10	0	10	1
FBgn0030793	53	0	53	1
FBgn0030794	125	0	125	1
FBgn0030795	0	0	0	NA
FBgn0030796	333	2	335	0.994029850746269
FBgn0030797	32	0	32	1
FBgn0030798	395	2	397	0.994962216624685
FBgn0030799	57	0	57	1
FBgn0030800	47	0	47	1
FBgn0030801	32	0	32	1
FBgn0030802	0	0	0	NA
FBgn0030803	126	2	128	0.984375
FBgn0030804	69	0	69	1
FBgn0030805	139	1	140	0.992857142857143
FBgn0030806	92	0	92	1
FBgn0030807	50	0	50	1
FBgn0030808	361	2	363	0.994490358126722
FBgn0030809	208	1	209	0.995215311004785
FBgn0030812	190	0	190	1
FBgn0030813	66	0	66	1
FBgn0030814	62	1	63	0.984126984126984
FBgn0030815	203	0	203	1
FBgn0030816	187	0	187	1
FBgn0030817	163	0	163	1
FBgn0030823	84	3	87	0.96551724137931
FBgn0030824	30	0	30	1
FBgn0030826	22	0	22	1
FBgn0030828	84	0	84	1
FBgn0030829	87	1	88	0.988636363636364
FBgn0030830	61	0	61	1
FBgn0030832	67	0	67	1
FBgn0030833	135	0	135	1
FBgn0030834	46	0	46	1
FBgn0030836	65	2	67	0.970149253731343
FBgn0030837	61	0	61	1
FBgn0030838	101	0	101	1
FBgn0030839	203	0	203	1
FBgn0030840	145	0	145	1
FBgn0030841	171	1	172	0.994186046511628
FBgn0030844	173	1	174	0.994252873563218
FBgn0030846	42	0	42	1
FBgn0030847	197	0	197	1
FBgn0030850	144	0	144	1
FBgn0030851	41	0	41	1
FBgn0030853	69	1	70	0.985714285714286
FBgn0030854	53	0	53	1
FBgn0030855	82	0	82	1
FBgn0030858	192	4	196	0.979591836734694
FBgn0030859	118	0	118	1
FBgn0030863	188	0	188	1
FBgn0030864	68	0	68	1
FBgn0030868	53	0	53	1
FBgn0030869	210	1	211	0.995260663507109
FBgn0030870	87	2	89	0.97752808988764
FBgn0030871	82	0	82	1
FBgn0030872	135	1	136	0.992647058823529
FBgn0030873	58	1	59	0.983050847457627
FBgn0030874	16	0	16	1
FBgn0030876	7	0	7	1
FBgn0030877	77	1	78	0.987179487179487
FBgn0030878	83	1	84	0.988095238095238
FBgn0030880	33	0	33	1
FBgn0030881	84	0	84	1
FBgn0030882	0	0	0	NA
FBgn0030883	74	0	74	1
FBgn0030884	257	0	257	1
FBgn0030886	90	0	90	1
FBgn0030887	329	2	331	0.993957703927492
FBgn0030889	280	1	281	0.99644128113879
FBgn0030890	302	2	304	0.993421052631579
FBgn0030891	69	0	69	1
FBgn0030892	88	0	88	1
FBgn0030893	246	0	246	1
FBgn0030894	187	2	189	0.989417989417989
FBgn0030895	133	0	133	1
FBgn0030897	291	8	299	0.973244147157191
FBgn0030898	36	0	36	1
FBgn0030899	9	0	9	1
FBgn0030900	19	0	19	1
FBgn0030904	96	2	98	0.979591836734694
FBgn0030905	84	1	85	0.988235294117647
FBgn0030911	16	0	16	1
FBgn0030912	89	0	89	1
FBgn0030913	247	1	248	0.995967741935484
FBgn0030914	201	1	202	0.995049504950495
FBgn0030915	71	1	72	0.986111111111111
FBgn0030918	74	0	74	1
FBgn0030921	61	0	61	1
FBgn0030925	128	4	132	0.96969696969697
FBgn0030926	146	0	146	1
FBgn0030927	127	0	127	1
FBgn0030928	48	0	48	1
FBgn0030929	79	0	79	1
FBgn0030930	186	0	186	1
FBgn0030931	93	1	94	0.98936170212766
FBgn0030932	198	0	198	1
FBgn0030933	114	0	114	1
FBgn0030936	64	0	64	1
FBgn0030937	79	0	79	1
FBgn0030938	73	0	73	1
FBgn0030940	179	2	181	0.988950276243094
FBgn0030941	136	1	137	0.992700729927007
FBgn0030943	41	0	41	1
FBgn0030944	46	0	46	1
FBgn0030945	114	0	114	1
FBgn0030946	123	2	125	0.984
FBgn0030947	41	0	41	1
FBgn0030949	119	0	119	1
FBgn0030951	0	0	0	NA
FBgn0030952	92	0	92	1
FBgn0030954	41	0	41	1
FBgn0030955	15	10	25	0.6
FBgn0030956	12	0	12	1
FBgn0030958	5	0	5	1
FBgn0030959	0	0	0	NA
FBgn0030960	43	1	44	0.977272727272727
FBgn0030961	156	2	158	0.987341772151899
FBgn0030963	69	0	69	1
FBgn0030964	245	1	246	0.995934959349594
FBgn0030966	105	3	108	0.972222222222222
FBgn0030968	97	0	97	1
FBgn0030969	94	0	94	1
FBgn0030970	90	0	90	1
FBgn0030973	183	0	183	1
FBgn0030974	207	0	207	1
FBgn0030975	96	1	97	0.989690721649485
FBgn0030976	284	1	285	0.996491228070175
FBgn0030979	31	0	31	1
FBgn0030980	76	0	76	1
FBgn0030981	24	0	24	1
FBgn0030982	43	0	43	1
FBgn0030983	93	0	93	1
FBgn0030984	67	1	68	0.985294117647059
FBgn0030985	11	1	12	0.916666666666667
FBgn0030989	114	0	114	1
FBgn0030990	159	0	159	1
FBgn0030991	96	1	97	0.989690721649485
FBgn0030992	225	1	226	0.995575221238938
FBgn0030993	77	2	79	0.974683544303797
FBgn0030994	57	0	57	1
FBgn0030995	58	0	58	1
FBgn0030996	145	1	146	0.993150684931507
FBgn0030997	257	11	268	0.958955223880597
FBgn0030998	121	1	122	0.991803278688525
FBgn0030999	99	8	107	0.925233644859813
FBgn0031000	36	1	37	0.972972972972973
FBgn0031001	210	3	213	0.985915492957746
FBgn0031002	177	1	178	0.99438202247191
FBgn0031003	79	1	80	0.9875
FBgn0031004	108	1	109	0.990825688073395
FBgn0031005	156	0	156	1
FBgn0031006	351	1	352	0.997159090909091
FBgn0031008	118	0	118	1
FBgn0031010	167	0	167	1
FBgn0031011	218	2	220	0.990909090909091
FBgn0031012	235	2	237	0.991561181434599
FBgn0031016	349	1	350	0.997142857142857
FBgn0031018	54	0	54	1
FBgn0031020	163	1	164	0.99390243902439
FBgn0031021	19	0	19	1
FBgn0031022	43	0	43	1
FBgn0031023	375	2	377	0.994694960212202
FBgn0031026	49	0	49	1
FBgn0031030	356	3	359	0.991643454038997
FBgn0031031	56	1	57	0.982456140350877
FBgn0031032	250	0	250	1
FBgn0031033	217	0	217	1
FBgn0031034	202	1	203	0.995073891625616
FBgn0031036	85	0	85	1
FBgn0031037	85	2	87	0.977011494252874
FBgn0031038	0	0	0	NA
FBgn0031039	0	0	0	NA
FBgn0031040	20	0	20	1
FBgn0031041	0	0	0	NA
FBgn0031042	151	0	151	1
FBgn0031043	118	0	118	1
FBgn0031044	44	0	44	1
FBgn0031045	25	0	25	1
FBgn0031047	93	2	95	0.978947368421053
FBgn0031048	81	1	82	0.98780487804878
FBgn0031049	56	2	58	0.96551724137931
FBgn0031050	77	2	79	0.974683544303797
FBgn0031051	195	0	195	1
FBgn0031052	327	2	329	0.993920972644377
FBgn0031053	217	1	218	0.995412844036697
FBgn0031054	94	0	94	1
FBgn0031055	237	1	238	0.995798319327731
FBgn0031057	84	3	87	0.96551724137931
FBgn0031058	104	1	105	0.990476190476191
FBgn0031059	89	0	89	1
FBgn0031060	73	0	73	1
FBgn0031061	75	2	77	0.974025974025974
FBgn0031062	95	0	95	1
FBgn0031064	389	1	390	0.997435897435897
FBgn0031065	232	0	232	1
FBgn0031066	7	0	7	1
FBgn0031068	63	1	64	0.984375
FBgn0031069	180	1	181	0.994475138121547
FBgn0031070	214	3	217	0.986175115207373
FBgn0031074	74	0	74	1
FBgn0031077	348	2	350	0.994285714285714
FBgn0031078	390	1	391	0.997442455242967
FBgn0031080	17	1	18	0.944444444444444
FBgn0031081	380	3	383	0.992167101827676
FBgn0031082	51	0	51	1
FBgn0031085	75	1	76	0.986842105263158
FBgn0031086	80	0	80	1
FBgn0031088	251	2	253	0.992094861660079
FBgn0031089	160	0	160	1
FBgn0031090	126	1	127	0.992125984251969
FBgn0031091	80	0	80	1
FBgn0031092	28	0	28	1
FBgn0031093	17	0	17	1
FBgn0031094	59	0	59	1
FBgn0031097	113	0	113	1
FBgn0031098	130	0	130	1
FBgn0031099	124	0	124	1
FBgn0031100	119	2	121	0.983471074380165
FBgn0031101	114	0	114	1
FBgn0031103	34	0	34	1
FBgn0031104	31	0	31	1
FBgn0031106	74	1	75	0.986666666666667
FBgn0031107	713	10	723	0.986168741355463
FBgn0031108	71	0	71	1
FBgn0031109	64	0	64	1
FBgn0031110	52	0	52	1
FBgn0031111	81	1	82	0.98780487804878
FBgn0031114	76	0	76	1
FBgn0031115	108	0	108	1
FBgn0031116	341	2	343	0.994169096209913
FBgn0031117	99	0	99	1
FBgn0031118	501	2	503	0.996023856858847
FBgn0031119	218	1	219	0.995433789954338
FBgn0031126	167	0	167	1
FBgn0031127	95	1	96	0.989583333333333
FBgn0031128	125	18	143	0.874125874125874
FBgn0031129	79	0	79	1
FBgn0031130	71	0	71	1
FBgn0031132	78	0	78	1
FBgn0031134	70	0	70	1
FBgn0031135	43	0	43	1
FBgn0031139	134	0	134	1
FBgn0031141	85	0	85	1
FBgn0031142	160	1	161	0.993788819875776
FBgn0031143	72	1	73	0.986301369863014
FBgn0031144	178	1	179	0.994413407821229
FBgn0031145	184	1	185	0.994594594594595
FBgn0031146	0	0	0	NA
FBgn0031148	153	0	153	1
FBgn0031149	110	1	111	0.990990990990991
FBgn0031150	396	3	399	0.992481203007519
FBgn0031155	94	8	102	0.92156862745098
FBgn0031157	117	0	117	1
FBgn0031159	0	0	0	NA
FBgn0031161	74	7	81	0.91358024691358
FBgn0031163	91	0	91	1
FBgn0031164	38	0	38	1
FBgn0031168	43	1	44	0.977272727272727
FBgn0031169	272	3	275	0.989090909090909
FBgn0031170	391	2	393	0.994910941475827
FBgn0031171	303	8	311	0.97427652733119
FBgn0031174	168	3	171	0.982456140350877
FBgn0031176	42	1	43	0.976744186046512
FBgn0031178	40	0	40	1
FBgn0031181	111	1	112	0.991071428571429
FBgn0031182	118	0	118	1
FBgn0031183	115	1	116	0.991379310344828
FBgn0031184	89	0	89	1
FBgn0031187	359	1	360	0.997222222222222
FBgn0031188	28	0	28	1
FBgn0031189	40	0	40	1
FBgn0031190	104	0	104	1
FBgn0031191	117	1	118	0.991525423728814
FBgn0031194	84	0	84	1
FBgn0031195	224	1	225	0.995555555555556
FBgn0031196	82	0	82	1
FBgn0031197	69	0	69	1
FBgn0031201	142	1	143	0.993006993006993
FBgn0031208	58	71	129	0.449612403100775
FBgn0031209	25	15	40	0.625
FBgn0031213	25	28	53	0.471698113207547
FBgn0031214	0	0	0	NA
FBgn0031216	75	65	140	0.535714285714286
FBgn0031217	0	0	0	NA
FBgn0031219	68	73	141	0.482269503546099
FBgn0031220	132	151	283	0.46643109540636
FBgn0031224	28	24	52	0.538461538461538
FBgn0031227	12	9	21	0.571428571428571
FBgn0031228	20	30	50	0.4
FBgn0031229	15	40	55	0.272727272727273
FBgn0031231	28	21	49	0.571428571428571
FBgn0031232	0	0	0	NA
FBgn0031233	14	13	27	0.518518518518518
FBgn0031235	33	34	67	0.492537313432836
FBgn0031238	21	27	48	0.4375
FBgn0031239	274	260	534	0.51310861423221
FBgn0031240	34	40	74	0.459459459459459
FBgn0031244	17	13	30	0.566666666666667
FBgn0031245	65	68	133	0.488721804511278
FBgn0031247	3	6	9	0.333333333333333
FBgn0031248	51	49	100	0.51
FBgn0031249	12	10	22	0.545454545454545
FBgn0031250	0	0	0	NA
FBgn0031251	153	142	295	0.51864406779661
FBgn0031252	63	52	115	0.547826086956522
FBgn0031253	17	27	44	0.386363636363636
FBgn0031254	32	37	69	0.463768115942029
FBgn0031255	48	54	102	0.470588235294118
FBgn0031256	39	36	75	0.52
FBgn0031257	132	118	250	0.528
FBgn0031258	165	146	311	0.530546623794212
FBgn0031260	121	105	226	0.535398230088496
FBgn0031261	0	0	0	NA
FBgn0031263	0	0	0	NA
FBgn0031264	148	131	279	0.530465949820789
FBgn0031265	65	82	147	0.442176870748299
FBgn0031266	227	250	477	0.475890985324948
FBgn0031267	54	52	106	0.509433962264151
FBgn0031268	83	60	143	0.58041958041958
FBgn0031270	106	131	237	0.447257383966245
FBgn0031273	152	165	317	0.479495268138801
FBgn0031275	506	546	1052	0.480988593155894
FBgn0031276	59	46	105	0.561904761904762
FBgn0031277	31	43	74	0.418918918918919
FBgn0031279	68	63	131	0.519083969465649
FBgn0031281	104	84	188	0.553191489361702
FBgn0031282	25	34	59	0.423728813559322
FBgn0031283	0	0	0	NA
FBgn0031284	90	99	189	0.476190476190476
FBgn0031285	133	120	253	0.525691699604743
FBgn0031286	70	80	150	0.466666666666667
FBgn0031287	63	60	123	0.51219512195122
FBgn0031288	93	117	210	0.442857142857143
FBgn0031289	66	69	135	0.488888888888889
FBgn0031292	419	488	907	0.461962513781698
FBgn0031294	702	662	1364	0.51466275659824
FBgn0031295	84	74	158	0.531645569620253
FBgn0031296	91	99	190	0.478947368421053
FBgn0031298	137	142	279	0.491039426523298
FBgn0031299	75	121	196	0.38265306122449
FBgn0031301	206	197	403	0.511166253101737
FBgn0031302	111	106	217	0.511520737327189
FBgn0031304	144	142	286	0.503496503496504
FBgn0031305	92	103	195	0.471794871794872
FBgn0031306	173	169	342	0.505847953216374
FBgn0031307	144	152	296	0.486486486486487
FBgn0031309	68	78	146	0.465753424657534
FBgn0031310	48	57	105	0.457142857142857
FBgn0031312	45	41	86	0.523255813953488
FBgn0031313	124	155	279	0.444444444444444
FBgn0031314	122	125	247	0.493927125506073
FBgn0031315	40	28	68	0.588235294117647
FBgn0031317	150	112	262	0.572519083969466
FBgn0031318	173	173	346	0.5
FBgn0031319	172	158	330	0.521212121212121
FBgn0031320	84	59	143	0.587412587412587
FBgn0031321	81	94	175	0.462857142857143
FBgn0031322	194	185	379	0.511873350923483
FBgn0031323	73	89	162	0.450617283950617
FBgn0031324	54	62	116	0.46551724137931
FBgn0031327	247	254	501	0.493013972055888
FBgn0031331	110	110	220	0.5
FBgn0031332	82	87	169	0.485207100591716
FBgn0031333	54	47	101	0.534653465346535
FBgn0031335	89	61	150	0.593333333333333
FBgn0031337	73	95	168	0.43452380952381
FBgn0031343	122	133	255	0.47843137254902
FBgn0031344	64	65	129	0.496124031007752
FBgn0031345	51	41	92	0.554347826086957
FBgn0031347	153	148	301	0.508305647840532
FBgn0031351	79	83	162	0.487654320987654
FBgn0031356	140	139	279	0.50179211469534
FBgn0031357	57	41	98	0.581632653061224
FBgn0031359	181	211	392	0.461734693877551
FBgn0031360	46	56	102	0.450980392156863
FBgn0031361	82	67	149	0.550335570469799
FBgn0031364	14	10	24	0.583333333333333
FBgn0031365	9	17	26	0.346153846153846
FBgn0031367	47	28	75	0.626666666666667
FBgn0031372	95	98	193	0.492227979274611
FBgn0031373	63	81	144	0.4375
FBgn0031374	891	917	1808	0.492809734513274
FBgn0031375	318	257	575	0.55304347826087
FBgn0031377	160	180	340	0.470588235294118
FBgn0031378	64	66	130	0.492307692307692
FBgn0031379	156	177	333	0.468468468468468
FBgn0031381	43	54	97	0.443298969072165
FBgn0031384	322	318	640	0.503125
FBgn0031388	86	80	166	0.518072289156627
FBgn0031389	68	66	134	0.507462686567164
FBgn0031390	235	230	465	0.505376344086022
FBgn0031391	116	113	229	0.506550218340611
FBgn0031392	188	166	354	0.531073446327684
FBgn0031393	35	41	76	0.460526315789474
FBgn0031395	31	28	59	0.525423728813559
FBgn0031397	126	123	249	0.506024096385542
FBgn0031398	52	37	89	0.584269662921348
FBgn0031399	150	123	273	0.549450549450549
FBgn0031401	175	169	344	0.508720930232558
FBgn0031403	28	40	68	0.411764705882353
FBgn0031406	38	46	84	0.452380952380952
FBgn0031407	43	58	101	0.425742574257426
FBgn0031409	31	52	83	0.373493975903614
FBgn0031410	89	56	145	0.613793103448276
FBgn0031412	74	56	130	0.569230769230769
FBgn0031413	208	189	397	0.523929471032746
FBgn0031414	670	634	1304	0.513803680981595
FBgn0031417	74	95	169	0.437869822485207
FBgn0031418	110	108	218	0.504587155963303
FBgn0031419	2	8	10	0.2
FBgn0031420	226	196	422	0.535545023696682
FBgn0031422	125	104	229	0.54585152838428
FBgn0031423	47	51	98	0.479591836734694
FBgn0031424	489	505	994	0.491951710261569
FBgn0031426	95	95	190	0.5
FBgn0031428	209	249	458	0.456331877729258
FBgn0031430	9	10	19	0.473684210526316
FBgn0031431	89	103	192	0.463541666666667
FBgn0031432	155	142	297	0.521885521885522
FBgn0031434	51	49	100	0.51
FBgn0031435	72	83	155	0.464516129032258
FBgn0031436	17	13	30	0.566666666666667
FBgn0031437	31	25	56	0.553571428571429
FBgn0031440	100	95	195	0.512820512820513
FBgn0031441	66	47	113	0.584070796460177
FBgn0031442	33	43	76	0.434210526315789
FBgn0031443	112	100	212	0.528301886792453
FBgn0031444	80	76	156	0.512820512820513
FBgn0031446	106	87	193	0.549222797927461
FBgn0031449	283	253	536	0.527985074626866
FBgn0031450	163	139	302	0.539735099337748
FBgn0031451	46	35	81	0.567901234567901
FBgn0031452	25	30	55	0.454545454545455
FBgn0031453	76	96	172	0.441860465116279
FBgn0031454	0	0	0	NA
FBgn0031455	0	0	0	NA
FBgn0031456	186	199	385	0.483116883116883
FBgn0031457	101	78	179	0.564245810055866
FBgn0031458	12	11	23	0.521739130434783
FBgn0031459	12	12	24	0.5
FBgn0031460	8	6	14	0.571428571428571
FBgn0031461	119	115	234	0.508547008547009
FBgn0031462	11	26	37	0.297297297297297
FBgn0031463	97	114	211	0.459715639810427
FBgn0031465	126	114	240	0.525
FBgn0031466	47	36	83	0.566265060240964
FBgn0031467	31	36	67	0.462686567164179
FBgn0031468	42	58	100	0.42
FBgn0031469	111	89	200	0.555
FBgn0031470	56	55	111	0.504504504504504
FBgn0031471	89	109	198	0.44949494949495
FBgn0031472	65	60	125	0.52
FBgn0031473	145	125	270	0.537037037037037
FBgn0031474	133	119	252	0.527777777777778
FBgn0031476	34	36	70	0.485714285714286
FBgn0031478	88	109	197	0.446700507614213
FBgn0031479	49	53	102	0.480392156862745
FBgn0031483	81	63	144	0.5625
FBgn0031484	26	44	70	0.371428571428571
FBgn0031485	30	34	64	0.46875
FBgn0031488	186	168	354	0.525423728813559
FBgn0031489	11	14	25	0.44
FBgn0031490	1	0	1	1
FBgn0031491	27	24	51	0.529411764705882
FBgn0031492	38	44	82	0.463414634146341
FBgn0031493	130	109	239	0.543933054393305
FBgn0031494	38	38	76	0.5
FBgn0031495	12	11	23	0.521739130434783
FBgn0031496	89	90	179	0.497206703910615
FBgn0031497	53	68	121	0.43801652892562
FBgn0031498	21	25	46	0.456521739130435
FBgn0031500	111	88	199	0.557788944723618
FBgn0031501	21	18	39	0.538461538461538
FBgn0031504	43	33	76	0.565789473684211
FBgn0031505	55	75	130	0.423076923076923
FBgn0031512	37	33	70	0.528571428571429
FBgn0031513	176	175	351	0.501424501424501
FBgn0031514	179	193	372	0.481182795698925
FBgn0031515	183	197	380	0.481578947368421
FBgn0031516	30	23	53	0.566037735849057
FBgn0031517	53	49	102	0.519607843137255
FBgn0031518	136	167	303	0.448844884488449
FBgn0031519	109	108	217	0.502304147465438
FBgn0031520	75	71	146	0.513698630136986
FBgn0031522	27	35	62	0.435483870967742
FBgn0031523	66	60	126	0.523809523809524
FBgn0031526	3	5	8	0.375
FBgn0031528	117	131	248	0.471774193548387
FBgn0031529	72	55	127	0.566929133858268
FBgn0031530	174	195	369	0.471544715447154
FBgn0031531	50	83	133	0.37593984962406
FBgn0031533	103	127	230	0.447826086956522
FBgn0031534	105	105	210	0.5
FBgn0031535	81	57	138	0.58695652173913
FBgn0031536	30	34	64	0.46875
FBgn0031538	60	50	110	0.545454545454545
FBgn0031540	86	76	162	0.530864197530864
FBgn0031542	86	80	166	0.518072289156627
FBgn0031544	98	94	192	0.510416666666667
FBgn0031545	131	132	263	0.498098859315589
FBgn0031546	154	165	319	0.482758620689655
FBgn0031547	86	94	180	0.477777777777778
FBgn0031548	187	157	344	0.543604651162791
FBgn0031549	188	176	364	0.516483516483517
FBgn0031550	128	133	261	0.490421455938697
FBgn0031554	4	8	12	0.333333333333333
FBgn0031558	27	19	46	0.58695652173913
FBgn0031559	22	20	42	0.523809523809524
FBgn0031560	23	32	55	0.418181818181818
FBgn0031561	53	40	93	0.56989247311828
FBgn0031562	45	42	87	0.517241379310345
FBgn0031563	25	20	45	0.555555555555556
FBgn0031564	43	38	81	0.530864197530864
FBgn0031566	126	115	241	0.522821576763486
FBgn0031568	216	257	473	0.456659619450317
FBgn0031571	693	719	1412	0.490793201133144
FBgn0031573	201	187	388	0.518041237113402
FBgn0031574	186	156	342	0.543859649122807
FBgn0031575	211	195	406	0.519704433497537
FBgn0031579	41	49	90	0.455555555555556
FBgn0031580	50	47	97	0.515463917525773
FBgn0031585	177	166	343	0.516034985422741
FBgn0031589	353	345	698	0.505730659025788
FBgn0031590	133	124	257	0.517509727626459
FBgn0031592	148	165	313	0.472843450479233
FBgn0031596	93	85	178	0.52247191011236
FBgn0031597	72	77	149	0.483221476510067
FBgn0031598	214	178	392	0.545918367346939
FBgn0031600	41	30	71	0.577464788732394
FBgn0031601	45	40	85	0.529411764705882
FBgn0031602	320	353	673	0.475482912332838
FBgn0031603	36	41	77	0.467532467532468
FBgn0031604	85	92	177	0.480225988700565
FBgn0031606	199	201	400	0.4975
FBgn0031607	78	93	171	0.456140350877193
FBgn0031608	109	104	213	0.511737089201878
FBgn0031609	111	117	228	0.486842105263158
FBgn0031610	57	61	118	0.483050847457627
FBgn0031611	50	58	108	0.462962962962963
FBgn0031613	39	44	83	0.469879518072289
FBgn0031617	158	124	282	0.560283687943262
FBgn0031619	102	86	188	0.542553191489362
FBgn0031620	195	209	404	0.482673267326733
FBgn0031621	89	79	168	0.529761904761905
FBgn0031622	73	74	147	0.496598639455782
FBgn0031623	86	82	168	0.511904761904762
FBgn0031626	149	119	268	0.555970149253731
FBgn0031627	227	220	447	0.507829977628635
FBgn0031628	126	119	245	0.514285714285714
FBgn0031629	124	114	238	0.521008403361345
FBgn0031630	116	107	223	0.520179372197309
FBgn0031631	149	120	269	0.553903345724907
FBgn0031632	185	157	342	0.54093567251462
FBgn0031633	65	52	117	0.555555555555556
FBgn0031634	237	256	493	0.480730223123732
FBgn0031635	107	112	219	0.488584474885845
FBgn0031636	96	94	190	0.505263157894737
FBgn0031637	285	278	563	0.506216696269982
FBgn0031638	72	82	154	0.467532467532468
FBgn0031639	43	29	72	0.597222222222222
FBgn0031640	109	129	238	0.457983193277311
FBgn0031643	182	194	376	0.484042553191489
FBgn0031644	115	110	225	0.511111111111111
FBgn0031645	247	234	481	0.513513513513513
FBgn0031646	117	135	252	0.464285714285714
FBgn0031649	300	248	548	0.547445255474453
FBgn0031650	56	56	112	0.5
FBgn0031651	38	30	68	0.558823529411765
FBgn0031652	18	27	45	0.4
FBgn0031653	29	29	58	0.5
FBgn0031654	48	54	102	0.470588235294118
FBgn0031655	113	113	226	0.5
FBgn0031657	21	16	37	0.567567567567568
FBgn0031659	120	137	257	0.466926070038911
FBgn0031660	59	66	125	0.472
FBgn0031661	15	15	30	0.5
FBgn0031662	20	15	35	0.571428571428571
FBgn0031663	38	35	73	0.520547945205479
FBgn0031664	68	65	133	0.511278195488722
FBgn0031668	0	0	0	NA
FBgn0031670	74	62	136	0.544117647058823
FBgn0031673	38	36	74	0.513513513513513
FBgn0031675	79	75	154	0.512987012987013
FBgn0031676	45	45	90	0.5
FBgn0031677	0	0	0	NA
FBgn0031678	116	104	220	0.527272727272727
FBgn0031681	286	299	585	0.488888888888889
FBgn0031682	148	143	291	0.508591065292096
FBgn0031683	162	132	294	0.551020408163265
FBgn0031684	52	53	105	0.495238095238095
FBgn0031688	167	189	356	0.469101123595506
FBgn0031689	170	156	326	0.521472392638037
FBgn0031690	167	174	341	0.489736070381232
FBgn0031692	68	69	137	0.496350364963504
FBgn0031693	139	151	290	0.479310344827586
FBgn0031694	141	192	333	0.423423423423423
FBgn0031695	106	123	229	0.462882096069869
FBgn0031696	167	197	364	0.458791208791209
FBgn0031697	115	134	249	0.461847389558233
FBgn0031698	228	231	459	0.496732026143791
FBgn0031700	55	42	97	0.56701030927835
FBgn0031701	52	57	109	0.477064220183486
FBgn0031702	194	179	373	0.520107238605898
FBgn0031703	229	186	415	0.551807228915663
FBgn0031707	45	47	92	0.489130434782609
FBgn0031708	32	35	67	0.477611940298507
FBgn0031710	155	155	310	0.5
FBgn0031711	86	67	153	0.562091503267974
FBgn0031713	98	103	201	0.487562189054726
FBgn0031715	47	43	90	0.522222222222222
FBgn0031716	96	125	221	0.434389140271493
FBgn0031717	128	150	278	0.460431654676259
FBgn0031718	75	59	134	0.559701492537313
FBgn0031719	72	65	137	0.525547445255474
FBgn0031720	66	71	137	0.481751824817518
FBgn0031721	50	49	99	0.505050505050505
FBgn0031722	76	80	156	0.487179487179487
FBgn0031723	83	104	187	0.443850267379679
FBgn0031724	98	103	201	0.487562189054726
FBgn0031725	253	253	506	0.5
FBgn0031726	187	187	374	0.5
FBgn0031728	125	142	267	0.468164794007491
FBgn0031729	71	71	142	0.5
FBgn0031730	187	183	370	0.505405405405405
FBgn0031731	4	14	18	0.222222222222222
FBgn0031732	169	184	353	0.478753541076487
FBgn0031733	113	116	229	0.493449781659389
FBgn0031734	283	282	565	0.500884955752212
FBgn0031735	91	115	206	0.441747572815534
FBgn0031736	270	285	555	0.486486486486487
FBgn0031737	113	136	249	0.453815261044177
FBgn0031738	347	381	728	0.476648351648352
FBgn0031739	110	108	218	0.504587155963303
FBgn0031740	132	116	248	0.532258064516129
FBgn0031741	175	206	381	0.459317585301837
FBgn0031745	182	149	331	0.549848942598187
FBgn0031746	32	31	63	0.507936507936508
FBgn0031747	115	155	270	0.425925925925926
FBgn0031749	53	55	108	0.490740740740741
FBgn0031751	52	48	100	0.52
FBgn0031752	269	293	562	0.47864768683274
FBgn0031753	80	59	139	0.575539568345324
FBgn0031756	185	187	372	0.497311827956989
FBgn0031757	90	84	174	0.517241379310345
FBgn0031758	0	0	0	NA
FBgn0031759	264	238	502	0.525896414342629
FBgn0031760	223	198	421	0.529691211401425
FBgn0031762	334	315	649	0.514637904468413
FBgn0031763	68	68	136	0.5
FBgn0031764	105	111	216	0.486111111111111
FBgn0031765	238	234	472	0.504237288135593
FBgn0031766	43	45	88	0.488636363636364
FBgn0031768	75	79	154	0.487012987012987
FBgn0031769	152	182	334	0.455089820359281
FBgn0031770	192	203	395	0.486075949367089
FBgn0031771	89	84	173	0.514450867052023
FBgn0031772	31	38	69	0.449275362318841
FBgn0031773	76	78	154	0.493506493506494
FBgn0031774	98	85	183	0.53551912568306
FBgn0031775	56	53	109	0.513761467889908
FBgn0031776	34	28	62	0.548387096774194
FBgn0031777	45	41	86	0.523255813953488
FBgn0031778	64	40	104	0.615384615384615
FBgn0031779	134	158	292	0.458904109589041
FBgn0031782	97	121	218	0.444954128440367
FBgn0031784	99	85	184	0.53804347826087
FBgn0031785	293	265	558	0.525089605734767
FBgn0031786	52	73	125	0.416
FBgn0031791	60	73	133	0.451127819548872
FBgn0031792	67	68	135	0.496296296296296
FBgn0031799	295	280	575	0.51304347826087
FBgn0031800	131	179	310	0.42258064516129
FBgn0031801	63	61	124	0.508064516129032
FBgn0031802	153	156	309	0.495145631067961
FBgn0031803	136	136	272	0.5
FBgn0031804	99	99	198	0.5
FBgn0031805	127	116	243	0.522633744855967
FBgn0031808	106	112	218	0.486238532110092
FBgn0031811	207	198	405	0.511111111111111
FBgn0031813	251	247	498	0.504016064257028
FBgn0031814	293	271	564	0.519503546099291
FBgn0031815	184	156	340	0.541176470588235
FBgn0031816	171	171	342	0.5
FBgn0031817	58	60	118	0.491525423728814
FBgn0031818	140	161	301	0.465116279069767
FBgn0031820	308	290	598	0.51505016722408
FBgn0031821	69	58	127	0.543307086614173
FBgn0031822	47	55	102	0.46078431372549
FBgn0031824	132	138	270	0.488888888888889
FBgn0031826	100	113	213	0.469483568075117
FBgn0031829	102	106	208	0.490384615384615
FBgn0031830	48	52	100	0.48
FBgn0031831	0	0	0	NA
FBgn0031832	116	121	237	0.489451476793249
FBgn0031834	92	97	189	0.486772486772487
FBgn0031835	687	627	1314	0.522831050228311
FBgn0031836	213	203	416	0.512019230769231
FBgn0031837	102	139	241	0.423236514522822
FBgn0031844	25	19	44	0.568181818181818
FBgn0031848	31	43	74	0.418918918918919
FBgn0031849	82	94	176	0.465909090909091
FBgn0031850	322	340	662	0.486404833836858
FBgn0031851	0	0	0	NA
FBgn0031853	181	185	366	0.494535519125683
FBgn0031854	258	229	487	0.529774127310062
FBgn0031855	133	141	274	0.485401459854015
FBgn0031856	119	137	256	0.46484375
FBgn0031857	827	856	1683	0.491384432560903
FBgn0031858	308	307	615	0.500813008130081
FBgn0031859	69	77	146	0.472602739726027
FBgn0031860	97	99	196	0.494897959183673
FBgn0031861	84	82	166	0.506024096385542
FBgn0031865	219	188	407	0.538083538083538
FBgn0031866	384	406	790	0.486075949367089
FBgn0031868	121	132	253	0.478260869565217
FBgn0031869	357	409	766	0.466057441253264
FBgn0031871	130	111	241	0.539419087136929
FBgn0031872	130	109	239	0.543933054393305
FBgn0031873	11	9	20	0.55
FBgn0031874	148	172	320	0.4625
FBgn0031875	127	117	244	0.520491803278688
FBgn0031876	43	49	92	0.467391304347826
FBgn0031877	37	41	78	0.474358974358974
FBgn0031878	108	128	236	0.457627118644068
FBgn0031879	830	876	1706	0.48651817116061
FBgn0031881	55	79	134	0.41044776119403
FBgn0031882	141	125	266	0.530075187969925
FBgn0031883	123	113	236	0.521186440677966
FBgn0031885	216	205	421	0.513064133016627
FBgn0031886	97	88	185	0.524324324324324
FBgn0031887	90	107	197	0.456852791878173
FBgn0031888	234	226	460	0.508695652173913
FBgn0031893	182	178	360	0.505555555555556
FBgn0031894	182	174	356	0.51123595505618
FBgn0031895	184	168	352	0.522727272727273
FBgn0031896	170	152	322	0.527950310559006
FBgn0031897	420	479	899	0.467185761957731
FBgn0031900	193	161	354	0.545197740112994
FBgn0031902	143	173	316	0.45253164556962
FBgn0031903	162	158	320	0.50625
FBgn0031904	177	187	364	0.486263736263736
FBgn0031905	181	171	352	0.514204545454545
FBgn0031906	160	154	314	0.509554140127389
FBgn0031907	175	166	341	0.513196480938416
FBgn0031908	60	68	128	0.46875
FBgn0031909	81	99	180	0.45
FBgn0031910	74	93	167	0.44311377245509
FBgn0031913	144	160	304	0.473684210526316
FBgn0031914	226	219	445	0.507865168539326
FBgn0031918	86	92	178	0.48314606741573
FBgn0031920	135	113	248	0.544354838709677
FBgn0031925	230	184	414	0.555555555555556
FBgn0031926	228	247	475	0.48
FBgn0031929	81	95	176	0.460227272727273
FBgn0031930	131	112	243	0.539094650205761
FBgn0031935	196	182	378	0.518518518518518
FBgn0031936	229	184	413	0.554479418886199
FBgn0031937	177	189	366	0.483606557377049
FBgn0031939	197	205	402	0.490049751243781
FBgn0031940	50	68	118	0.423728813559322
FBgn0031941	63	53	116	0.543103448275862
FBgn0031942	65	71	136	0.477941176470588
FBgn0031945	194	191	385	0.503896103896104
FBgn0031946	76	66	142	0.535211267605634
FBgn0031947	225	189	414	0.543478260869565
FBgn0031948	213	202	415	0.513253012048193
FBgn0031950	157	122	279	0.562724014336918
FBgn0031951	83	86	169	0.49112426035503
FBgn0031952	374	325	699	0.535050071530758
FBgn0031954	48	60	108	0.444444444444444
FBgn0031955	385	410	795	0.484276729559748
FBgn0031957	14	29	43	0.325581395348837
FBgn0031959	162	148	310	0.52258064516129
FBgn0031961	195	195	390	0.5
FBgn0031968	121	110	231	0.523809523809524
FBgn0031969	180	170	350	0.514285714285714
FBgn0031970	116	103	219	0.529680365296804
FBgn0031971	58	49	107	0.542056074766355
FBgn0031972	98	130	228	0.429824561403509
FBgn0031973	128	91	219	0.584474885844749
FBgn0031974	48	49	97	0.494845360824742
FBgn0031975	264	270	534	0.49438202247191
FBgn0031976	125	109	234	0.534188034188034
FBgn0031977	23	19	42	0.547619047619048
FBgn0031979	41	63	104	0.394230769230769
FBgn0031980	31	30	61	0.508196721311475
FBgn0031981	641	634	1275	0.502745098039216
FBgn0031985	390	398	788	0.49492385786802
FBgn0031986	103	129	232	0.443965517241379
FBgn0031987	52	37	89	0.584269662921348
FBgn0031988	190	198	388	0.489690721649485
FBgn0031990	481	515	996	0.482931726907631
FBgn0031992	50	47	97	0.515463917525773
FBgn0031995	202	159	361	0.559556786703601
FBgn0031996	129	114	243	0.530864197530864
FBgn0031997	83	91	174	0.477011494252874
FBgn0031998	79	78	157	0.503184713375796
FBgn0031999	149	160	309	0.482200647249191
FBgn0032000	18	33	51	0.352941176470588
FBgn0032001	63	60	123	0.51219512195122
FBgn0032002	61	49	110	0.554545454545455
FBgn0032003	43	43	86	0.5
FBgn0032004	44	62	106	0.415094339622642
FBgn0032005	147	145	292	0.503424657534247
FBgn0032006	699	641	1340	0.521641791044776
FBgn0032008	42	44	86	0.488372093023256
FBgn0032010	503	484	987	0.509625126646403
FBgn0032013	139	126	265	0.524528301886792
FBgn0032014	51	67	118	0.432203389830508
FBgn0032015	69	62	131	0.526717557251908
FBgn0032016	108	105	213	0.507042253521127
FBgn0032017	108	88	196	0.551020408163265
FBgn0032018	272	318	590	0.461016949152542
FBgn0032020	50	48	98	0.510204081632653
FBgn0032021	78	79	157	0.496815286624204
FBgn0032022	157	138	295	0.532203389830509
FBgn0032023	111	116	227	0.488986784140969
FBgn0032024	13	13	26	0.5
FBgn0032025	131	146	277	0.472924187725632
FBgn0032026	357	340	697	0.51219512195122
FBgn0032029	144	114	258	0.558139534883721
FBgn0032030	41	30	71	0.577464788732394
FBgn0032031	68	60	128	0.53125
FBgn0032032	58	63	121	0.479338842975207
FBgn0032033	21	11	32	0.65625
FBgn0032034	30	24	54	0.555555555555556
FBgn0032036	209	176	385	0.542857142857143
FBgn0032039	111	117	228	0.486842105263158
FBgn0032040	88	73	161	0.546583850931677
FBgn0032042	161	154	315	0.511111111111111
FBgn0032047	102	88	190	0.536842105263158
FBgn0032048	128	152	280	0.457142857142857
FBgn0032049	152	111	263	0.577946768060836
FBgn0032050	148	159	307	0.482084690553746
FBgn0032051	132	101	233	0.566523605150215
FBgn0032052	84	76	160	0.525
FBgn0032053	21	23	44	0.477272727272727
FBgn0032054	42	31	73	0.575342465753425
FBgn0032055	154	190	344	0.447674418604651
FBgn0032057	59	57	116	0.508620689655172
FBgn0032058	92	94	186	0.494623655913978
FBgn0032059	13	11	24	0.541666666666667
FBgn0032061	144	139	283	0.508833922261484
FBgn0032065	67	68	135	0.496296296296296
FBgn0032066	262	281	543	0.482504604051565
FBgn0032067	296	254	550	0.538181818181818
FBgn0032068	246	251	497	0.494969818913481
FBgn0032069	291	263	554	0.525270758122744
FBgn0032072	16	10	26	0.615384615384615
FBgn0032074	83	71	154	0.538961038961039
FBgn0032075	38	40	78	0.487179487179487
FBgn0032076	89	125	214	0.41588785046729
FBgn0032077	65	88	153	0.42483660130719
FBgn0032078	174	178	352	0.494318181818182
FBgn0032079	156	157	313	0.498402555910543
FBgn0032080	268	264	532	0.503759398496241
FBgn0032082	113	164	277	0.407942238267148
FBgn0032083	226	175	401	0.56359102244389
FBgn0032084	224	197	421	0.532066508313539
FBgn0032085	127	126	253	0.50197628458498
FBgn0032086	0	0	0	NA
FBgn0032087	60	54	114	0.526315789473684
FBgn0032088	44	52	96	0.458333333333333
FBgn0032089	0	0	0	NA
FBgn0032090	38	48	86	0.441860465116279
FBgn0032094	72	72	144	0.5
FBgn0032095	269	288	557	0.48294434470377
FBgn0032096	124	130	254	0.488188976377953
FBgn0032100	87	76	163	0.533742331288344
FBgn0032101	62	70	132	0.46969696969697
FBgn0032104	65	47	112	0.580357142857143
FBgn0032105	82	74	156	0.525641025641026
FBgn0032109	190	170	360	0.527777777777778
FBgn0032110	152	171	323	0.470588235294118
FBgn0032111	16	18	34	0.470588235294118
FBgn0032115	74	62	136	0.544117647058823
FBgn0032116	237	217	454	0.522026431718062
FBgn0032117	118	118	236	0.5
FBgn0032119	97	84	181	0.535911602209945
FBgn0032120	456	422	878	0.519362186788155
FBgn0032122	116	92	208	0.557692307692308
FBgn0032123	386	424	810	0.476543209876543
FBgn0032124	158	131	289	0.546712802768166
FBgn0032125	78	64	142	0.549295774647887
FBgn0032126	77	69	146	0.527397260273973
FBgn0032127	111	100	211	0.5260663507109
FBgn0032129	537	527	1064	0.504699248120301
FBgn0032130	246	197	443	0.55530474040632
FBgn0032131	171	163	334	0.511976047904192
FBgn0032132	131	137	268	0.488805970149254
FBgn0032135	206	179	385	0.535064935064935
FBgn0032136	947	897	1844	0.51355748373102
FBgn0032138	156	151	307	0.50814332247557
FBgn0032139	86	77	163	0.52760736196319
FBgn0032140	62	84	146	0.424657534246575
FBgn0032143	101	135	236	0.427966101694915
FBgn0032144	75	101	176	0.426136363636364
FBgn0032147	69	46	115	0.6
FBgn0032149	20	19	39	0.512820512820513
FBgn0032150	39	50	89	0.438202247191011
FBgn0032151	428	406	834	0.513189448441247
FBgn0032153	8	14	22	0.363636363636364
FBgn0032154	111	102	213	0.52112676056338
FBgn0032156	217	228	445	0.487640449438202
FBgn0032157	232	260	492	0.471544715447154
FBgn0032160	106	117	223	0.475336322869955
FBgn0032161	89	83	172	0.517441860465116
FBgn0032162	59	48	107	0.551401869158878
FBgn0032163	141	129	270	0.522222222222222
FBgn0032166	86	77	163	0.52760736196319
FBgn0032167	48	74	122	0.39344262295082
FBgn0032168	64	77	141	0.453900709219858
FBgn0032169	32	34	66	0.484848484848485
FBgn0032170	50	65	115	0.434782608695652
FBgn0032171	50	40	90	0.555555555555556
FBgn0032172	116	109	225	0.515555555555556
FBgn0032175	277	270	547	0.506398537477148
FBgn0032176	204	206	410	0.497560975609756
FBgn0032178	147	149	296	0.496621621621622
FBgn0032181	107	103	210	0.509523809523809
FBgn0032184	43	50	93	0.462365591397849
FBgn0032187	506	503	1009	0.501486620416254
FBgn0032188	72	71	143	0.503496503496504
FBgn0032189	138	127	265	0.520754716981132
FBgn0032191	102	82	184	0.554347826086957
FBgn0032192	147	121	268	0.548507462686567
FBgn0032193	87	67	154	0.564935064935065
FBgn0032194	130	136	266	0.488721804511278
FBgn0032195	121	133	254	0.476377952755905
FBgn0032196	106	135	241	0.439834024896266
FBgn0032197	132	138	270	0.488888888888889
FBgn0032198	69	65	134	0.514925373134328
FBgn0032200	44	42	86	0.511627906976744
FBgn0032202	68	75	143	0.475524475524476
FBgn0032204	148	147	295	0.501694915254237
FBgn0032205	69	72	141	0.48936170212766
FBgn0032208	475	453	928	0.511853448275862
FBgn0032209	109	93	202	0.53960396039604
FBgn0032210	175	163	338	0.517751479289941
FBgn0032211	157	123	280	0.560714285714286
FBgn0032213	92	102	194	0.474226804123711
FBgn0032214	57	66	123	0.463414634146341
FBgn0032216	133	139	272	0.488970588235294
FBgn0032217	207	170	377	0.549071618037135
FBgn0032218	223	237	460	0.484782608695652
FBgn0032219	109	133	242	0.450413223140496
FBgn0032221	151	151	302	0.5
FBgn0032222	81	85	166	0.487951807228916
FBgn0032223	145	151	296	0.489864864864865
FBgn0032224	139	127	266	0.522556390977444
FBgn0032225	165	195	360	0.458333333333333
FBgn0032228	152	138	290	0.524137931034483
FBgn0032229	48	81	129	0.372093023255814
FBgn0032230	85	69	154	0.551948051948052
FBgn0032231	73	59	132	0.553030303030303
FBgn0032233	162	157	319	0.507836990595611
FBgn0032234	122	125	247	0.493927125506073
FBgn0032235	112	88	200	0.56
FBgn0032236	62	71	133	0.466165413533835
FBgn0032240	0	0	0	NA
FBgn0032242	159	185	344	0.462209302325581
FBgn0032243	333	295	628	0.530254777070064
FBgn0032244	106	114	220	0.481818181818182
FBgn0032246	132	137	269	0.490706319702602
FBgn0032247	54	40	94	0.574468085106383
FBgn0032248	7	6	13	0.538461538461538
FBgn0032249	186	150	336	0.553571428571429
FBgn0032250	50	56	106	0.471698113207547
FBgn0032251	126	121	247	0.510121457489879
FBgn0032252	289	292	581	0.497418244406196
FBgn0032253	316	308	624	0.506410256410256
FBgn0032256	200	194	394	0.50761421319797
FBgn0032258	143	155	298	0.479865771812081
FBgn0032259	82	85	167	0.491017964071856
FBgn0032260	46	41	87	0.528735632183908
FBgn0032261	30	24	54	0.555555555555556
FBgn0032262	159	165	324	0.490740740740741
FBgn0032264	171	175	346	0.494219653179191
FBgn0032265	147	143	290	0.506896551724138
FBgn0032266	194	203	397	0.488664987405542
FBgn0032268	35	43	78	0.448717948717949
FBgn0032269	191	193	384	0.497395833333333
FBgn0032271	179	156	335	0.534328358208955
FBgn0032276	115	149	264	0.435606060606061
FBgn0032280	66	57	123	0.536585365853659
FBgn0032281	49	49	98	0.5
FBgn0032282	88	66	154	0.571428571428571
FBgn0032283	75	62	137	0.547445255474453
FBgn0032284	64	61	125	0.512
FBgn0032285	31	24	55	0.563636363636364
FBgn0032286	6	7	13	0.461538461538462
FBgn0032287	93	106	199	0.467336683417085
FBgn0032289	195	195	390	0.5
FBgn0032290	40	41	81	0.493827160493827
FBgn0032291	42	31	73	0.575342465753425
FBgn0032292	49	53	102	0.480392156862745
FBgn0032293	28	25	53	0.528301886792453
FBgn0032294	3	0	3	1
FBgn0032295	60	68	128	0.46875
FBgn0032296	129	118	247	0.522267206477733
FBgn0032297	222	206	428	0.518691588785047
FBgn0032298	62	67	129	0.48062015503876
FBgn0032299	45	51	96	0.46875
FBgn0032303	99	82	181	0.546961325966851
FBgn0032304	91	116	207	0.439613526570048
FBgn0032305	317	312	629	0.503974562798092
FBgn0032311	51	55	106	0.481132075471698
FBgn0032312	66	70	136	0.485294117647059
FBgn0032313	131	114	245	0.53469387755102
FBgn0032314	190	140	330	0.575757575757576
FBgn0032315	39	43	82	0.475609756097561
FBgn0032318	111	107	218	0.509174311926605
FBgn0032321	91	117	208	0.4375
FBgn0032322	56	51	107	0.523364485981308
FBgn0032329	3	1	4	0.75
FBgn0032330	369	356	725	0.508965517241379
FBgn0032331	169	160	329	0.513677811550152
FBgn0032335	2	5	7	0.285714285714286
FBgn0032336	74	70	144	0.513888888888889
FBgn0032337	117	86	203	0.576354679802956
FBgn0032338	220	198	418	0.526315789473684
FBgn0032339	224	236	460	0.48695652173913
FBgn0032341	208	225	433	0.480369515011547
FBgn0032343	112	103	215	0.52093023255814
FBgn0032345	71	68	139	0.510791366906475
FBgn0032346	41	56	97	0.422680412371134
FBgn0032348	331	288	619	0.534733441033926
FBgn0032350	160	138	298	0.536912751677852
FBgn0032354	92	80	172	0.534883720930233
FBgn0032358	28	36	64	0.4375
FBgn0032360	85	75	160	0.53125
FBgn0032361	172	154	326	0.52760736196319
FBgn0032362	154	139	293	0.525597269624573
FBgn0032363	390	414	804	0.485074626865672
FBgn0032364	160	180	340	0.470588235294118
FBgn0032365	11	15	26	0.423076923076923
FBgn0032366	0	0	0	NA
FBgn0032368	104	107	211	0.492890995260663
FBgn0032369	266	254	520	0.511538461538461
FBgn0032370	45	51	96	0.46875
FBgn0032371	192	164	356	0.539325842696629
FBgn0032372	105	99	204	0.514705882352941
FBgn0032373	153	168	321	0.476635514018692
FBgn0032374	47	33	80	0.5875
FBgn0032375	28	24	52	0.538461538461538
FBgn0032376	16	18	34	0.470588235294118
FBgn0032377	113	122	235	0.480851063829787
FBgn0032378	154	183	337	0.456973293768546
FBgn0032381	128	151	279	0.458781362007168
FBgn0032382	202	179	381	0.530183727034121
FBgn0032385	50	65	115	0.434782608695652
FBgn0032387	207	186	393	0.526717557251908
FBgn0032388	106	114	220	0.481818181818182
FBgn0032390	0	3	3	0
FBgn0032391	0	3	3	0
FBgn0032393	29	31	60	0.483333333333333
FBgn0032394	0	0	0	NA
FBgn0032395	230	259	489	0.470347648261759
FBgn0032397	84	59	143	0.587412587412587
FBgn0032398	71	96	167	0.425149700598802
FBgn0032399	218	252	470	0.463829787234043
FBgn0032400	12	8	20	0.6
FBgn0032401	92	89	181	0.50828729281768
FBgn0032402	102	121	223	0.457399103139013
FBgn0032404	0	0	0	NA
FBgn0032405	170	172	342	0.497076023391813
FBgn0032406	113	103	216	0.523148148148148
FBgn0032407	82	83	165	0.496969696969697
FBgn0032408	82	73	155	0.529032258064516
FBgn0032409	187	195	382	0.489528795811518
FBgn0032414	295	297	592	0.498310810810811
FBgn0032415	101	124	225	0.448888888888889
FBgn0032416	142	143	285	0.498245614035088
FBgn0032419	37	32	69	0.536231884057971
FBgn0032420	96	113	209	0.45933014354067
FBgn0032421	71	57	128	0.5546875
FBgn0032422	103	128	231	0.445887445887446
FBgn0032424	102	118	220	0.463636363636364
FBgn0032428	108	106	214	0.504672897196262
FBgn0032429	95	82	177	0.536723163841808
FBgn0032430	143	117	260	0.55
FBgn0032431	61	71	132	0.462121212121212
FBgn0032433	245	238	483	0.507246376811594
FBgn0032434	143	159	302	0.473509933774834
FBgn0032435	256	204	460	0.556521739130435
FBgn0032436	80	73	153	0.522875816993464
FBgn0032437	119	135	254	0.468503937007874
FBgn0032439	161	157	318	0.506289308176101
FBgn0032442	238	228	466	0.510729613733906
FBgn0032444	167	169	336	0.49702380952381
FBgn0032445	33	22	55	0.6
FBgn0032446	36	31	67	0.537313432835821
FBgn0032447	226	187	413	0.547215496368039
FBgn0032448	34	37	71	0.47887323943662
FBgn0032449	105	106	211	0.497630331753554
FBgn0032450	216	227	443	0.487584650112867
FBgn0032451	68	68	136	0.5
FBgn0032452	32	31	63	0.507936507936508
FBgn0032453	9	13	22	0.409090909090909
FBgn0032454	183	191	374	0.489304812834225
FBgn0032455	357	382	739	0.483085250338295
FBgn0032456	574	566	1140	0.503508771929825
FBgn0032457	114	129	243	0.469135802469136
FBgn0032462	17	28	45	0.377777777777778
FBgn0032464	99	100	199	0.49748743718593
FBgn0032465	92	88	180	0.511111111111111
FBgn0032467	36	49	85	0.423529411764706
FBgn0032470	132	126	258	0.511627906976744
FBgn0032471	309	348	657	0.470319634703196
FBgn0032472	45	50	95	0.473684210526316
FBgn0032473	127	119	246	0.516260162601626
FBgn0032474	48	56	104	0.461538461538462
FBgn0032475	210	211	421	0.498812351543943
FBgn0032476	37	36	73	0.506849315068493
FBgn0032477	57	55	112	0.508928571428571
FBgn0032478	5	11	16	0.3125
FBgn0032479	214	245	459	0.466230936819172
FBgn0032480	154	193	347	0.443804034582133
FBgn0032481	86	111	197	0.436548223350254
FBgn0032482	131	148	279	0.469534050179211
FBgn0032483	38	42	80	0.475
FBgn0032484	138	122	260	0.530769230769231
FBgn0032485	178	219	397	0.448362720403023
FBgn0032486	55	78	133	0.413533834586466
FBgn0032487	5	0	5	1
FBgn0032488	24	37	61	0.39344262295082
FBgn0032489	38	51	89	0.426966292134831
FBgn0032490	75	73	148	0.506756756756757
FBgn0032491	54	72	126	0.428571428571429
FBgn0032492	65	71	136	0.477941176470588
FBgn0032493	80	87	167	0.479041916167665
FBgn0032494	87	99	186	0.467741935483871
FBgn0032495	84	80	164	0.51219512195122
FBgn0032499	110	99	209	0.526315789473684
FBgn0032503	27	43	70	0.385714285714286
FBgn0032505	86	78	164	0.524390243902439
FBgn0032506	320	306	626	0.511182108626198
FBgn0032507	105	99	204	0.514705882352941
FBgn0032509	46	32	78	0.58974358974359
FBgn0032511	20	11	31	0.645161290322581
FBgn0032512	82	107	189	0.433862433862434
FBgn0032513	64	61	125	0.512
FBgn0032514	56	61	117	0.478632478632479
FBgn0032515	43	50	93	0.462365591397849
FBgn0032516	16	22	38	0.421052631578947
FBgn0032517	202	187	389	0.519280205655527
FBgn0032518	28	25	53	0.528301886792453
FBgn0032519	51	43	94	0.542553191489362
FBgn0032520	70	72	142	0.492957746478873
FBgn0032521	178	188	366	0.486338797814208
FBgn0032522	72	63	135	0.533333333333333
FBgn0032523	82	64	146	0.561643835616438
FBgn0032524	98	95	193	0.507772020725389
FBgn0032525	142	136	278	0.510791366906475
FBgn0032530	16	23	39	0.41025641025641
FBgn0032533	0	0	0	NA
FBgn0032535	182	182	364	0.5
FBgn0032536	345	324	669	0.515695067264574
FBgn0032538	62	94	156	0.397435897435897
FBgn0032549	90	106	196	0.459183673469388
FBgn0032551	106	123	229	0.462882096069869
FBgn0032553	133	119	252	0.527777777777778
FBgn0032554	90	113	203	0.443349753694581
FBgn0032563	11	9	20	0.55
FBgn0032577	23	42	65	0.353846153846154
FBgn0032582	39	33	72	0.541666666666667
FBgn0032585	97	125	222	0.436936936936937
FBgn0032586	262	229	491	0.533604887983707
FBgn0032587	236	250	486	0.48559670781893
FBgn0032588	54	62	116	0.46551724137931
FBgn0032590	213	201	414	0.514492753623188
FBgn0032593	312	338	650	0.48
FBgn0032595	0	0	0	NA
FBgn0032596	51	43	94	0.542553191489362
FBgn0032597	16	25	41	0.390243902439024
FBgn0032598	71	65	136	0.522058823529412
FBgn0032600	383	388	771	0.496757457846952
FBgn0032601	145	131	276	0.52536231884058
FBgn0032602	179	206	385	0.464935064935065
FBgn0032603	132	166	298	0.442953020134228
FBgn0032609	111	135	246	0.451219512195122
FBgn0032612	92	72	164	0.560975609756098
FBgn0032613	123	117	240	0.5125
FBgn0032614	199	222	421	0.472684085510689
FBgn0032615	85	83	168	0.505952380952381
FBgn0032618	0	0	0	NA
FBgn0032620	36	22	58	0.620689655172414
FBgn0032624	79	83	162	0.487654320987654
FBgn0032625	51	33	84	0.607142857142857
FBgn0032626	41	33	74	0.554054054054054
FBgn0032629	157	144	301	0.521594684385382
FBgn0032631	53	48	101	0.524752475247525
FBgn0032632	46	44	90	0.511111111111111
FBgn0032633	379	408	787	0.481575603557814
FBgn0032634	25	29	54	0.462962962962963
FBgn0032635	28	27	55	0.509090909090909
FBgn0032636	70	83	153	0.457516339869281
FBgn0032637	104	90	194	0.536082474226804
FBgn0032638	48	52	100	0.48
FBgn0032639	82	58	140	0.585714285714286
FBgn0032640	76	89	165	0.460606060606061
FBgn0032642	37	36	73	0.506849315068493
FBgn0032643	108	98	206	0.524271844660194
FBgn0032644	107	79	186	0.575268817204301
FBgn0032645	70	61	131	0.534351145038168
FBgn0032646	108	86	194	0.556701030927835
FBgn0032647	210	226	436	0.481651376146789
FBgn0032648	159	154	313	0.507987220447284
FBgn0032649	197	174	371	0.53099730458221
FBgn0032650	49	52	101	0.485148514851485
FBgn0032651	114	90	204	0.558823529411765
FBgn0032652	26	23	49	0.530612244897959
FBgn0032654	27	24	51	0.529411764705882
FBgn0032656	155	147	302	0.513245033112583
FBgn0032658	167	161	328	0.509146341463415
FBgn0032660	78	64	142	0.549295774647887
FBgn0032663	77	87	164	0.469512195121951
FBgn0032664	79	79	158	0.5
FBgn0032665	63	52	115	0.547826086956522
FBgn0032666	171	146	317	0.539432176656151
FBgn0032668	136	100	236	0.576271186440678
FBgn0032669	49	50	99	0.494949494949495
FBgn0032670	49	41	90	0.544444444444444
FBgn0032671	85	90	175	0.485714285714286
FBgn0032677	80	81	161	0.496894409937888
FBgn0032680	48	55	103	0.466019417475728
FBgn0032681	207	186	393	0.526717557251908
FBgn0032682	122	103	225	0.542222222222222
FBgn0032683	468	474	942	0.496815286624204
FBgn0032684	100	78	178	0.561797752808989
FBgn0032685	263	264	527	0.499051233396584
FBgn0032688	252	265	517	0.48742746615087
FBgn0032689	261	248	509	0.512770137524558
FBgn0032690	162	138	300	0.54
FBgn0032691	118	107	225	0.524444444444444
FBgn0032692	134	135	269	0.49814126394052
FBgn0032693	149	156	305	0.488524590163934
FBgn0032694	143	157	300	0.476666666666667
FBgn0032698	55	36	91	0.604395604395604
FBgn0032699	115	117	232	0.495689655172414
FBgn0032700	45	58	103	0.436893203883495
FBgn0032701	35	29	64	0.546875
FBgn0032702	135	120	255	0.529411764705882
FBgn0032703	26	43	69	0.376811594202899
FBgn0032704	84	67	151	0.556291390728477
FBgn0032705	59	61	120	0.491666666666667
FBgn0032706	125	129	254	0.492125984251969
FBgn0032707	118	139	257	0.459143968871595
FBgn0032709	9	15	24	0.375
FBgn0032713	166	165	331	0.501510574018127
FBgn0032715	71	100	171	0.415204678362573
FBgn0032717	198	206	404	0.49009900990099
FBgn0032719	101	97	198	0.51010101010101
FBgn0032720	19	14	33	0.575757575757576
FBgn0032721	109	98	207	0.526570048309179
FBgn0032723	304	364	668	0.455089820359281
FBgn0032724	66	45	111	0.594594594594595
FBgn0032725	48	49	97	0.494845360824742
FBgn0032726	66	42	108	0.611111111111111
FBgn0032727	87	88	175	0.497142857142857
FBgn0032728	122	107	229	0.532751091703057
FBgn0032729	104	90	194	0.536082474226804
FBgn0032730	89	89	178	0.5
FBgn0032731	47	49	96	0.489583333333333
FBgn0032732	20	15	35	0.571428571428571
FBgn0032733	87	86	173	0.502890173410405
FBgn0032734	92	88	180	0.511111111111111
FBgn0032740	25	23	48	0.520833333333333
FBgn0032741	59	64	123	0.479674796747967
FBgn0032744	56	70	126	0.444444444444444
FBgn0032746	36	32	68	0.529411764705882
FBgn0032748	175	158	333	0.525525525525526
FBgn0032749	148	131	279	0.530465949820789
FBgn0032750	32	60	92	0.347826086956522
FBgn0032751	0	0	0	NA
FBgn0032752	132	144	276	0.478260869565217
FBgn0032753	135	131	266	0.507518796992481
FBgn0032754	83	74	157	0.528662420382166
FBgn0032755	0	0	0	NA
FBgn0032763	109	140	249	0.437751004016064
FBgn0032768	112	101	213	0.525821596244131
FBgn0032769	91	93	184	0.494565217391304
FBgn0032770	46	54	100	0.46
FBgn0032771	130	123	253	0.513833992094862
FBgn0032772	74	75	149	0.496644295302013
FBgn0032773	210	181	391	0.537084398976982
FBgn0032774	105	106	211	0.497630331753554
FBgn0032775	232	255	487	0.476386036960986
FBgn0032779	181	142	323	0.560371517027864
FBgn0032780	65	75	140	0.464285714285714
FBgn0032781	112	103	215	0.52093023255814
FBgn0032782	99	117	216	0.458333333333333
FBgn0032783	138	161	299	0.461538461538462
FBgn0032785	151	179	330	0.457575757575758
FBgn0032787	111	108	219	0.506849315068493
FBgn0032788	91	114	205	0.44390243902439
FBgn0032789	72	58	130	0.553846153846154
FBgn0032790	45	41	86	0.523255813953488
FBgn0032791	43	56	99	0.434343434343434
FBgn0032793	3	8	11	0.272727272727273
FBgn0032796	138	125	263	0.524714828897338
FBgn0032797	284	286	570	0.498245614035088
FBgn0032798	207	223	430	0.481395348837209
FBgn0032799	26	23	49	0.530612244897959
FBgn0032800	114	119	233	0.489270386266094
FBgn0032801	102	105	207	0.492753623188406
FBgn0032803	40	31	71	0.563380281690141
FBgn0032804	52	55	107	0.485981308411215
FBgn0032805	38	40	78	0.487179487179487
FBgn0032809	78	89	167	0.467065868263473
FBgn0032810	59	77	136	0.433823529411765
FBgn0032811	27	29	56	0.482142857142857
FBgn0032812	72	85	157	0.45859872611465
FBgn0032813	74	75	149	0.496644295302013
FBgn0032814	119	110	229	0.519650655021834
FBgn0032815	213	162	375	0.568
FBgn0032816	40	54	94	0.425531914893617
FBgn0032817	593	551	1144	0.518356643356643
FBgn0032818	67	37	104	0.644230769230769
FBgn0032819	126	137	263	0.479087452471483
FBgn0032820	84	79	163	0.515337423312883
FBgn0032821	284	241	525	0.540952380952381
FBgn0032822	31	46	77	0.402597402597403
FBgn0032824	70	82	152	0.460526315789474
FBgn0032827	152	140	292	0.520547945205479
FBgn0032833	76	66	142	0.535211267605634
FBgn0032834	28	29	57	0.491228070175439
FBgn0032835	90	76	166	0.542168674698795
FBgn0032836	69	46	115	0.6
FBgn0032839	58	58	116	0.5
FBgn0032840	191	195	386	0.494818652849741
FBgn0032843	155	149	304	0.509868421052632
FBgn0032845	58	47	105	0.552380952380952
FBgn0032846	65	92	157	0.414012738853503
FBgn0032847	5	4	9	0.555555555555556
FBgn0032848	73	68	141	0.517730496453901
FBgn0032849	64	48	112	0.571428571428571
FBgn0032850	208	179	387	0.537467700258398
FBgn0032851	29	35	64	0.453125
FBgn0032853	102	89	191	0.534031413612565
FBgn0032856	147	141	288	0.510416666666667
FBgn0032857	138	122	260	0.530769230769231
FBgn0032858	77	67	144	0.534722222222222
FBgn0032859	76	65	141	0.539007092198582
FBgn0032860	78	67	145	0.537931034482759
FBgn0032863	99	83	182	0.543956043956044
FBgn0032864	101	86	187	0.540106951871658
FBgn0032867	80	80	160	0.5
FBgn0032868	19	22	41	0.463414634146341
FBgn0032869	58	51	109	0.532110091743119
FBgn0032870	25	38	63	0.396825396825397
FBgn0032871	8	7	15	0.533333333333333
FBgn0032873	83	73	156	0.532051282051282
FBgn0032876	124	126	250	0.496
FBgn0032877	45	40	85	0.529411764705882
FBgn0032878	69	81	150	0.46
FBgn0032879	129	128	257	0.501945525291829
FBgn0032880	57	54	111	0.513513513513513
FBgn0032881	39	53	92	0.423913043478261
FBgn0032882	64	80	144	0.444444444444444
FBgn0032883	125	102	227	0.550660792951542
FBgn0032884	47	53	100	0.47
FBgn0032886	104	119	223	0.466367713004484
FBgn0032888	67	74	141	0.475177304964539
FBgn0032889	191	141	332	0.575301204819277
FBgn0032891	112	98	210	0.533333333333333
FBgn0032894	67	50	117	0.572649572649573
FBgn0032895	89	72	161	0.552795031055901
FBgn0032896	47	58	105	0.447619047619048
FBgn0032897	93	97	190	0.489473684210526
FBgn0032898	74	71	145	0.510344827586207
FBgn0032899	52	62	114	0.456140350877193
FBgn0032900	55	48	103	0.533980582524272
FBgn0032901	61	56	117	0.521367521367521
FBgn0032906	97	91	188	0.515957446808511
FBgn0032907	54	78	132	0.409090909090909
FBgn0032908	167	170	337	0.495548961424332
FBgn0032910	157	140	297	0.528619528619529
FBgn0032911	98	96	194	0.505154639175258
FBgn0032913	59	67	126	0.468253968253968
FBgn0032914	2	5	7	0.285714285714286
FBgn0032916	0	0	0	NA
FBgn0032919	29	19	48	0.604166666666667
FBgn0032921	9	11	20	0.45
FBgn0032922	0	0	0	NA
FBgn0032923	20	26	46	0.434782608695652
FBgn0032924	20	20	40	0.5
FBgn0032925	15	14	29	0.517241379310345
FBgn0032929	92	88	180	0.511111111111111
FBgn0032934	63	40	103	0.611650485436893
FBgn0032935	71	76	147	0.482993197278912
FBgn0032938	138	129	267	0.51685393258427
FBgn0032940	241	205	446	0.540358744394619
FBgn0032943	87	91	178	0.48876404494382
FBgn0032945	98	113	211	0.464454976303318
FBgn0032946	210	223	433	0.484988452655889
FBgn0032949	26	40	66	0.393939393939394
FBgn0032955	177	183	360	0.491666666666667
FBgn0032956	123	94	217	0.566820276497696
FBgn0032957	195	197	392	0.497448979591837
FBgn0032961	69	69	138	0.5
FBgn0032964	25	46	71	0.352112676056338
FBgn0032965	64	48	112	0.571428571428571
FBgn0032966	32	51	83	0.385542168674699
FBgn0032967	34	25	59	0.576271186440678
FBgn0032968	46	62	108	0.425925925925926
FBgn0032969	234	247	481	0.486486486486487
FBgn0032971	36	32	68	0.529411764705882
FBgn0032972	19	11	30	0.633333333333333
FBgn0032973	56	46	102	0.549019607843137
FBgn0032974	66	70	136	0.485294117647059
FBgn0032979	73	64	137	0.532846715328467
FBgn0032981	35	28	63	0.555555555555556
FBgn0032986	273	315	588	0.464285714285714
FBgn0032987	15	18	33	0.454545454545455
FBgn0032988	38	42	80	0.475
FBgn0032997	45	52	97	0.463917525773196
FBgn0033000	42	54	96	0.4375
FBgn0033005	65	69	134	0.485074626865672
FBgn0033010	191	170	361	0.529085872576177
FBgn0033015	110	111	221	0.497737556561086
FBgn0033017	19	31	50	0.38
FBgn0033019	16	16	32	0.5
FBgn0033020	25	13	38	0.657894736842105
FBgn0033021	47	59	106	0.443396226415094
FBgn0033027	39	35	74	0.527027027027027
FBgn0033028	108	95	203	0.532019704433498
FBgn0033029	89	59	148	0.601351351351351
FBgn0033031	45	59	104	0.432692307692308
FBgn0033032	21	20	41	0.51219512195122
FBgn0033033	171	178	349	0.489971346704871
FBgn0033038	24	41	65	0.369230769230769
FBgn0033041	25	25	50	0.5
FBgn0033042	81	84	165	0.490909090909091
FBgn0033043	25	27	52	0.480769230769231
FBgn0033047	0	0	0	NA
FBgn0033048	75	81	156	0.480769230769231
FBgn0033050	43	42	85	0.505882352941176
FBgn0033051	94	97	191	0.492146596858639
FBgn0033052	116	131	247	0.469635627530364
FBgn0033054	81	87	168	0.482142857142857
FBgn0033055	28	47	75	0.373333333333333
FBgn0033056	106	136	242	0.43801652892562
FBgn0033058	84	85	169	0.497041420118343
FBgn0033060	37	30	67	0.552238805970149
FBgn0033061	62	55	117	0.52991452991453
FBgn0033062	121	141	262	0.461832061068702
FBgn0033063	50	49	99	0.505050505050505
FBgn0033065	78	101	179	0.435754189944134
FBgn0033067	63	49	112	0.5625
FBgn0033069	33	38	71	0.464788732394366
FBgn0033072	45	57	102	0.441176470588235
FBgn0033074	17	9	26	0.653846153846154
FBgn0033076	60	49	109	0.55045871559633
FBgn0033079	27	30	57	0.473684210526316
FBgn0033081	48	64	112	0.428571428571429
FBgn0033085	37	47	84	0.44047619047619
FBgn0033086	41	48	89	0.460674157303371
FBgn0033087	64	64	128	0.5
FBgn0033088	18	15	33	0.545454545454545
FBgn0033089	17	10	27	0.62962962962963
FBgn0033090	34	26	60	0.566666666666667
FBgn0033092	60	68	128	0.46875
FBgn0033093	25	17	42	0.595238095238095
FBgn0033095	0	0	0	NA
FBgn0033096	36	44	80	0.45
FBgn0033097	34	51	85	0.4
FBgn0033100	41	34	75	0.546666666666667
FBgn0033101	48	84	132	0.363636363636364
FBgn0033104	21	26	47	0.446808510638298
FBgn0033108	183	215	398	0.459798994974874
FBgn0033110	86	66	152	0.565789473684211
FBgn0033112	11	9	20	0.55
FBgn0033113	115	98	213	0.539906103286385
FBgn0033115	120	103	223	0.538116591928251
FBgn0033117	64	59	123	0.520325203252033
FBgn0033121	32	34	66	0.484848484848485
FBgn0033122	86	83	169	0.50887573964497
FBgn0033124	42	44	86	0.488372093023256
FBgn0033127	72	67	139	0.517985611510791
FBgn0033128	79	65	144	0.548611111111111
FBgn0033129	71	57	128	0.5546875
FBgn0033130	46	45	91	0.505494505494505
FBgn0033131	56	50	106	0.528301886792453
FBgn0033132	97	96	193	0.50259067357513
FBgn0033133	46	59	105	0.438095238095238
FBgn0033134	39	47	86	0.453488372093023
FBgn0033135	59	60	119	0.495798319327731
FBgn0033136	0	0	0	NA
FBgn0033137	44	40	84	0.523809523809524
FBgn0033138	43	45	88	0.488636363636364
FBgn0033139	97	105	202	0.48019801980198
FBgn0033140	53	36	89	0.595505617977528
FBgn0033141	182	154	336	0.541666666666667
FBgn0033145	15	20	35	0.428571428571429
FBgn0033149	57	47	104	0.548076923076923
FBgn0033153	27	34	61	0.442622950819672
FBgn0033154	87	90	177	0.491525423728814
FBgn0033155	186	184	370	0.502702702702703
FBgn0033158	78	93	171	0.456140350877193
FBgn0033159	1571	1597	3168	0.495896464646465
FBgn0033160	119	113	232	0.512931034482759
FBgn0033164	37	39	76	0.486842105263158
FBgn0033165	41	31	72	0.569444444444444
FBgn0033166	233	222	455	0.512087912087912
FBgn0033167	36	37	73	0.493150684931507
FBgn0033168	50	55	105	0.476190476190476
FBgn0033169	38	42	80	0.475
FBgn0033170	34	35	69	0.492753623188406
FBgn0033174	62	59	121	0.512396694214876
FBgn0033177	119	126	245	0.485714285714286
FBgn0033178	24	30	54	0.444444444444444
FBgn0033179	79	73	152	0.519736842105263
FBgn0033183	33	43	76	0.434210526315789
FBgn0033184	101	97	198	0.51010101010101
FBgn0033185	128	110	238	0.53781512605042
FBgn0033186	51	53	104	0.490384615384615
FBgn0033187	55	55	110	0.5
FBgn0033188	76	101	177	0.429378531073446
FBgn0033190	22	20	42	0.523809523809524
FBgn0033191	15	24	39	0.384615384615385
FBgn0033192	331	365	696	0.475574712643678
FBgn0033194	348	307	655	0.531297709923664
FBgn0033195	66	75	141	0.468085106382979
FBgn0033196	253	239	492	0.514227642276423
FBgn0033199	10	10	20	0.5
FBgn0033202	96	73	169	0.568047337278107
FBgn0033203	76	75	151	0.503311258278146
FBgn0033204	131	103	234	0.55982905982906
FBgn0033205	42	43	85	0.494117647058824
FBgn0033206	41	51	92	0.445652173913043
FBgn0033207	39	36	75	0.52
FBgn0033208	35	35	70	0.5
FBgn0033209	14	14	28	0.5
FBgn0033210	30	40	70	0.428571428571429
FBgn0033212	287	314	601	0.477537437603993
FBgn0033214	98	108	206	0.475728155339806
FBgn0033215	94	82	176	0.534090909090909
FBgn0033216	78	81	159	0.490566037735849
FBgn0033221	79	93	172	0.459302325581395
FBgn0033222	73	51	124	0.588709677419355
FBgn0033224	127	130	257	0.494163424124514
FBgn0033225	77	80	157	0.490445859872611
FBgn0033226	41	51	92	0.445652173913043
FBgn0033229	14	15	29	0.482758620689655
FBgn0033232	21	21	42	0.5
FBgn0033233	43	39	82	0.524390243902439
FBgn0033234	23	41	64	0.359375
FBgn0033235	36	38	74	0.486486486486487
FBgn0033236	175	179	354	0.494350282485876
FBgn0033238	3	3	6	0.5
FBgn0033240	111	105	216	0.513888888888889
FBgn0033241	17	8	25	0.68
FBgn0033243	11	10	21	0.523809523809524
FBgn0033244	109	130	239	0.456066945606695
FBgn0033246	350	364	714	0.490196078431373
FBgn0033247	27	35	62	0.435483870967742
FBgn0033248	36	40	76	0.473684210526316
FBgn0033249	84	78	162	0.518518518518518
FBgn0033250	237	214	451	0.52549889135255
FBgn0033252	121	146	267	0.453183520599251
FBgn0033257	77	70	147	0.523809523809524
FBgn0033258	44	52	96	0.458333333333333
FBgn0033259	68	50	118	0.576271186440678
FBgn0033260	78	95	173	0.450867052023121
FBgn0033261	54	66	120	0.45
FBgn0033264	27	30	57	0.473684210526316
FBgn0033265	50	50	100	0.5
FBgn0033266	0	0	0	NA
FBgn0033268	10	10	20	0.5
FBgn0033271	88	78	166	0.530120481927711
FBgn0033272	37	31	68	0.544117647058823
FBgn0033273	49	79	128	0.3828125
FBgn0033274	16	22	38	0.421052631578947
FBgn0033275	101	76	177	0.570621468926554
FBgn0033277	100	98	198	0.505050505050505
FBgn0033278	21	15	36	0.583333333333333
FBgn0033279	89	75	164	0.542682926829268
FBgn0033280	50	46	96	0.520833333333333
FBgn0033283	15	28	43	0.348837209302326
FBgn0033285	37	43	80	0.4625
FBgn0033286	32	21	53	0.60377358490566
FBgn0033287	58	65	123	0.471544715447154
FBgn0033289	145	155	300	0.483333333333333
FBgn0033292	156	161	317	0.49211356466877
FBgn0033294	32	36	68	0.470588235294118
FBgn0033296	113	132	245	0.461224489795918
FBgn0033297	31	38	69	0.449275362318841
FBgn0033301	8	11	19	0.421052631578947
FBgn0033302	81	64	145	0.558620689655172
FBgn0033303	103	82	185	0.556756756756757
FBgn0033304	57	56	113	0.504424778761062
FBgn0033307	79	96	175	0.451428571428571
FBgn0033308	77	71	148	0.52027027027027
FBgn0033309	121	102	223	0.542600896860987
FBgn0033312	44	59	103	0.427184466019417
FBgn0033313	367	367	734	0.5
FBgn0033315	63	55	118	0.533898305084746
FBgn0033316	88	66	154	0.571428571428571
FBgn0033317	45	61	106	0.424528301886792
FBgn0033320	131	133	264	0.496212121212121
FBgn0033321	52	42	94	0.553191489361702
FBgn0033322	24	24	48	0.5
FBgn0033323	75	80	155	0.483870967741935
FBgn0033324	141	152	293	0.48122866894198
FBgn0033326	113	108	221	0.51131221719457
FBgn0033327	76	95	171	0.444444444444444
FBgn0033330	78	55	133	0.586466165413534
FBgn0033337	86	82	168	0.511904761904762
FBgn0033339	102	107	209	0.488038277511962
FBgn0033340	0	0	0	NA
FBgn0033341	10	15	25	0.4
FBgn0033344	4	6	10	0.4
FBgn0033347	21	14	35	0.6
FBgn0033348	12	9	21	0.571428571428571
FBgn0033349	71	65	136	0.522058823529412
FBgn0033350	24	45	69	0.347826086956522
FBgn0033351	23	21	44	0.522727272727273
FBgn0033352	80	64	144	0.555555555555556
FBgn0033353	53	47	100	0.53
FBgn0033354	120	142	262	0.458015267175573
FBgn0033355	37	33	70	0.528571428571429
FBgn0033356	36	46	82	0.439024390243902
FBgn0033357	34	34	68	0.5
FBgn0033358	98	98	196	0.5
FBgn0033362	70	68	138	0.507246376811594
FBgn0033363	114	123	237	0.481012658227848
FBgn0033364	80	93	173	0.46242774566474
FBgn0033365	195	203	398	0.489949748743719
FBgn0033366	144	177	321	0.448598130841121
FBgn0033367	116	89	205	0.565853658536585
FBgn0033368	179	165	344	0.520348837209302
FBgn0033369	60	50	110	0.545454545454545
FBgn0033371	44	59	103	0.427184466019417
FBgn0033372	64	91	155	0.412903225806452
FBgn0033373	32	27	59	0.542372881355932
FBgn0033374	56	41	97	0.577319587628866
FBgn0033375	13	18	31	0.419354838709677
FBgn0033376	97	86	183	0.530054644808743
FBgn0033377	36	35	71	0.507042253521127
FBgn0033378	13	7	20	0.65
FBgn0033379	45	28	73	0.616438356164384
FBgn0033380	11	11	22	0.5
FBgn0033381	5	4	9	0.555555555555556
FBgn0033382	82	94	176	0.465909090909091
FBgn0033387	71	105	176	0.403409090909091
FBgn0033388	117	119	236	0.495762711864407
FBgn0033389	20	28	48	0.416666666666667
FBgn0033391	2	3	5	0.4
FBgn0033392	71	82	153	0.464052287581699
FBgn0033395	193	160	353	0.546742209631728
FBgn0033397	102	101	203	0.502463054187192
FBgn0033400	0	0	0	NA
FBgn0033401	19	36	55	0.345454545454545
FBgn0033402	169	176	345	0.489855072463768
FBgn0033403	90	106	196	0.459183673469388
FBgn0033404	116	113	229	0.506550218340611
FBgn0033405	90	91	181	0.497237569060773
FBgn0033408	39	42	81	0.481481481481481
FBgn0033412	133	135	268	0.496268656716418
FBgn0033413	78	98	176	0.443181818181818
FBgn0033421	250	260	510	0.490196078431373
FBgn0033422	0	0	0	NA
FBgn0033423	0	0	0	NA
FBgn0033426	10	9	19	0.526315789473684
FBgn0033427	169	167	336	0.50297619047619
FBgn0033428	36	41	77	0.467532467532468
FBgn0033429	18	23	41	0.439024390243902
FBgn0033431	55	60	115	0.478260869565217
FBgn0033434	89	112	201	0.442786069651741
FBgn0033437	29	31	60	0.483333333333333
FBgn0033438	209	199	408	0.512254901960784
FBgn0033439	67	63	130	0.515384615384615
FBgn0033440	0	0	0	NA
FBgn0033442	127	102	229	0.554585152838428
FBgn0033443	249	263	512	0.486328125
FBgn0033446	103	100	203	0.507389162561576
FBgn0033447	151	148	299	0.505016722408027
FBgn0033448	88	99	187	0.470588235294118
FBgn0033449	80	87	167	0.479041916167665
FBgn0033450	2	3	5	0.4
FBgn0033451	15	18	33	0.454545454545455
FBgn0033453	71	79	150	0.473333333333333
FBgn0033454	77	63	140	0.55
FBgn0033457	48	53	101	0.475247524752475
FBgn0033458	64	74	138	0.463768115942029
FBgn0033459	45	40	85	0.529411764705882
FBgn0033460	126	132	258	0.488372093023256
FBgn0033461	45	87	132	0.340909090909091
FBgn0033463	86	108	194	0.443298969072165
FBgn0033464	80	75	155	0.516129032258065
FBgn0033467	24	34	58	0.413793103448276
FBgn0033468	33	22	55	0.6
FBgn0033469	42	46	88	0.477272727272727
FBgn0033471	16	17	33	0.484848484848485
FBgn0033473	56	53	109	0.513761467889908
FBgn0033474	45	61	106	0.424528301886792
FBgn0033475	42	40	82	0.51219512195122
FBgn0033476	237	250	487	0.486652977412731
FBgn0033479	118	127	245	0.481632653061224
FBgn0033480	10	8	18	0.555555555555556
FBgn0033481	56	56	112	0.5
FBgn0033482	195	230	425	0.458823529411765
FBgn0033483	111	105	216	0.513888888888889
FBgn0033484	228	248	476	0.478991596638655
FBgn0033485	31	25	56	0.553571428571429
FBgn0033486	121	113	234	0.517094017094017
FBgn0033490	96	89	185	0.518918918918919
FBgn0033491	162	199	361	0.448753462603878
FBgn0033494	175	192	367	0.476839237057221
FBgn0033497	0	0	0	NA
FBgn0033498	70	72	142	0.492957746478873
FBgn0033499	58	61	119	0.487394957983193
FBgn0033500	173	164	337	0.513353115727003
FBgn0033501	128	89	217	0.589861751152074
FBgn0033502	169	167	336	0.50297619047619
FBgn0033504	1122	1090	2212	0.507233273056058
FBgn0033507	64	58	122	0.524590163934426
FBgn0033508	52	48	100	0.52
FBgn0033512	0	0	0	NA
FBgn0033515	206	228	434	0.474654377880184
FBgn0033516	45	50	95	0.473684210526316
FBgn0033518	32	25	57	0.56140350877193
FBgn0033519	73	68	141	0.517730496453901
FBgn0033520	37	52	89	0.415730337078652
FBgn0033521	61	28	89	0.685393258426966
FBgn0033523	51	54	105	0.485714285714286
FBgn0033524	306	309	615	0.497560975609756
FBgn0033526	148	118	266	0.556390977443609
FBgn0033527	24	37	61	0.39344262295082
FBgn0033528	56	39	95	0.589473684210526
FBgn0033529	80	72	152	0.526315789473684
FBgn0033538	304	299	603	0.504145936981758
FBgn0033539	227	241	468	0.485042735042735
FBgn0033540	204	208	412	0.495145631067961
FBgn0033541	59	58	117	0.504273504273504
FBgn0033542	139	122	261	0.532567049808429
FBgn0033543	117	97	214	0.546728971962617
FBgn0033544	199	196	395	0.50379746835443
FBgn0033547	66	50	116	0.568965517241379
FBgn0033548	3	14	17	0.176470588235294
FBgn0033549	60	39	99	0.606060606060606
FBgn0033550	36	46	82	0.439024390243902
FBgn0033551	125	104	229	0.54585152838428
FBgn0033554	12	8	20	0.6
FBgn0033555	31	23	54	0.574074074074074
FBgn0033556	16	31	47	0.340425531914894
FBgn0033557	137	133	270	0.507407407407407
FBgn0033558	175	172	347	0.504322766570605
FBgn0033564	187	190	377	0.496021220159151
FBgn0033566	34	52	86	0.395348837209302
FBgn0033569	66	68	134	0.492537313432836
FBgn0033570	1	2	3	0.333333333333333
FBgn0033571	46	65	111	0.414414414414414
FBgn0033572	145	135	280	0.517857142857143
FBgn0033573	70	54	124	0.564516129032258
FBgn0033574	243	249	492	0.49390243902439
FBgn0033578	216	187	403	0.535980148883375
FBgn0033579	292	264	556	0.525179856115108
FBgn0033580	69	64	133	0.518796992481203
FBgn0033581	129	110	239	0.539748953974895
FBgn0033582	108	112	220	0.490909090909091
FBgn0033584	181	175	356	0.508426966292135
FBgn0033587	19	23	42	0.452380952380952
FBgn0033588	50	49	99	0.505050505050505
FBgn0033589	63	62	125	0.504
FBgn0033590	26	28	54	0.481481481481481
FBgn0033591	66	49	115	0.573913043478261
FBgn0033592	79	60	139	0.568345323741007
FBgn0033593	49	55	104	0.471153846153846
FBgn0033594	79	71	150	0.526666666666667
FBgn0033597	74	87	161	0.459627329192547
FBgn0033598	47	66	113	0.415929203539823
FBgn0033599	149	143	292	0.51027397260274
FBgn0033600	80	59	139	0.575539568345324
FBgn0033601	46	42	88	0.522727272727273
FBgn0033602	85	103	188	0.452127659574468
FBgn0033603	263	240	503	0.52286282306163
FBgn0033605	16	8	24	0.666666666666667
FBgn0033607	36	56	92	0.391304347826087
FBgn0033608	19	16	35	0.542857142857143
FBgn0033609	149	160	309	0.482200647249191
FBgn0033610	28	27	55	0.509090909090909
FBgn0033614	0	0	0	NA
FBgn0033615	145	149	294	0.493197278911565
FBgn0033616	89	85	174	0.511494252873563
FBgn0033623	20	17	37	0.540540540540541
FBgn0033624	65	53	118	0.550847457627119
FBgn0033627	97	105	202	0.48019801980198
FBgn0033628	151	127	278	0.543165467625899
FBgn0033629	79	97	176	0.448863636363636
FBgn0033631	130	145	275	0.472727272727273
FBgn0033633	180	188	368	0.489130434782609
FBgn0033635	193	185	378	0.510582010582011
FBgn0033636	686	647	1333	0.514628657164291
FBgn0033638	432	423	855	0.505263157894737
FBgn0033639	234	222	456	0.513157894736842
FBgn0033640	52	64	116	0.448275862068966
FBgn0033644	89	84	173	0.514450867052023
FBgn0033645	170	171	341	0.498533724340176
FBgn0033648	147	126	273	0.538461538461538
FBgn0033649	166	147	313	0.530351437699681
FBgn0033650	44	64	108	0.407407407407407
FBgn0033651	128	145	273	0.468864468864469
FBgn0033652	458	376	834	0.54916067146283
FBgn0033653	64	80	144	0.444444444444444
FBgn0033654	232	203	435	0.533333333333333
FBgn0033656	100	113	213	0.469483568075117
FBgn0033657	106	115	221	0.479638009049774
FBgn0033658	32	29	61	0.524590163934426
FBgn0033659	88	84	172	0.511627906976744
FBgn0033661	844	846	1690	0.499408284023669
FBgn0033663	89	87	176	0.505681818181818
FBgn0033665	77	84	161	0.478260869565217
FBgn0033667	170	170	340	0.5
FBgn0033668	208	213	421	0.494061757719715
FBgn0033669	28	26	54	0.518518518518518
FBgn0033672	50	49	99	0.505050505050505
FBgn0033673	131	114	245	0.53469387755102
FBgn0033677	28	41	69	0.405797101449275
FBgn0033679	183	167	350	0.522857142857143
FBgn0033680	49	50	99	0.494949494949495
FBgn0033683	37	51	88	0.420454545454545
FBgn0033685	50	29	79	0.632911392405063
FBgn0033686	61	51	112	0.544642857142857
FBgn0033687	36	45	81	0.444444444444444
FBgn0033688	265	293	558	0.474910394265233
FBgn0033690	2	1	3	0.666666666666667
FBgn0033691	0	0	0	NA
FBgn0033692	0	0	0	NA
FBgn0033693	0	0	0	NA
FBgn0033696	43	22	65	0.661538461538462
FBgn0033697	78	64	142	0.549295774647887
FBgn0033698	269	294	563	0.477797513321492
FBgn0033699	48	44	92	0.521739130434783
FBgn0033701	11	19	30	0.366666666666667
FBgn0033702	237	240	477	0.49685534591195
FBgn0033703	42	41	83	0.506024096385542
FBgn0033705	75	70	145	0.517241379310345
FBgn0033706	86	97	183	0.469945355191257
FBgn0033708	50	53	103	0.485436893203884
FBgn0033710	191	172	363	0.526170798898072
FBgn0033712	93	90	183	0.508196721311475
FBgn0033713	164	155	319	0.5141065830721
FBgn0033715	11	18	29	0.379310344827586
FBgn0033716	39	37	76	0.513157894736842
FBgn0033717	181	152	333	0.543543543543544
FBgn0033720	146	123	269	0.54275092936803
FBgn0033721	20	12	32	0.625
FBgn0033723	55	38	93	0.591397849462366
FBgn0033724	54	50	104	0.519230769230769
FBgn0033725	114	113	227	0.502202643171806
FBgn0033726	69	82	151	0.456953642384106
FBgn0033727	37	51	88	0.420454545454545
FBgn0033728	96	86	182	0.527472527472527
FBgn0033729	58	71	129	0.449612403100775
FBgn0033730	49	39	88	0.556818181818182
FBgn0033731	40	35	75	0.533333333333333
FBgn0033732	168	175	343	0.489795918367347
FBgn0033733	73	74	147	0.496598639455782
FBgn0033734	136	113	249	0.546184738955823
FBgn0033735	77	74	151	0.509933774834437
FBgn0033736	54	52	106	0.509433962264151
FBgn0033737	61	68	129	0.472868217054264
FBgn0033738	148	163	311	0.47588424437299
FBgn0033739	274	264	538	0.509293680297398
FBgn0033740	104	91	195	0.533333333333333
FBgn0033741	104	101	205	0.507317073170732
FBgn0033742	110	108	218	0.504587155963303
FBgn0033744	214	186	400	0.535
FBgn0033748	107	120	227	0.47136563876652
FBgn0033749	153	142	295	0.51864406779661
FBgn0033750	68	72	140	0.485714285714286
FBgn0033751	26	24	50	0.52
FBgn0033752	136	115	251	0.541832669322709
FBgn0033753	136	155	291	0.467353951890034
FBgn0033754	44	38	82	0.536585365853659
FBgn0033755	82	95	177	0.463276836158192
FBgn0033756	164	165	329	0.498480243161094
FBgn0033757	159	190	349	0.455587392550143
FBgn0033760	159	144	303	0.524752475247525
FBgn0033761	86	80	166	0.518072289156627
FBgn0033762	139	140	279	0.498207885304659
FBgn0033763	189	161	350	0.54
FBgn0033766	309	325	634	0.487381703470032
FBgn0033767	94	110	204	0.46078431372549
FBgn0033769	104	139	243	0.42798353909465
FBgn0033770	58	64	122	0.475409836065574
FBgn0033773	52	57	109	0.477064220183486
FBgn0033774	146	127	273	0.534798534798535
FBgn0033775	135	133	268	0.503731343283582
FBgn0033777	211	145	356	0.592696629213483
FBgn0033778	0	0	0	NA
FBgn0033781	16	9	25	0.64
FBgn0033782	79	81	160	0.49375
FBgn0033783	150	154	304	0.493421052631579
FBgn0033784	63	61	124	0.508064516129032
FBgn0033785	122	138	260	0.469230769230769
FBgn0033787	191	190	381	0.501312335958005
FBgn0033788	128	131	259	0.494208494208494
FBgn0033789	52	50	102	0.509803921568627
FBgn0033791	404	415	819	0.493284493284493
FBgn0033792	389	333	722	0.538781163434903
FBgn0033793	52	70	122	0.426229508196721
FBgn0033794	58	55	113	0.513274336283186
FBgn0033798	13	7	20	0.65
FBgn0033799	123	129	252	0.488095238095238
FBgn0033802	7	7	14	0.5
FBgn0033806	118	134	252	0.468253968253968
FBgn0033807	135	141	276	0.489130434782609
FBgn0033808	76	61	137	0.554744525547445
FBgn0033809	209	206	415	0.503614457831325
FBgn0033810	59	80	139	0.424460431654676
FBgn0033812	52	60	112	0.464285714285714
FBgn0033813	51	74	125	0.408
FBgn0033814	146	129	275	0.530909090909091
FBgn0033815	81	80	161	0.503105590062112
FBgn0033816	101	99	200	0.505
FBgn0033817	122	122	244	0.5
FBgn0033818	137	123	260	0.526923076923077
FBgn0033819	164	148	312	0.525641025641026
FBgn0033820	53	54	107	0.495327102803738
FBgn0033821	23	32	55	0.418181818181818
FBgn0033826	119	118	237	0.50210970464135
FBgn0033827	208	209	417	0.498800959232614
FBgn0033828	47	55	102	0.46078431372549
FBgn0033830	107	138	245	0.436734693877551
FBgn0033834	146	134	280	0.521428571428571
FBgn0033836	0	0	0	NA
FBgn0033842	113	104	217	0.52073732718894
FBgn0033844	220	232	452	0.486725663716814
FBgn0033845	185	188	373	0.49597855227882
FBgn0033846	199	211	410	0.485365853658537
FBgn0033848	0	0	0	NA
FBgn0033850	126	102	228	0.552631578947368
FBgn0033851	84	95	179	0.46927374301676
FBgn0033853	250	249	499	0.501002004008016
FBgn0033855	111	98	209	0.5311004784689
FBgn0033856	187	180	367	0.509536784741144
FBgn0033859	186	218	404	0.46039603960396
FBgn0033860	100	108	208	0.480769230769231
FBgn0033861	61	56	117	0.521367521367521
FBgn0033862	129	142	271	0.476014760147601
FBgn0033863	170	194	364	0.467032967032967
FBgn0033864	321	313	634	0.506309148264984
FBgn0033865	103	81	184	0.559782608695652
FBgn0033866	321	335	656	0.489329268292683
FBgn0033867	269	303	572	0.47027972027972
FBgn0033868	99	109	208	0.475961538461538
FBgn0033869	135	117	252	0.535714285714286
FBgn0033871	59	63	122	0.483606557377049
FBgn0033872	170	191	361	0.470914127423823
FBgn0033873	96	85	181	0.530386740331492
FBgn0033874	103	103	206	0.5
FBgn0033875	121	122	243	0.497942386831276
FBgn0033876	150	152	302	0.496688741721854
FBgn0033879	86	91	177	0.485875706214689
FBgn0033880	6	8	14	0.428571428571429
FBgn0033883	61	84	145	0.420689655172414
FBgn0033884	137	143	280	0.489285714285714
FBgn0033885	35	56	91	0.384615384615385
FBgn0033886	105	102	207	0.507246376811594
FBgn0033887	71	71	142	0.5
FBgn0033888	73	49	122	0.598360655737705
FBgn0033889	254	212	466	0.545064377682403
FBgn0033890	126	122	248	0.508064516129032
FBgn0033891	78	86	164	0.475609756097561
FBgn0033893	14	16	30	0.466666666666667
FBgn0033897	193	211	404	0.477722772277228
FBgn0033899	36	34	70	0.514285714285714
FBgn0033900	29	25	54	0.537037037037037
FBgn0033901	15	22	37	0.405405405405405
FBgn0033902	71	77	148	0.47972972972973
FBgn0033903	60	53	113	0.530973451327434
FBgn0033904	36	41	77	0.467532467532468
FBgn0033905	0	0	0	NA
FBgn0033906	92	103	195	0.471794871794872
FBgn0033907	23	21	44	0.522727272727273
FBgn0033911	58	61	119	0.487394957983193
FBgn0033912	76	71	147	0.517006802721088
FBgn0033913	176	163	339	0.519174041297935
FBgn0033915	132	120	252	0.523809523809524
FBgn0033916	124	123	247	0.502024291497976
FBgn0033917	90	81	171	0.526315789473684
FBgn0033918	52	50	102	0.509803921568627
FBgn0033919	207	184	391	0.529411764705882
FBgn0033921	132	124	256	0.515625
FBgn0033924	182	187	369	0.493224932249323
FBgn0033925	47	55	102	0.46078431372549
FBgn0033926	70	103	173	0.404624277456647
FBgn0033927	5	8	13	0.384615384615385
FBgn0033928	53	56	109	0.486238532110092
FBgn0033929	49	57	106	0.462264150943396
FBgn0033931	56	48	104	0.538461538461538
FBgn0033932	250	236	486	0.51440329218107
FBgn0033933	112	99	211	0.530805687203792
FBgn0033934	126	137	263	0.479087452471483
FBgn0033935	113	92	205	0.551219512195122
FBgn0033936	232	235	467	0.49678800856531
FBgn0033942	9	8	17	0.529411764705882
FBgn0033943	229	254	483	0.474120082815735
FBgn0033945	53	44	97	0.54639175257732
FBgn0033948	114	109	223	0.511210762331839
FBgn0033949	87	77	164	0.530487804878049
FBgn0033950	51	56	107	0.476635514018692
FBgn0033951	73	49	122	0.598360655737705
FBgn0033952	121	131	252	0.48015873015873
FBgn0033953	75	71	146	0.513698630136986
FBgn0033954	30	48	78	0.384615384615385
FBgn0033955	110	105	215	0.511627906976744
FBgn0033958	285	342	627	0.454545454545455
FBgn0033960	154	151	305	0.504918032786885
FBgn0033961	11	20	31	0.354838709677419
FBgn0033963	93	87	180	0.516666666666667
FBgn0033968	100	99	199	0.50251256281407
FBgn0033969	175	147	322	0.543478260869565
FBgn0033970	55	58	113	0.486725663716814
FBgn0033971	140	144	284	0.492957746478873
FBgn0033972	84	65	149	0.563758389261745
FBgn0033973	66	84	150	0.44
FBgn0033978	105	100	205	0.51219512195122
FBgn0033979	99	88	187	0.529411764705882
FBgn0033980	67	71	138	0.485507246376812
FBgn0033981	120	85	205	0.585365853658537
FBgn0033982	131	134	265	0.494339622641509
FBgn0033983	209	243	452	0.462389380530973
FBgn0033984	318	296	614	0.517915309446254
FBgn0033985	124	108	232	0.53448275862069
FBgn0033987	367	337	704	0.521306818181818
FBgn0033988	140	147	287	0.48780487804878
FBgn0033989	121	125	246	0.491869918699187
FBgn0033990	79	57	136	0.580882352941177
FBgn0033993	126	134	260	0.484615384615385
FBgn0033994	126	106	232	0.543103448275862
FBgn0033995	161	144	305	0.527868852459016
FBgn0033996	93	105	198	0.46969696969697
FBgn0033997	61	70	131	0.465648854961832
FBgn0033998	169	180	349	0.484240687679083
FBgn0033999	66	65	131	0.50381679389313
FBgn0034000	50	35	85	0.588235294117647
FBgn0034001	34	39	73	0.465753424657534
FBgn0034002	161	162	323	0.498452012383901
FBgn0034005	156	177	333	0.468468468468468
FBgn0034007	99	108	207	0.478260869565217
FBgn0034008	86	111	197	0.436548223350254
FBgn0034009	101	105	206	0.490291262135922
FBgn0034010	36	44	80	0.45
FBgn0034011	48	49	97	0.494845360824742
FBgn0034012	198	218	416	0.475961538461538
FBgn0034013	289	260	549	0.526411657559198
FBgn0034021	59	96	155	0.380645161290323
FBgn0034022	281	311	592	0.474662162162162
FBgn0034023	137	147	284	0.482394366197183
FBgn0034025	222	193	415	0.534939759036145
FBgn0034027	35	43	78	0.448717948717949
FBgn0034029	53	64	117	0.452991452991453
FBgn0034030	87	123	210	0.414285714285714
FBgn0034031	370	386	756	0.489417989417989
FBgn0034032	132	158	290	0.455172413793103
FBgn0034033	54	65	119	0.453781512605042
FBgn0034035	7	3	10	0.7
FBgn0034045	268	233	501	0.534930139720559
FBgn0034046	242	245	487	0.496919917864476
FBgn0034047	67	67	134	0.5
FBgn0034049	364	355	719	0.506258692628651
FBgn0034050	54	55	109	0.495412844036697
FBgn0034051	129	164	293	0.440273037542662
FBgn0034052	71	49	120	0.591666666666667
FBgn0034053	110	87	197	0.558375634517767
FBgn0034054	30	51	81	0.37037037037037
FBgn0034057	106	104	210	0.504761904761905
FBgn0034058	39	49	88	0.443181818181818
FBgn0034059	21	32	53	0.39622641509434
FBgn0034060	257	239	496	0.518145161290323
FBgn0034061	42	33	75	0.56
FBgn0034062	133	132	265	0.50188679245283
FBgn0034063	127	118	245	0.518367346938776
FBgn0034065	2	1	3	0.666666666666667
FBgn0034066	73	67	140	0.521428571428571
FBgn0034067	169	158	327	0.516819571865443
FBgn0034068	103	133	236	0.436440677966102
FBgn0034069	83	78	161	0.515527950310559
FBgn0034070	452	429	881	0.51305334846765
FBgn0034071	288	298	586	0.491467576791809
FBgn0034072	532	541	1073	0.495806150978565
FBgn0034073	220	212	432	0.509259259259259
FBgn0034075	293	307	600	0.488333333333333
FBgn0034076	125	133	258	0.484496124031008
FBgn0034081	87	92	179	0.486033519553073
FBgn0034082	123	143	266	0.462406015037594
FBgn0034083	423	447	870	0.486206896551724
FBgn0034084	78	94	172	0.453488372093023
FBgn0034085	412	424	836	0.492822966507177
FBgn0034086	91	86	177	0.514124293785311
FBgn0034087	309	306	615	0.502439024390244
FBgn0034091	253	271	524	0.482824427480916
FBgn0034092	7	7	14	0.5
FBgn0034093	189	171	360	0.525
FBgn0034094	177	153	330	0.536363636363636
FBgn0034095	243	237	480	0.50625
FBgn0034096	57	66	123	0.463414634146341
FBgn0034097	56	47	103	0.543689320388349
FBgn0034098	111	112	223	0.497757847533632
FBgn0034099	63	81	144	0.4375
FBgn0034103	58	52	110	0.527272727272727
FBgn0034104	48	55	103	0.466019417475728
FBgn0034105	88	106	194	0.45360824742268
FBgn0034106	272	251	523	0.520076481835564
FBgn0034109	67	78	145	0.462068965517241
FBgn0034110	106	132	238	0.445378151260504
FBgn0034113	252	241	493	0.511156186612576
FBgn0034114	129	153	282	0.457446808510638
FBgn0034117	161	176	337	0.477744807121662
FBgn0034118	83	81	164	0.50609756097561
FBgn0034120	43	37	80	0.5375
FBgn0034121	188	188	376	0.5
FBgn0034122	149	149	298	0.5
FBgn0034126	80	97	177	0.451977401129944
FBgn0034127	83	86	169	0.49112426035503
FBgn0034128	97	85	182	0.532967032967033
FBgn0034129	91	108	199	0.457286432160804
FBgn0034131	69	72	141	0.48936170212766
FBgn0034132	174	153	327	0.532110091743119
FBgn0034135	254	272	526	0.482889733840304
FBgn0034136	297	287	584	0.508561643835616
FBgn0034137	162	198	360	0.45
FBgn0034138	65	61	126	0.515873015873016
FBgn0034139	129	125	254	0.507874015748031
FBgn0034140	113	100	213	0.530516431924883
FBgn0034141	195	188	383	0.509138381201044
FBgn0034142	219	188	407	0.538083538083538
FBgn0034143	172	207	379	0.453825857519789
FBgn0034144	107	109	216	0.49537037037037
FBgn0034145	366	322	688	0.531976744186046
FBgn0034151	125	113	238	0.525210084033613
FBgn0034152	65	84	149	0.436241610738255
FBgn0034153	47	83	130	0.361538461538462
FBgn0034154	55	48	103	0.533980582524272
FBgn0034156	112	102	214	0.523364485981308
FBgn0034157	181	160	341	0.530791788856305
FBgn0034158	276	265	541	0.510166358595194
FBgn0034159	135	117	252	0.535714285714286
FBgn0034160	96	75	171	0.56140350877193
FBgn0034162	85	79	164	0.518292682926829
FBgn0034165	45	44	89	0.50561797752809
FBgn0034166	148	134	282	0.524822695035461
FBgn0034168	44	41	85	0.517647058823529
FBgn0034172	73	74	147	0.496598639455782
FBgn0034173	26	22	48	0.541666666666667
FBgn0034175	46	35	81	0.567901234567901
FBgn0034176	41	46	87	0.471264367816092
FBgn0034177	73	98	171	0.426900584795322
FBgn0034179	117	128	245	0.477551020408163
FBgn0034180	295	308	603	0.48922056384743
FBgn0034181	112	119	231	0.484848484848485
FBgn0034182	51	51	102	0.5
FBgn0034183	54	73	127	0.425196850393701
FBgn0034184	161	152	313	0.514376996805112
FBgn0034186	138	95	233	0.592274678111588
FBgn0034187	127	125	252	0.503968253968254
FBgn0034191	65	48	113	0.575221238938053
FBgn0034194	131	144	275	0.476363636363636
FBgn0034195	0	0	0	NA
FBgn0034196	12	17	29	0.413793103448276
FBgn0034197	111	121	232	0.478448275862069
FBgn0034198	88	80	168	0.523809523809524
FBgn0034199	25	27	52	0.480769230769231
FBgn0034200	150	125	275	0.545454545454545
FBgn0034201	124	100	224	0.553571428571429
FBgn0034202	50	46	96	0.520833333333333
FBgn0034204	70	67	137	0.510948905109489
FBgn0034205	113	131	244	0.463114754098361
FBgn0034206	64	42	106	0.60377358490566
FBgn0034210	170	135	305	0.557377049180328
FBgn0034214	51	36	87	0.586206896551724
FBgn0034215	67	72	139	0.482014388489209
FBgn0034217	24	18	42	0.571428571428571
FBgn0034218	118	91	209	0.564593301435407
FBgn0034219	144	142	286	0.503496503496504
FBgn0034221	152	146	298	0.51006711409396
FBgn0034223	172	209	381	0.451443569553806
FBgn0034224	46	70	116	0.396551724137931
FBgn0034225	0	0	0	NA
FBgn0034229	131	139	270	0.485185185185185
FBgn0034230	179	170	349	0.512893982808023
FBgn0034231	6	7	13	0.461538461538462
FBgn0034232	42	40	82	0.51219512195122
FBgn0034237	185	203	388	0.47680412371134
FBgn0034240	313	286	599	0.522537562604341
FBgn0034242	0	0	0	NA
FBgn0034243	78	116	194	0.402061855670103
FBgn0034245	0	0	0	NA
FBgn0034246	195	190	385	0.506493506493506
FBgn0034247	46	53	99	0.464646464646465
FBgn0034248	12	7	19	0.631578947368421
FBgn0034249	117	124	241	0.485477178423237
FBgn0034251	147	149	296	0.496621621621622
FBgn0034253	373	346	719	0.518776077885953
FBgn0034255	18	25	43	0.418604651162791
FBgn0034258	103	137	240	0.429166666666667
FBgn0034259	70	92	162	0.432098765432099
FBgn0034261	243	232	475	0.511578947368421
FBgn0034262	151	147	298	0.506711409395973
FBgn0034263	37	27	64	0.578125
FBgn0034264	74	70	144	0.513888888888889
FBgn0034265	116	131	247	0.469635627530364
FBgn0034266	3	2	5	0.6
FBgn0034267	25	30	55	0.454545454545455
FBgn0034269	148	159	307	0.482084690553746
FBgn0034270	65	67	132	0.492424242424242
FBgn0034271	102	136	238	0.428571428571429
FBgn0034272	95	59	154	0.616883116883117
FBgn0034274	63	57	120	0.525
FBgn0034275	244	205	449	0.543429844097996
FBgn0034276	165	137	302	0.54635761589404
FBgn0034277	82	67	149	0.550335570469799
FBgn0034278	30	41	71	0.422535211267606
FBgn0034279	139	138	277	0.501805054151625
FBgn0034281	17	16	33	0.515151515151515
FBgn0034282	109	123	232	0.469827586206897
FBgn0034283	55	59	114	0.482456140350877
FBgn0034284	55	50	105	0.523809523809524
FBgn0034286	167	185	352	0.474431818181818
FBgn0034288	118	109	227	0.519823788546256
FBgn0034289	75	82	157	0.477707006369427
FBgn0034290	82	91	173	0.473988439306358
FBgn0034291	39	63	102	0.382352941176471
FBgn0034292	79	75	154	0.512987012987013
FBgn0034293	74	65	139	0.532374100719424
FBgn0034294	124	109	233	0.532188841201717
FBgn0034295	111	117	228	0.486842105263158
FBgn0034296	61	74	135	0.451851851851852
FBgn0034299	47	42	89	0.528089887640449
FBgn0034300	281	264	545	0.515596330275229
FBgn0034301	252	225	477	0.528301886792453
FBgn0034304	127	155	282	0.450354609929078
FBgn0034307	118	87	205	0.575609756097561
FBgn0034308	124	151	275	0.450909090909091
FBgn0034310	94	99	193	0.487046632124352
FBgn0034312	44	38	82	0.536585365853659
FBgn0034313	153	170	323	0.473684210526316
FBgn0034314	76	63	139	0.546762589928058
FBgn0034315	29	19	48	0.604166666666667
FBgn0034317	28	36	64	0.4375
FBgn0034318	62	67	129	0.48062015503876
FBgn0034321	183	149	332	0.551204819277108
FBgn0034322	74	75	149	0.496644295302013
FBgn0034323	72	66	138	0.521739130434783
FBgn0034324	68	42	110	0.618181818181818
FBgn0034325	59	55	114	0.517543859649123
FBgn0034326	50	58	108	0.462962962962963
FBgn0034327	57	42	99	0.575757575757576
FBgn0034328	51	57	108	0.472222222222222
FBgn0034329	52	60	112	0.464285714285714
FBgn0034330	24	19	43	0.558139534883721
FBgn0034331	48	74	122	0.39344262295082
FBgn0034335	70	57	127	0.551181102362205
FBgn0034345	165	163	328	0.503048780487805
FBgn0034346	186	194	380	0.489473684210526
FBgn0034350	0	0	0	NA
FBgn0034351	63	61	124	0.508064516129032
FBgn0034352	104	90	194	0.536082474226804
FBgn0034354	84	71	155	0.541935483870968
FBgn0034356	177	177	354	0.5
FBgn0034360	56	62	118	0.474576271186441
FBgn0034361	50	53	103	0.485436893203884
FBgn0034362	42	49	91	0.461538461538462
FBgn0034363	42	41	83	0.506024096385542
FBgn0034364	39	36	75	0.52
FBgn0034365	83	81	164	0.50609756097561
FBgn0034366	206	204	410	0.502439024390244
FBgn0034368	106	119	225	0.471111111111111
FBgn0034371	143	147	290	0.493103448275862
FBgn0034372	0	0	0	NA
FBgn0034377	63	78	141	0.446808510638298
FBgn0034379	152	109	261	0.582375478927203
FBgn0034380	170	158	328	0.518292682926829
FBgn0034381	134	155	289	0.463667820069204
FBgn0034382	65	75	140	0.464285714285714
FBgn0034383	96	91	187	0.513368983957219
FBgn0034387	164	149	313	0.523961661341853
FBgn0034389	405	385	790	0.512658227848101
FBgn0034390	0	0	0	NA
FBgn0034391	359	395	754	0.476127320954907
FBgn0034392	132	120	252	0.523809523809524
FBgn0034394	163	166	329	0.495440729483283
FBgn0034396	220	241	461	0.477223427331887
FBgn0034397	131	134	265	0.494339622641509
FBgn0034398	35	35	70	0.5
FBgn0034399	47	42	89	0.528089887640449
FBgn0034400	369	368	737	0.50067842605156
FBgn0034401	147	171	318	0.462264150943396
FBgn0034402	32	43	75	0.426666666666667
FBgn0034403	68	71	139	0.489208633093525
FBgn0034405	159	147	306	0.519607843137255
FBgn0034406	105	135	240	0.4375
FBgn0034407	11	35	46	0.239130434782609
FBgn0034408	399	361	760	0.525
FBgn0034411	29	25	54	0.537037037037037
FBgn0034413	68	88	156	0.435897435897436
FBgn0034415	64	66	130	0.492307692307692
FBgn0034416	113	102	215	0.525581395348837
FBgn0034417	244	221	465	0.524731182795699
FBgn0034418	181	207	388	0.466494845360825
FBgn0034419	160	130	290	0.551724137931034
FBgn0034420	527	564	1091	0.483043079743355
FBgn0034422	75	68	143	0.524475524475524
FBgn0034423	89	78	167	0.532934131736527
FBgn0034425	180	167	347	0.518731988472622
FBgn0034426	26	48	74	0.351351351351351
FBgn0034427	81	88	169	0.479289940828402
FBgn0034428	136	99	235	0.578723404255319
FBgn0034429	51	41	92	0.554347826086957
FBgn0034430	73	60	133	0.548872180451128
FBgn0034432	121	137	258	0.468992248062016
FBgn0034433	121	123	244	0.495901639344262
FBgn0034435	233	241	474	0.491561181434599
FBgn0034436	366	380	746	0.490616621983914
FBgn0034437	242	189	431	0.561484918793503
FBgn0034438	248	265	513	0.483430799220273
FBgn0034439	278	281	559	0.497316636851521
FBgn0034440	290	270	560	0.517857142857143
FBgn0034441	275	257	532	0.516917293233083
FBgn0034442	117	118	235	0.497872340425532
FBgn0034443	22	27	49	0.448979591836735
FBgn0034446	49	44	93	0.526881720430108
FBgn0034447	133	165	298	0.446308724832215
FBgn0034451	73	82	155	0.470967741935484
FBgn0034452	315	299	614	0.513029315960912
FBgn0034454	72	61	133	0.541353383458647
FBgn0034455	98	119	217	0.451612903225806
FBgn0034456	104	110	214	0.485981308411215
FBgn0034457	130	145	275	0.472727272727273
FBgn0034458	155	150	305	0.508196721311475
FBgn0034459	176	132	308	0.571428571428571
FBgn0034460	36	43	79	0.455696202531646
FBgn0034461	70	53	123	0.569105691056911
FBgn0034462	106	121	227	0.466960352422908
FBgn0034463	84	78	162	0.518518518518518
FBgn0034464	117	112	229	0.510917030567686
FBgn0034467	164	159	323	0.507739938080495
FBgn0034468	75	84	159	0.471698113207547
FBgn0034470	127	88	215	0.590697674418605
FBgn0034471	0	0	0	NA
FBgn0034472	33	45	78	0.423076923076923
FBgn0034473	38	54	92	0.41304347826087
FBgn0034474	67	54	121	0.553719008264463
FBgn0034475	64	71	135	0.474074074074074
FBgn0034476	315	339	654	0.481651376146789
FBgn0034477	124	141	265	0.467924528301887
FBgn0034478	48	54	102	0.470588235294118
FBgn0034479	180	196	376	0.478723404255319
FBgn0034480	49	39	88	0.556818181818182
FBgn0034481	73	72	145	0.503448275862069
FBgn0034483	39	63	102	0.382352941176471
FBgn0034484	137	133	270	0.507407407407407
FBgn0034485	130	129	259	0.501930501930502
FBgn0034486	15	17	32	0.46875
FBgn0034487	150	141	291	0.515463917525773
FBgn0034488	129	139	268	0.48134328358209
FBgn0034489	174	143	317	0.548895899053628
FBgn0034490	155	169	324	0.478395061728395
FBgn0034491	129	123	252	0.511904761904762
FBgn0034493	362	332	694	0.521613832853026
FBgn0034494	165	172	337	0.489614243323442
FBgn0034495	75	71	146	0.513698630136986
FBgn0034496	188	157	345	0.544927536231884
FBgn0034497	106	125	231	0.458874458874459
FBgn0034498	379	345	724	0.523480662983425
FBgn0034499	81	91	172	0.47093023255814
FBgn0034500	173	171	344	0.502906976744186
FBgn0034501	215	204	419	0.513126491646778
FBgn0034502	117	112	229	0.510917030567686
FBgn0034503	44	42	86	0.511627906976744
FBgn0034504	92	87	179	0.513966480446927
FBgn0034505	44	59	103	0.427184466019417
FBgn0034506	90	78	168	0.535714285714286
FBgn0034507	74	80	154	0.480519480519481
FBgn0034509	34	63	97	0.350515463917526
FBgn0034510	62	50	112	0.553571428571429
FBgn0034511	23	49	72	0.319444444444444
FBgn0034512	120	110	230	0.521739130434783
FBgn0034513	145	144	289	0.501730103806228
FBgn0034514	23	23	46	0.5
FBgn0034515	120	84	204	0.588235294117647
FBgn0034517	0	0	0	NA
FBgn0034518	0	0	0	NA
FBgn0034519	0	0	0	NA
FBgn0034520	130	115	245	0.530612244897959
FBgn0034521	110	106	216	0.509259259259259
FBgn0034523	39	48	87	0.448275862068966
FBgn0034527	61	53	114	0.535087719298246
FBgn0034528	69	60	129	0.534883720930233
FBgn0034529	250	256	506	0.494071146245059
FBgn0034530	232	210	442	0.524886877828054
FBgn0034532	110	99	209	0.526315789473684
FBgn0034534	27	26	53	0.509433962264151
FBgn0034535	34	37	71	0.47887323943662
FBgn0034537	96	76	172	0.558139534883721
FBgn0034538	133	137	270	0.492592592592593
FBgn0034539	63	57	120	0.525
FBgn0034540	273	270	543	0.502762430939227
FBgn0034541	50	45	95	0.526315789473684
FBgn0034542	100	123	223	0.448430493273543
FBgn0034543	103	110	213	0.483568075117371
FBgn0034545	77	76	153	0.503267973856209
FBgn0034546	159	171	330	0.481818181818182
FBgn0034548	75	77	152	0.493421052631579
FBgn0034551	28	35	63	0.444444444444444
FBgn0034552	184	196	380	0.484210526315789
FBgn0034553	173	154	327	0.529051987767584
FBgn0034554	138	133	271	0.509225092250922
FBgn0034558	117	127	244	0.479508196721311
FBgn0034560	73	66	139	0.525179856115108
FBgn0034563	84	100	184	0.456521739130435
FBgn0034564	45	29	74	0.608108108108108
FBgn0034565	62	67	129	0.48062015503876
FBgn0034566	176	181	357	0.492997198879552
FBgn0034567	152	131	283	0.537102473498233
FBgn0034568	304	301	605	0.502479338842975
FBgn0034569	188	180	368	0.510869565217391
FBgn0034570	208	161	369	0.563685636856369
FBgn0034572	127	93	220	0.577272727272727
FBgn0034573	74	82	156	0.474358974358974
FBgn0034576	63	71	134	0.470149253731343
FBgn0034577	87	115	202	0.430693069306931
FBgn0034578	7	9	16	0.4375
FBgn0034579	58	67	125	0.464
FBgn0034580	103	133	236	0.436440677966102
FBgn0034582	22	31	53	0.415094339622642
FBgn0034583	41	43	84	0.488095238095238
FBgn0034585	92	80	172	0.534883720930233
FBgn0034588	145	158	303	0.478547854785479
FBgn0034590	360	373	733	0.491132332878581
FBgn0034592	43	43	86	0.5
FBgn0034595	17	21	38	0.447368421052632
FBgn0034598	242	275	517	0.468085106382979
FBgn0034599	42	26	68	0.617647058823529
FBgn0034601	78	61	139	0.561151079136691
FBgn0034602	174	150	324	0.537037037037037
FBgn0034605	192	211	403	0.476426799007444
FBgn0034606	347	350	697	0.497847919655667
FBgn0034611	93	102	195	0.476923076923077
FBgn0034612	145	147	292	0.496575342465753
FBgn0034614	0	0	0	NA
FBgn0034617	0	0	0	NA
FBgn0034618	167	174	341	0.489736070381232
FBgn0034622	188	202	390	0.482051282051282
FBgn0034623	82	96	178	0.460674157303371
FBgn0034624	76	80	156	0.487179487179487
FBgn0034626	49	60	109	0.44954128440367
FBgn0034627	139	138	277	0.501805054151625
FBgn0034628	161	159	320	0.503125
FBgn0034629	211	184	395	0.534177215189873
FBgn0034631	111	111	222	0.5
FBgn0034634	91	81	172	0.529069767441861
FBgn0034636	133	137	270	0.492592592592593
FBgn0034638	80	81	161	0.496894409937888
FBgn0034639	73	77	150	0.486666666666667
FBgn0034641	267	252	519	0.514450867052023
FBgn0034642	2	2	4	0.5
FBgn0034643	102	137	239	0.426778242677824
FBgn0034644	171	190	361	0.473684210526316
FBgn0034645	23	48	71	0.323943661971831
FBgn0034646	82	50	132	0.621212121212121
FBgn0034647	162	110	272	0.595588235294118
FBgn0034649	0	0	0	NA
FBgn0034650	38	27	65	0.584615384615385
FBgn0034651	64	78	142	0.450704225352113
FBgn0034654	36	52	88	0.409090909090909
FBgn0034655	101	89	190	0.531578947368421
FBgn0034657	191	196	387	0.493540051679587
FBgn0034658	41	45	86	0.476744186046512
FBgn0034659	106	129	235	0.451063829787234
FBgn0034660	174	179	353	0.492917847025496
FBgn0034661	92	79	171	0.538011695906433
FBgn0034662	453	422	875	0.517714285714286
FBgn0034663	49	67	116	0.422413793103448
FBgn0034664	85	91	176	0.482954545454545
FBgn0034665	97	83	180	0.538888888888889
FBgn0034666	26	28	54	0.481481481481481
FBgn0034667	140	155	295	0.474576271186441
FBgn0034670	118	113	231	0.510822510822511
FBgn0034671	51	40	91	0.56043956043956
FBgn0034674	156	159	315	0.495238095238095
FBgn0034681	58	61	119	0.487394957983193
FBgn0034683	135	126	261	0.517241379310345
FBgn0034684	135	149	284	0.475352112676056
FBgn0034687	74	74	148	0.5
FBgn0034688	134	131	265	0.505660377358491
FBgn0034689	113	121	234	0.482905982905983
FBgn0034691	291	334	625	0.4656
FBgn0034692	164	180	344	0.476744186046512
FBgn0034693	164	163	327	0.501529051987768
FBgn0034694	200	191	391	0.51150895140665
FBgn0034697	137	158	295	0.464406779661017
FBgn0034700	4	1	5	0.8
FBgn0034703	121	124	245	0.493877551020408
FBgn0034704	27	39	66	0.409090909090909
FBgn0034705	116	102	218	0.532110091743119
FBgn0034706	153	136	289	0.529411764705882
FBgn0034707	167	131	298	0.560402684563758
FBgn0034708	186	170	356	0.52247191011236
FBgn0034709	122	123	245	0.497959183673469
FBgn0034710	130	144	274	0.474452554744526
FBgn0034712	161	196	357	0.450980392156863
FBgn0034713	90	99	189	0.476190476190476
FBgn0034715	196	186	382	0.513089005235602
FBgn0034716	262	282	544	0.481617647058824
FBgn0034717	256	247	503	0.508946322067594
FBgn0034718	271	251	522	0.519157088122605
FBgn0034720	450	481	931	0.483351235230934
FBgn0034721	61	56	117	0.521367521367521
FBgn0034722	109	119	228	0.478070175438596
FBgn0034723	180	199	379	0.474934036939314
FBgn0034724	117	75	192	0.609375
FBgn0034725	118	128	246	0.479674796747967
FBgn0034726	44	73	117	0.376068376068376
FBgn0034727	51	55	106	0.481132075471698
FBgn0034728	210	215	425	0.494117647058824
FBgn0034729	53	58	111	0.477477477477477
FBgn0034730	119	133	252	0.472222222222222
FBgn0034731	246	217	463	0.531317494600432
FBgn0034733	341	302	643	0.530326594090202
FBgn0034734	573	556	1129	0.507528786536758
FBgn0034735	122	120	242	0.504132231404959
FBgn0034736	150	123	273	0.549450549450549
FBgn0034737	58	63	121	0.479338842975207
FBgn0034739	89	68	157	0.56687898089172
FBgn0034740	119	129	248	0.479838709677419
FBgn0034741	70	68	138	0.507246376811594
FBgn0034742	129	132	261	0.494252873563218
FBgn0034743	25	48	73	0.342465753424658
FBgn0034744	17	20	37	0.459459459459459
FBgn0034745	180	168	348	0.517241379310345
FBgn0034748	49	45	94	0.521276595744681
FBgn0034750	55	48	103	0.533980582524272
FBgn0034753	58	41	99	0.585858585858586
FBgn0034755	35	33	68	0.514705882352941
FBgn0034756	32	34	66	0.484848484848485
FBgn0034758	0	0	0	NA
FBgn0034759	0	0	0	NA
FBgn0034761	52	43	95	0.547368421052632
FBgn0034763	92	69	161	0.571428571428571
FBgn0034766	50	34	84	0.595238095238095
FBgn0034768	69	83	152	0.453947368421053
FBgn0034769	84	90	174	0.482758620689655
FBgn0034770	85	82	167	0.508982035928144
FBgn0034774	42	39	81	0.518518518518518
FBgn0034776	92	69	161	0.571428571428571
FBgn0034782	157	153	310	0.506451612903226
FBgn0034783	145	147	292	0.496575342465753
FBgn0034784	135	130	265	0.509433962264151
FBgn0034785	109	149	258	0.422480620155039
FBgn0034786	361	373	734	0.491825613079019
FBgn0034788	153	152	305	0.501639344262295
FBgn0034789	264	245	509	0.518664047151277
FBgn0034791	9	21	30	0.3
FBgn0034792	95	109	204	0.465686274509804
FBgn0034793	52	44	96	0.541666666666667
FBgn0034795	361	358	719	0.502086230876217
FBgn0034796	81	77	158	0.512658227848101
FBgn0034797	231	186	417	0.553956834532374
FBgn0034800	39	63	102	0.382352941176471
FBgn0034802	7	10	17	0.411764705882353
FBgn0034803	1	9	10	0.1
FBgn0034804	0	0	0	NA
FBgn0034807	0	0	0	NA
FBgn0034808	195	180	375	0.52
FBgn0034814	62	62	124	0.5
FBgn0034816	149	120	269	0.553903345724907
FBgn0034817	131	110	241	0.54356846473029
FBgn0034819	47	46	93	0.505376344086022
FBgn0034820	94	85	179	0.525139664804469
FBgn0034821	154	137	291	0.529209621993127
FBgn0034822	14	35	49	0.285714285714286
FBgn0034824	94	85	179	0.525139664804469
FBgn0034825	50	43	93	0.537634408602151
FBgn0034826	46	81	127	0.362204724409449
FBgn0034827	74	67	141	0.524822695035461
FBgn0034828	40	53	93	0.43010752688172
FBgn0034829	233	245	478	0.48744769874477
FBgn0034833	100	104	204	0.490196078431373
FBgn0034834	25	57	82	0.304878048780488
FBgn0034835	74	64	138	0.536231884057971
FBgn0034837	57	54	111	0.513513513513513
FBgn0034838	78	73	151	0.516556291390728
FBgn0034839	50	43	93	0.537634408602151
FBgn0034840	102	93	195	0.523076923076923
FBgn0034841	72	74	146	0.493150684931507
FBgn0034842	103	106	209	0.492822966507177
FBgn0034844	164	158	322	0.509316770186335
FBgn0034846	29	31	60	0.483333333333333
FBgn0034849	33	44	77	0.428571428571429
FBgn0034850	19	24	43	0.441860465116279
FBgn0034853	244	236	480	0.508333333333333
FBgn0034854	242	226	468	0.517094017094017
FBgn0034856	32	38	70	0.457142857142857
FBgn0034858	35	35	70	0.5
FBgn0034859	306	289	595	0.514285714285714
FBgn0034860	171	185	356	0.480337078651685
FBgn0034861	142	147	289	0.491349480968858
FBgn0034863	69	71	140	0.492857142857143
FBgn0034865	125	140	265	0.471698113207547
FBgn0034866	91	95	186	0.489247311827957
FBgn0034867	75	77	152	0.493421052631579
FBgn0034869	102	79	181	0.56353591160221
FBgn0034870	90	68	158	0.569620253164557
FBgn0034871	64	50	114	0.56140350877193
FBgn0034876	62	78	140	0.442857142857143
FBgn0034877	34	30	64	0.53125
FBgn0034878	132	123	255	0.517647058823529
FBgn0034879	42	54	96	0.4375
FBgn0034880	182	177	359	0.506963788300836
FBgn0034882	74	51	125	0.592
FBgn0034883	146	142	288	0.506944444444444
FBgn0034884	87	55	142	0.612676056338028
FBgn0034885	192	191	383	0.501305483028721
FBgn0034887	102	83	185	0.551351351351351
FBgn0034893	40	34	74	0.540540540540541
FBgn0034894	92	83	175	0.525714285714286
FBgn0034897	67	70	137	0.489051094890511
FBgn0034898	67	52	119	0.563025210084034
FBgn0034899	81	76	157	0.515923566878981
FBgn0034900	7	17	24	0.291666666666667
FBgn0034901	33	36	69	0.478260869565217
FBgn0034902	54	47	101	0.534653465346535
FBgn0034903	442	492	934	0.473233404710921
FBgn0034904	59	62	121	0.487603305785124
FBgn0034906	41	32	73	0.561643835616438
FBgn0034907	55	45	100	0.55
FBgn0034908	114	97	211	0.540284360189573
FBgn0034909	76	73	149	0.51006711409396
FBgn0034910	116	98	214	0.542056074766355
FBgn0034911	383	359	742	0.516172506738544
FBgn0034913	66	68	134	0.492537313432836
FBgn0034914	79	74	153	0.516339869281046
FBgn0034915	74	74	148	0.5
FBgn0034918	51	43	94	0.542553191489362
FBgn0034919	29	39	68	0.426470588235294
FBgn0034920	77	59	136	0.566176470588235
FBgn0034921	7	13	20	0.35
FBgn0034923	122	108	230	0.530434782608696
FBgn0034924	49	53	102	0.480392156862745
FBgn0034925	35	33	68	0.514705882352941
FBgn0034928	83	86	169	0.49112426035503
FBgn0034931	0	0	0	NA
FBgn0034933	185	156	341	0.542521994134897
FBgn0034935	95	97	192	0.494791666666667
FBgn0034936	73	91	164	0.445121951219512
FBgn0034937	54	45	99	0.545454545454545
FBgn0034938	67	74	141	0.475177304964539
FBgn0034939	93	105	198	0.46969696969697
FBgn0034940	62	66	128	0.484375
FBgn0034942	47	45	92	0.510869565217391
FBgn0034943	134	141	275	0.487272727272727
FBgn0034945	20	15	35	0.571428571428571
FBgn0034946	76	69	145	0.524137931034483
FBgn0034948	109	111	220	0.495454545454545
FBgn0034950	86	118	204	0.42156862745098
FBgn0034951	119	114	233	0.510729613733906
FBgn0034956	157	174	331	0.474320241691843
FBgn0034957	154	129	283	0.54416961130742
FBgn0034958	105	99	204	0.514705882352941
FBgn0034959	42	41	83	0.506024096385542
FBgn0034961	26	29	55	0.472727272727273
FBgn0034962	112	126	238	0.470588235294118
FBgn0034963	76	82	158	0.481012658227848
FBgn0034964	306	319	625	0.4896
FBgn0034965	114	127	241	0.473029045643154
FBgn0034966	117	119	236	0.495762711864407
FBgn0034968	50	51	101	0.495049504950495
FBgn0034970	55	54	109	0.504587155963303
FBgn0034971	136	127	263	0.517110266159696
FBgn0034972	120	130	250	0.48
FBgn0034973	49	51	100	0.49
FBgn0034974	195	180	375	0.52
FBgn0034975	397	402	799	0.496871088861076
FBgn0034976	323	335	658	0.490881458966565
FBgn0034978	166	202	368	0.451086956521739
FBgn0034982	151	136	287	0.526132404181185
FBgn0034985	357	327	684	0.521929824561403
FBgn0034986	22	26	48	0.458333333333333
FBgn0034988	60	72	132	0.454545454545455
FBgn0034989	62	63	125	0.496
FBgn0034990	176	189	365	0.482191780821918
FBgn0034994	93	118	211	0.440758293838863
FBgn0034996	89	96	185	0.481081081081081
FBgn0034997	157	144	301	0.521594684385382
FBgn0034998	91	81	172	0.529069767441861
FBgn0034999	167	181	348	0.479885057471264
FBgn0035000	31	39	70	0.442857142857143
FBgn0035001	289	314	603	0.479270315091211
FBgn0035003	68	75	143	0.475524475524476
FBgn0035004	46	52	98	0.469387755102041
FBgn0035005	62	63	125	0.496
FBgn0035006	105	85	190	0.552631578947368
FBgn0035007	47	52	99	0.474747474747475
FBgn0035008	41	45	86	0.476744186046512
FBgn0035009	65	47	112	0.580357142857143
FBgn0035010	215	201	416	0.516826923076923
FBgn0035011	55	58	113	0.486725663716814
FBgn0035012	49	48	97	0.505154639175258
FBgn0035014	50	43	93	0.537634408602151
FBgn0035016	87	94	181	0.480662983425414
FBgn0035019	97	80	177	0.548022598870056
FBgn0035020	94	95	189	0.497354497354497
FBgn0035021	131	135	266	0.492481203007519
FBgn0035022	12	10	22	0.545454545454545
FBgn0035023	153	145	298	0.513422818791946
FBgn0035024	79	69	148	0.533783783783784
FBgn0035025	28	34	62	0.451612903225806
FBgn0035026	88	74	162	0.54320987654321
FBgn0035027	89	96	185	0.481081081081081
FBgn0035028	88	125	213	0.413145539906103
FBgn0035031	68	56	124	0.548387096774194
FBgn0035032	37	27	64	0.578125
FBgn0035033	62	72	134	0.462686567164179
FBgn0035034	15	18	33	0.454545454545455
FBgn0035035	19	15	34	0.558823529411765
FBgn0035036	57	36	93	0.612903225806452
FBgn0035039	62	72	134	0.462686567164179
FBgn0035040	62	77	139	0.446043165467626
FBgn0035041	181	167	348	0.520114942528736
FBgn0035042	30	43	73	0.410958904109589
FBgn0035043	62	61	123	0.504065040650406
FBgn0035044	24	18	42	0.571428571428571
FBgn0035046	13	25	38	0.342105263157895
FBgn0035047	40	40	80	0.5
FBgn0035049	157	185	342	0.45906432748538
FBgn0035050	34	22	56	0.607142857142857
FBgn0035056	49	39	88	0.556818181818182
FBgn0035057	4	6	10	0.4
FBgn0035059	14	19	33	0.424242424242424
FBgn0035060	67	80	147	0.45578231292517
FBgn0035063	10	7	17	0.588235294117647
FBgn0035064	15	13	28	0.535714285714286
FBgn0035065	24	24	48	0.5
FBgn0035068	26	32	58	0.448275862068966
FBgn0035069	36	40	76	0.473684210526316
FBgn0035070	39	54	93	0.419354838709677
FBgn0035073	98	80	178	0.550561797752809
FBgn0035076	41	40	81	0.506172839506173
FBgn0035077	0	0	0	NA
FBgn0035078	38	36	74	0.513513513513513
FBgn0035082	5	2	7	0.714285714285714
FBgn0035083	23	18	41	0.560975609756098
FBgn0035084	22	22	44	0.5
FBgn0035085	9	3	12	0.75
FBgn0035086	48	37	85	0.564705882352941
FBgn0035087	43	38	81	0.530864197530864
FBgn0035088	17	10	27	0.62962962962963
FBgn0035089	0	0	0	NA
FBgn0035090	11	13	24	0.458333333333333
FBgn0035091	43	32	75	0.573333333333333
FBgn0035092	22	23	45	0.488888888888889
FBgn0035094	236	267	503	0.469184890656064
FBgn0035097	12	19	31	0.387096774193548
FBgn0035099	29	24	53	0.547169811320755
FBgn0035101	16	14	30	0.533333333333333
FBgn0035102	0	0	0	NA
FBgn0035103	7	11	18	0.388888888888889
FBgn0035104	27	24	51	0.529411764705882
FBgn0035106	74	75	149	0.496644295302013
FBgn0035107	0	0	0	NA
FBgn0035109	15	24	39	0.384615384615385
FBgn0035110	1	0	1	1
FBgn0035111	15	9	24	0.625
FBgn0035112	0	0	0	NA
FBgn0035113	17	10	27	0.62962962962963
FBgn0035120	25	15	40	0.625
FBgn0035121	38	27	65	0.584615384615385
FBgn0035122	18	26	44	0.409090909090909
FBgn0035124	68	60	128	0.53125
FBgn0035131	109	89	198	0.55050505050505
FBgn0035132	116	114	230	0.504347826086956
FBgn0035134	18	18	36	0.5
FBgn0035137	37	38	75	0.493333333333333
FBgn0035138	34	42	76	0.447368421052632
FBgn0035139	17	13	30	0.566666666666667
FBgn0035140	53	46	99	0.535353535353535
FBgn0035141	33	42	75	0.44
FBgn0035142	558	595	1153	0.483954900260191
FBgn0035143	102	96	198	0.515151515151515
FBgn0035144	133	127	260	0.511538461538461
FBgn0035145	265	302	567	0.467372134038801
FBgn0035146	49	59	108	0.453703703703704
FBgn0035147	142	160	302	0.470198675496689
FBgn0035148	62	84	146	0.424657534246575
FBgn0035149	41	35	76	0.539473684210526
FBgn0035150	176	175	351	0.501424501424501
FBgn0035151	167	116	283	0.590106007067138
FBgn0035152	102	101	203	0.502463054187192
FBgn0035153	140	114	254	0.551181102362205
FBgn0035154	148	164	312	0.474358974358974
FBgn0035155	45	57	102	0.441176470588235
FBgn0035157	163	166	329	0.495440729483283
FBgn0035158	134	130	264	0.507575757575758
FBgn0035159	59	76	135	0.437037037037037
FBgn0035160	111	128	239	0.464435146443515
FBgn0035161	36	48	84	0.428571428571429
FBgn0035162	97	83	180	0.538888888888889
FBgn0035164	41	60	101	0.405940594059406
FBgn0035165	72	104	176	0.409090909090909
FBgn0035166	101	104	205	0.492682926829268
FBgn0035167	175	149	324	0.540123456790123
FBgn0035168	438	446	884	0.495475113122172
FBgn0035169	90	87	177	0.508474576271186
FBgn0035170	228	194	422	0.540284360189573
FBgn0035171	279	269	548	0.509124087591241
FBgn0035173	237	266	503	0.47117296222664
FBgn0035176	120	95	215	0.558139534883721
FBgn0035179	128	96	224	0.571428571428571
FBgn0035181	87	71	158	0.550632911392405
FBgn0035186	0	0	0	NA
FBgn0035187	52	37	89	0.584269662921348
FBgn0035189	68	83	151	0.450331125827815
FBgn0035192	43	28	71	0.605633802816901
FBgn0035193	18	18	36	0.5
FBgn0035194	40	42	82	0.48780487804878
FBgn0035196	54	56	110	0.490909090909091
FBgn0035197	0	0	0	NA
FBgn0035198	1	0	1	1
FBgn0035199	191	186	377	0.506631299734748
FBgn0035203	0	0	0	NA
FBgn0035204	0	0	0	NA
FBgn0035205	0	0	0	NA
FBgn0035206	0	0	0	NA
FBgn0035207	0	0	0	NA
FBgn0035208	72	70	142	0.507042253521127
FBgn0035209	14	5	19	0.736842105263158
FBgn0035210	39	46	85	0.458823529411765
FBgn0035211	92	122	214	0.429906542056075
FBgn0035213	139	164	303	0.458745874587459
FBgn0035216	186	191	377	0.493368700265252
FBgn0035217	148	125	273	0.542124542124542
FBgn0035218	153	159	312	0.490384615384615
FBgn0035227	408	402	810	0.503703703703704
FBgn0035228	84	98	182	0.461538461538462
FBgn0035229	385	399	784	0.491071428571429
FBgn0035231	118	110	228	0.517543859649123
FBgn0035232	147	150	297	0.494949494949495
FBgn0035233	53	42	95	0.557894736842105
FBgn0035234	111	119	230	0.482608695652174
FBgn0035235	219	202	421	0.520190023752969
FBgn0035236	317	311	628	0.504777070063694
FBgn0035237	458	476	934	0.490364025695931
FBgn0035238	75	62	137	0.547445255474453
FBgn0035239	0	0	0	NA
FBgn0035240	0	0	0	NA
FBgn0035241	296	278	574	0.515679442508711
FBgn0035243	0	0	0	NA
FBgn0035244	175	169	344	0.508720930232558
FBgn0035245	127	176	303	0.419141914191419
FBgn0035246	24	18	42	0.571428571428571
FBgn0035247	14	15	29	0.482758620689655
FBgn0035248	2	13	15	0.133333333333333
FBgn0035249	18	16	34	0.529411764705882
FBgn0035251	0	0	0	NA
FBgn0035252	43	28	71	0.605633802816901
FBgn0035253	232	285	517	0.448742746615087
FBgn0035254	0	0	0	NA
FBgn0035255	86	79	165	0.521212121212121
FBgn0035256	164	158	322	0.509316770186335
FBgn0035257	71	80	151	0.470198675496689
FBgn0035258	88	95	183	0.480874316939891
FBgn0035260	262	285	547	0.478976234003656
FBgn0035262	120	105	225	0.533333333333333
FBgn0035263	88	79	167	0.526946107784431
FBgn0035264	120	98	218	0.55045871559633
FBgn0035265	77	67	144	0.534722222222222
FBgn0035266	108	125	233	0.463519313304721
FBgn0035267	129	112	241	0.535269709543568
FBgn0035268	30	25	55	0.545454545454545
FBgn0035270	36	40	76	0.473684210526316
FBgn0035271	0	0	0	NA
FBgn0035272	0	0	0	NA
FBgn0035273	50	33	83	0.602409638554217
FBgn0035279	34	39	73	0.465753424657534
FBgn0035280	3	5	8	0.375
FBgn0035281	102	104	206	0.495145631067961
FBgn0035282	139	151	290	0.479310344827586
FBgn0035283	77	55	132	0.583333333333333
FBgn0035285	152	149	301	0.504983388704319
FBgn0035286	96	95	191	0.50261780104712
FBgn0035287	154	176	330	0.466666666666667
FBgn0035290	249	263	512	0.486328125
FBgn0035293	233	224	457	0.509846827133479
FBgn0035294	70	68	138	0.507246376811594
FBgn0035295	160	188	348	0.459770114942529
FBgn0035298	20	35	55	0.363636363636364
FBgn0035299	16	21	37	0.432432432432432
FBgn0035300	171	173	344	0.497093023255814
FBgn0035308	305	317	622	0.490353697749196
FBgn0035309	135	136	271	0.498154981549816
FBgn0035311	1	0	1	1
FBgn0035312	84	96	180	0.466666666666667
FBgn0035313	95	102	197	0.482233502538071
FBgn0035315	53	45	98	0.540816326530612
FBgn0035316	131	111	242	0.541322314049587
FBgn0035317	289	302	591	0.489001692047377
FBgn0035318	33	31	64	0.515625
FBgn0035321	159	148	307	0.517915309446254
FBgn0035323	3	3	6	0.5
FBgn0035325	57	75	132	0.431818181818182
FBgn0035328	91	99	190	0.478947368421053
FBgn0035331	360	350	710	0.507042253521127
FBgn0035332	128	149	277	0.462093862815884
FBgn0035333	201	206	407	0.493857493857494
FBgn0035334	18	18	36	0.5
FBgn0035335	27	42	69	0.391304347826087
FBgn0035336	180	199	379	0.474934036939314
FBgn0035337	70	67	137	0.510948905109489
FBgn0035343	86	76	162	0.530864197530864
FBgn0035344	169	152	321	0.526479750778816
FBgn0035346	213	223	436	0.488532110091743
FBgn0035348	104	100	204	0.509803921568627
FBgn0035355	30	39	69	0.434782608695652
FBgn0035356	64	49	113	0.566371681415929
FBgn0035357	41	62	103	0.398058252427184
FBgn0035358	103	102	205	0.502439024390244
FBgn0035359	167	166	333	0.501501501501502
FBgn0035360	103	117	220	0.468181818181818
FBgn0035370	59	48	107	0.551401869158878
FBgn0035371	162	170	332	0.487951807228916
FBgn0035372	127	118	245	0.518367346938776
FBgn0035374	58	64	122	0.475409836065574
FBgn0035375	213	199	412	0.516990291262136
FBgn0035379	220	200	420	0.523809523809524
FBgn0035380	102	116	218	0.467889908256881
FBgn0035382	161	196	357	0.450980392156863
FBgn0035383	140	162	302	0.463576158940397
FBgn0035384	77	67	144	0.534722222222222
FBgn0035385	280	305	585	0.478632478632479
FBgn0035388	180	251	431	0.417633410672854
FBgn0035390	144	145	289	0.498269896193772
FBgn0035392	112	113	225	0.497777777777778
FBgn0035393	46	31	77	0.597402597402597
FBgn0035397	378	393	771	0.490272373540856
FBgn0035398	249	264	513	0.485380116959064
FBgn0035400	347	394	741	0.468286099865047
FBgn0035401	116	92	208	0.557692307692308
FBgn0035402	142	124	266	0.533834586466165
FBgn0035405	100	121	221	0.452488687782805
FBgn0035407	60	55	115	0.521739130434783
FBgn0035409	46	41	87	0.528735632183908
FBgn0035410	155	157	312	0.496794871794872
FBgn0035412	37	37	74	0.5
FBgn0035413	39	28	67	0.582089552238806
FBgn0035414	81	90	171	0.473684210526316
FBgn0035415	37	18	55	0.672727272727273
FBgn0035420	491	494	985	0.498477157360406
FBgn0035421	65	69	134	0.485074626865672
FBgn0035422	21	38	59	0.355932203389831
FBgn0035423	60	77	137	0.437956204379562
FBgn0035424	343	343	686	0.5
FBgn0035425	67	82	149	0.449664429530201
FBgn0035426	82	89	171	0.47953216374269
FBgn0035427	145	115	260	0.557692307692308
FBgn0035428	149	149	298	0.5
FBgn0035429	265	235	500	0.53
FBgn0035430	238	287	525	0.453333333333333
FBgn0035431	153	121	274	0.558394160583942
FBgn0035432	293	254	547	0.535648994515539
FBgn0035434	37	38	75	0.493333333333333
FBgn0035435	44	59	103	0.427184466019417
FBgn0035436	6	12	18	0.333333333333333
FBgn0035437	212	208	420	0.504761904761905
FBgn0035438	130	136	266	0.488721804511278
FBgn0035439	181	150	331	0.546827794561934
FBgn0035440	124	99	223	0.556053811659193
FBgn0035443	140	123	263	0.532319391634981
FBgn0035444	108	89	197	0.548223350253807
FBgn0035445	71	93	164	0.432926829268293
FBgn0035449	98	119	217	0.451612903225806
FBgn0035452	156	140	296	0.527027027027027
FBgn0035453	127	118	245	0.518367346938776
FBgn0035455	49	49	98	0.5
FBgn0035458	117	117	234	0.5
FBgn0035461	70	65	135	0.518518518518518
FBgn0035462	115	118	233	0.493562231759657
FBgn0035464	77	97	174	0.442528735632184
FBgn0035468	117	101	218	0.536697247706422
FBgn0035469	40	39	79	0.506329113924051
FBgn0035470	47	71	118	0.398305084745763
FBgn0035471	98	107	205	0.478048780487805
FBgn0035473	117	105	222	0.527027027027027
FBgn0035475	106	78	184	0.576086956521739
FBgn0035476	121	122	243	0.497942386831276
FBgn0035477	320	330	650	0.492307692307692
FBgn0035478	56	45	101	0.554455445544555
FBgn0035479	11	6	17	0.647058823529412
FBgn0035480	109	107	216	0.50462962962963
FBgn0035481	434	387	821	0.528623629719854
FBgn0035482	178	189	367	0.485013623978202
FBgn0035483	73	74	147	0.496598639455782
FBgn0035484	181	172	353	0.512747875354108
FBgn0035486	0	0	0	NA
FBgn0035488	128	136	264	0.484848484848485
FBgn0035490	161	147	308	0.522727272727273
FBgn0035491	47	24	71	0.661971830985915
FBgn0035495	216	191	407	0.530712530712531
FBgn0035496	49	70	119	0.411764705882353
FBgn0035497	348	324	672	0.517857142857143
FBgn0035498	144	125	269	0.535315985130111
FBgn0035499	89	87	176	0.505681818181818
FBgn0035501	143	151	294	0.486394557823129
FBgn0035504	232	219	451	0.514412416851441
FBgn0035505	228	219	447	0.51006711409396
FBgn0035508	176	180	356	0.49438202247191
FBgn0035510	86	80	166	0.518072289156627
FBgn0035511	67	58	125	0.536
FBgn0035512	61	67	128	0.4765625
FBgn0035513	50	65	115	0.434782608695652
FBgn0035515	113	106	219	0.515981735159817
FBgn0035517	62	41	103	0.601941747572815
FBgn0035518	163	154	317	0.514195583596215
FBgn0035519	88	93	181	0.486187845303867
FBgn0035520	43	47	90	0.477777777777778
FBgn0035521	66	73	139	0.474820143884892
FBgn0035522	381	369	750	0.508
FBgn0035523	227	198	425	0.534117647058823
FBgn0035524	78	91	169	0.461538461538462
FBgn0035526	219	214	433	0.505773672055427
FBgn0035528	43	54	97	0.443298969072165
FBgn0035529	75	63	138	0.543478260869565
FBgn0035532	86	85	171	0.502923976608187
FBgn0035533	258	280	538	0.479553903345725
FBgn0035534	50	52	102	0.490196078431373
FBgn0035537	60	63	123	0.48780487804878
FBgn0035538	264	287	551	0.479128856624319
FBgn0035539	138	153	291	0.474226804123711
FBgn0035540	28	29	57	0.491228070175439
FBgn0035541	32	38	70	0.457142857142857
FBgn0035542	263	286	549	0.479052823315118
FBgn0035543	299	279	578	0.517301038062284
FBgn0035544	66	65	131	0.50381679389313
FBgn0035545	86	73	159	0.540880503144654
FBgn0035546	81	66	147	0.551020408163265
FBgn0035547	84	91	175	0.48
FBgn0035548	48	53	101	0.475247524752475
FBgn0035550	140	164	304	0.460526315789474
FBgn0035551	69	48	117	0.58974358974359
FBgn0035552	64	72	136	0.470588235294118
FBgn0035553	163	129	292	0.558219178082192
FBgn0035554	60	73	133	0.451127819548872
FBgn0035555	101	124	225	0.448888888888889
FBgn0035557	242	241	483	0.501035196687371
FBgn0035558	204	225	429	0.475524475524476
FBgn0035563	27	33	60	0.45
FBgn0035567	111	112	223	0.497757847533632
FBgn0035568	68	68	136	0.5
FBgn0035569	39	46	85	0.458823529411765
FBgn0035570	36	45	81	0.444444444444444
FBgn0035571	58	76	134	0.432835820895522
FBgn0035572	68	69	137	0.496350364963504
FBgn0035574	486	471	957	0.507836990595611
FBgn0035575	90	104	194	0.463917525773196
FBgn0035577	128	124	252	0.507936507936508
FBgn0035578	136	136	272	0.5
FBgn0035581	1100	1146	2246	0.489759572573464
FBgn0035582	59	88	147	0.401360544217687
FBgn0035583	73	68	141	0.517730496453901
FBgn0035584	18	21	39	0.461538461538462
FBgn0035585	24	33	57	0.421052631578947
FBgn0035586	91	97	188	0.484042553191489
FBgn0035587	66	88	154	0.428571428571429
FBgn0035588	16	14	30	0.533333333333333
FBgn0035589	64	51	115	0.556521739130435
FBgn0035590	18	13	31	0.580645161290323
FBgn0035591	78	91	169	0.461538461538462
FBgn0035592	1	0	1	1
FBgn0035593	79	95	174	0.454022988505747
FBgn0035594	49	38	87	0.563218390804598
FBgn0035598	129	110	239	0.539748953974895
FBgn0035600	69	71	140	0.492857142857143
FBgn0035601	0	2	2	0
FBgn0035603	0	0	0	NA
FBgn0035604	272	225	497	0.54728370221328
FBgn0035607	223	268	491	0.454175152749491
FBgn0035608	28	22	50	0.56
FBgn0035610	306	286	592	0.516891891891892
FBgn0035611	86	75	161	0.53416149068323
FBgn0035612	112	125	237	0.472573839662447
FBgn0035617	247	249	496	0.497983870967742
FBgn0035619	87	73	160	0.54375
FBgn0035620	78	80	158	0.493670886075949
FBgn0035621	60	90	150	0.4
FBgn0035622	19	29	48	0.395833333333333
FBgn0035623	116	72	188	0.617021276595745
FBgn0035624	71	64	135	0.525925925925926
FBgn0035625	444	391	835	0.531736526946108
FBgn0035626	93	99	192	0.484375
FBgn0035627	185	189	374	0.494652406417112
FBgn0035630	107	100	207	0.516908212560386
FBgn0035631	81	84	165	0.490909090909091
FBgn0035632	5	4	9	0.555555555555556
FBgn0035636	7	24	31	0.225806451612903
FBgn0035638	85	86	171	0.497076023391813
FBgn0035639	45	52	97	0.463917525773196
FBgn0035640	40	64	104	0.384615384615385
FBgn0035641	131	110	241	0.54356846473029
FBgn0035642	152	150	302	0.503311258278146
FBgn0035643	123	127	250	0.492
FBgn0035644	93	87	180	0.516666666666667
FBgn0035645	124	149	273	0.454212454212454
FBgn0035647	230	193	423	0.543735224586288
FBgn0035648	199	212	411	0.484184914841849
FBgn0035649	94	92	186	0.505376344086022
FBgn0035656	126	122	248	0.508064516129032
FBgn0035657	132	116	248	0.532258064516129
FBgn0035661	98	88	186	0.526881720430108
FBgn0035663	73	71	144	0.506944444444444
FBgn0035665	52	37	89	0.584269662921348
FBgn0035666	86	93	179	0.480446927374302
FBgn0035667	71	70	141	0.50354609929078
FBgn0035669	101	132	233	0.433476394849785
FBgn0035670	88	72	160	0.55
FBgn0035673	103	85	188	0.547872340425532
FBgn0035674	119	95	214	0.55607476635514
FBgn0035675	29	26	55	0.527272727272727
FBgn0035676	260	255	515	0.504854368932039
FBgn0035677	196	210	406	0.482758620689655
FBgn0035678	49	48	97	0.505154639175258
FBgn0035679	99	116	215	0.46046511627907
FBgn0035685	77	72	149	0.516778523489933
FBgn0035686	40	44	84	0.476190476190476
FBgn0035687	82	93	175	0.468571428571429
FBgn0035688	354	332	686	0.516034985422741
FBgn0035689	233	279	512	0.455078125
FBgn0035690	129	143	272	0.474264705882353
FBgn0035691	127	118	245	0.518367346938776
FBgn0035692	71	67	138	0.514492753623188
FBgn0035693	52	58	110	0.472727272727273
FBgn0035694	19	20	39	0.487179487179487
FBgn0035695	178	181	359	0.495821727019499
FBgn0035696	352	330	682	0.516129032258065
FBgn0035697	102	113	215	0.474418604651163
FBgn0035699	162	201	363	0.446280991735537
FBgn0035702	109	104	213	0.511737089201878
FBgn0035703	195	173	368	0.529891304347826
FBgn0035704	255	231	486	0.524691358024691
FBgn0035708	253	286	539	0.469387755102041
FBgn0035709	55	47	102	0.53921568627451
FBgn0035710	306	289	595	0.514285714285714
FBgn0035711	78	91	169	0.461538461538462
FBgn0035713	307	292	599	0.512520868113522
FBgn0035714	1	0	1	1
FBgn0035715	72	70	142	0.507042253521127
FBgn0035718	99	96	195	0.507692307692308
FBgn0035719	195	195	390	0.5
FBgn0035720	289	306	595	0.485714285714286
FBgn0035721	50	43	93	0.537634408602151
FBgn0035722	51	52	103	0.495145631067961
FBgn0035724	194	199	393	0.493638676844784
FBgn0035725	104	88	192	0.541666666666667
FBgn0035726	120	128	248	0.483870967741935
FBgn0035727	60	53	113	0.530973451327434
FBgn0035730	31	26	57	0.543859649122807
FBgn0035733	252	281	533	0.472795497185741
FBgn0035734	119	113	232	0.512931034482759
FBgn0035735	45	36	81	0.555555555555556
FBgn0035736	67	49	116	0.577586206896552
FBgn0035737	49	39	88	0.556818181818182
FBgn0035741	99	105	204	0.485294117647059
FBgn0035742	14	14	28	0.5
FBgn0035743	82	89	171	0.47953216374269
FBgn0035750	117	131	248	0.471774193548387
FBgn0035751	128	106	234	0.547008547008547
FBgn0035753	60	67	127	0.47244094488189
FBgn0035754	60	59	119	0.504201680672269
FBgn0035755	73	70	143	0.510489510489511
FBgn0035756	635	616	1251	0.507593924860112
FBgn0035760	14	11	25	0.56
FBgn0035761	168	147	315	0.533333333333333
FBgn0035762	124	135	259	0.478764478764479
FBgn0035763	181	159	340	0.532352941176471
FBgn0035766	227	212	439	0.517084282460137
FBgn0035767	170	166	336	0.505952380952381
FBgn0035768	56	53	109	0.513761467889908
FBgn0035769	32	22	54	0.592592592592593
FBgn0035770	139	125	264	0.526515151515151
FBgn0035771	34	32	66	0.515151515151515
FBgn0035772	179	148	327	0.547400611620795
FBgn0035776	82	89	171	0.47953216374269
FBgn0035777	222	197	419	0.529832935560859
FBgn0035779	99	103	202	0.49009900990099
FBgn0035780	63	84	147	0.428571428571429
FBgn0035781	75	80	155	0.483870967741935
FBgn0035782	48	47	95	0.505263157894737
FBgn0035785	143	174	317	0.451104100946372
FBgn0035786	0	0	0	NA
FBgn0035787	66	74	140	0.471428571428571
FBgn0035788	84	64	148	0.567567567567568
FBgn0035789	180	154	334	0.538922155688623
FBgn0035790	154	138	292	0.527397260273973
FBgn0035791	101	126	227	0.444933920704846
FBgn0035792	59	57	116	0.508620689655172
FBgn0035793	150	154	304	0.493421052631579
FBgn0035795	0	0	0	NA
FBgn0035797	226	260	486	0.465020576131687
FBgn0035798	278	284	562	0.494661921708185
FBgn0035799	222	214	436	0.509174311926605
FBgn0035800	187	155	342	0.546783625730994
FBgn0035802	613	613	1226	0.5
FBgn0035805	91	85	176	0.517045454545455
FBgn0035806	37	34	71	0.52112676056338
FBgn0035807	64	65	129	0.496124031007752
FBgn0035811	17	26	43	0.395348837209302
FBgn0035812	397	388	785	0.505732484076433
FBgn0035813	270	311	581	0.464716006884682
FBgn0035815	252	245	497	0.507042253521127
FBgn0035816	216	210	426	0.507042253521127
FBgn0035817	60	57	117	0.512820512820513
FBgn0035823	51	61	112	0.455357142857143
FBgn0035824	35	30	65	0.538461538461538
FBgn0035825	70	66	136	0.514705882352941
FBgn0035827	54	63	117	0.461538461538462
FBgn0035829	73	76	149	0.48993288590604
FBgn0035830	62	63	125	0.496
FBgn0035831	40	54	94	0.425531914893617
FBgn0035833	332	319	651	0.509984639016897
FBgn0035838	37	34	71	0.52112676056338
FBgn0035839	37	35	72	0.513888888888889
FBgn0035842	184	173	357	0.515406162464986
FBgn0035844	298	303	601	0.495840266222962
FBgn0035845	110	101	211	0.52132701421801
FBgn0035847	153	194	347	0.440922190201729
FBgn0035848	66	101	167	0.395209580838323
FBgn0035849	57	58	115	0.495652173913044
FBgn0035850	148	160	308	0.480519480519481
FBgn0035851	116	127	243	0.477366255144033
FBgn0035852	53	68	121	0.43801652892562
FBgn0035853	62	47	109	0.568807339449541
FBgn0035854	63	65	128	0.4921875
FBgn0035855	56	49	105	0.533333333333333
FBgn0035856	19	44	63	0.301587301587302
FBgn0035857	85	86	171	0.497076023391813
FBgn0035858	55	54	109	0.504587155963303
FBgn0035859	45	41	86	0.523255813953488
FBgn0035861	79	92	171	0.461988304093567
FBgn0035865	127	135	262	0.484732824427481
FBgn0035866	22	33	55	0.4
FBgn0035867	52	62	114	0.456140350877193
FBgn0035868	55	51	106	0.518867924528302
FBgn0035870	72	70	142	0.507042253521127
FBgn0035871	74	91	165	0.448484848484848
FBgn0035872	153	155	308	0.496753246753247
FBgn0035873	93	98	191	0.486910994764398
FBgn0035875	105	100	205	0.51219512195122
FBgn0035876	51	55	106	0.481132075471698
FBgn0035877	86	77	163	0.52760736196319
FBgn0035878	92	103	195	0.471794871794872
FBgn0035879	201	230	431	0.466357308584687
FBgn0035880	60	53	113	0.530973451327434
FBgn0035886	53	51	104	0.509615384615385
FBgn0035887	54	46	100	0.54
FBgn0035888	162	181	343	0.472303206997085
FBgn0035889	0	0	0	NA
FBgn0035890	59	73	132	0.446969696969697
FBgn0035896	141	148	289	0.487889273356401
FBgn0035900	76	112	188	0.404255319148936
FBgn0035901	162	159	321	0.504672897196262
FBgn0035902	83	94	177	0.468926553672316
FBgn0035903	207	190	397	0.521410579345088
FBgn0035904	82	66	148	0.554054054054054
FBgn0035906	88	86	174	0.505747126436782
FBgn0035907	32	39	71	0.450704225352113
FBgn0035909	171	179	350	0.488571428571429
FBgn0035911	117	135	252	0.464285714285714
FBgn0035914	343	361	704	0.487215909090909
FBgn0035915	94	96	190	0.494736842105263
FBgn0035916	142	122	264	0.537878787878788
FBgn0035917	379	332	711	0.533052039381153
FBgn0035918	141	158	299	0.471571906354515
FBgn0035921	55	50	105	0.523809523809524
FBgn0035922	60	85	145	0.413793103448276
FBgn0035923	153	166	319	0.479623824451411
FBgn0035924	83	54	137	0.605839416058394
FBgn0035926	22	23	45	0.488888888888889
FBgn0035928	114	91	205	0.55609756097561
FBgn0035929	60	48	108	0.555555555555556
FBgn0035931	57	80	137	0.416058394160584
FBgn0035932	53	56	109	0.486238532110092
FBgn0035933	89	74	163	0.54601226993865
FBgn0035934	355	400	755	0.470198675496689
FBgn0035936	152	164	316	0.481012658227848
FBgn0035941	77	92	169	0.455621301775148
FBgn0035942	205	154	359	0.571030640668524
FBgn0035943	113	119	232	0.487068965517241
FBgn0035944	98	81	179	0.547486033519553
FBgn0035945	144	158	302	0.47682119205298
FBgn0035947	86	78	164	0.524390243902439
FBgn0035948	92	92	184	0.5
FBgn0035949	26	30	56	0.464285714285714
FBgn0035951	83	85	168	0.494047619047619
FBgn0035952	59	51	110	0.536363636363636
FBgn0035953	238	190	428	0.55607476635514
FBgn0035954	149	113	262	0.568702290076336
FBgn0035955	96	100	196	0.489795918367347
FBgn0035956	194	218	412	0.470873786407767
FBgn0035957	75	51	126	0.595238095238095
FBgn0035959	287	294	581	0.493975903614458
FBgn0035960	86	83	169	0.50887573964497
FBgn0035964	56	53	109	0.513761467889908
FBgn0035965	64	79	143	0.447552447552448
FBgn0035968	232	220	452	0.513274336283186
FBgn0035969	184	176	360	0.511111111111111
FBgn0035970	115	106	221	0.520361990950226
FBgn0035971	69	71	140	0.492857142857143
FBgn0035975	166	164	330	0.503030303030303
FBgn0035976	369	357	726	0.508264462809917
FBgn0035977	87	89	176	0.494318181818182
FBgn0035978	152	174	326	0.466257668711656
FBgn0035980	84	86	170	0.494117647058824
FBgn0035981	110	102	212	0.518867924528302
FBgn0035982	48	39	87	0.551724137931034
FBgn0035983	132	138	270	0.488888888888889
FBgn0035985	62	70	132	0.46969696969697
FBgn0035986	224	211	435	0.514942528735632
FBgn0035987	14	15	29	0.482758620689655
FBgn0035988	83	73	156	0.532051282051282
FBgn0035989	86	115	201	0.427860696517413
FBgn0035993	15	10	25	0.6
FBgn0035995	69	63	132	0.522727272727273
FBgn0035996	31	38	69	0.449275362318841
FBgn0035997	85	79	164	0.518292682926829
FBgn0035998	18	23	41	0.439024390243902
FBgn0035999	85	74	159	0.534591194968553
FBgn0036000	55	71	126	0.436507936507937
FBgn0036004	386	399	785	0.49171974522293
FBgn0036005	72	89	161	0.447204968944099
FBgn0036007	314	347	661	0.475037821482602
FBgn0036008	158	149	307	0.514657980456026
FBgn0036009	161	149	310	0.519354838709677
FBgn0036010	167	195	362	0.461325966850829
FBgn0036014	66	68	134	0.492537313432836
FBgn0036015	37	38	75	0.493333333333333
FBgn0036016	65	88	153	0.42483660130719
FBgn0036018	173	201	374	0.462566844919786
FBgn0036019	119	115	234	0.508547008547009
FBgn0036020	85	86	171	0.497076023391813
FBgn0036022	60	77	137	0.437956204379562
FBgn0036023	65	56	121	0.537190082644628
FBgn0036024	64	64	128	0.5
FBgn0036028	108	99	207	0.521739130434783
FBgn0036029	57	54	111	0.513513513513513
FBgn0036030	149	159	308	0.483766233766234
FBgn0036031	166	155	321	0.517133956386293
FBgn0036032	192	242	434	0.442396313364055
FBgn0036035	83	98	181	0.458563535911602
FBgn0036036	46	39	85	0.541176470588235
FBgn0036038	188	178	366	0.513661202185792
FBgn0036039	155	152	307	0.504885993485342
FBgn0036040	153	153	306	0.5
FBgn0036043	403	430	833	0.483793517406963
FBgn0036044	243	256	499	0.486973947895792
FBgn0036046	61	61	122	0.5
FBgn0036052	53	55	108	0.490740740740741
FBgn0036053	219	223	442	0.495475113122172
FBgn0036056	0	0	0	NA
FBgn0036057	0	0	0	NA
FBgn0036058	140	140	280	0.5
FBgn0036059	178	199	377	0.472148541114058
FBgn0036062	68	84	152	0.447368421052632
FBgn0036063	47	47	94	0.5
FBgn0036066	198	166	364	0.543956043956044
FBgn0036070	93	107	200	0.465
FBgn0036072	116	92	208	0.557692307692308
FBgn0036075	79	70	149	0.530201342281879
FBgn0036078	110	118	228	0.482456140350877
FBgn0036080	122	131	253	0.482213438735178
FBgn0036082	69	75	144	0.479166666666667
FBgn0036083	182	169	351	0.518518518518518
FBgn0036085	140	125	265	0.528301886792453
FBgn0036089	54	65	119	0.453781512605042
FBgn0036090	57	56	113	0.504424778761062
FBgn0036091	12	22	34	0.352941176470588
FBgn0036093	76	86	162	0.469135802469136
FBgn0036094	83	71	154	0.538961038961039
FBgn0036096	144	114	258	0.558139534883721
FBgn0036099	106	107	213	0.497652582159624
FBgn0036101	144	177	321	0.448598130841121
FBgn0036102	34	60	94	0.361702127659574
FBgn0036104	116	127	243	0.477366255144033
FBgn0036105	83	78	161	0.515527950310559
FBgn0036106	122	126	248	0.491935483870968
FBgn0036107	57	63	120	0.475
FBgn0036108	64	61	125	0.512
FBgn0036109	69	61	130	0.530769230769231
FBgn0036110	0	0	0	NA
FBgn0036111	137	133	270	0.507407407407407
FBgn0036112	96	67	163	0.588957055214724
FBgn0036116	232	227	459	0.505446623093682
FBgn0036117	141	104	245	0.575510204081633
FBgn0036118	43	34	77	0.558441558441558
FBgn0036121	65	47	112	0.580357142857143
FBgn0036124	291	284	575	0.506086956521739
FBgn0036125	135	110	245	0.551020408163265
FBgn0036126	13	4	17	0.764705882352941
FBgn0036128	69	77	146	0.472602739726027
FBgn0036131	40	41	81	0.493827160493827
FBgn0036133	133	153	286	0.465034965034965
FBgn0036134	304	314	618	0.491909385113269
FBgn0036135	71	53	124	0.57258064516129
FBgn0036136	55	49	104	0.528846153846154
FBgn0036138	61	71	132	0.462121212121212
FBgn0036139	77	85	162	0.475308641975309
FBgn0036141	77	106	183	0.420765027322404
FBgn0036142	139	114	253	0.549407114624506
FBgn0036143	221	210	431	0.512761020881671
FBgn0036144	277	317	594	0.466329966329966
FBgn0036145	84	88	172	0.488372093023256
FBgn0036146	59	73	132	0.446969696969697
FBgn0036147	265	244	509	0.520628683693517
FBgn0036150	223	249	472	0.472457627118644
FBgn0036152	134	146	280	0.478571428571429
FBgn0036153	135	128	263	0.513307984790874
FBgn0036154	99	134	233	0.424892703862661
FBgn0036155	133	120	253	0.525691699604743
FBgn0036156	53	63	116	0.456896551724138
FBgn0036157	114	109	223	0.511210762331839
FBgn0036158	86	89	175	0.491428571428571
FBgn0036159	85	75	160	0.53125
FBgn0036160	112	87	199	0.562814070351759
FBgn0036161	58	56	114	0.508771929824561
FBgn0036162	182	160	342	0.532163742690059
FBgn0036165	177	184	361	0.490304709141274
FBgn0036168	130	156	286	0.454545454545455
FBgn0036170	0	0	0	NA
FBgn0036173	71	87	158	0.449367088607595
FBgn0036176	26	25	51	0.509803921568627
FBgn0036177	40	30	70	0.571428571428571
FBgn0036178	15	15	30	0.5
FBgn0036179	164	205	369	0.444444444444444
FBgn0036180	134	155	289	0.463667820069204
FBgn0036181	444	479	923	0.481040086673889
FBgn0036183	155	143	298	0.520134228187919
FBgn0036184	96	92	188	0.51063829787234
FBgn0036186	203	148	351	0.578347578347578
FBgn0036187	111	123	234	0.474358974358974
FBgn0036188	87	86	173	0.502890173410405
FBgn0036191	104	105	209	0.497607655502392
FBgn0036192	45	60	105	0.428571428571429
FBgn0036193	127	118	245	0.518367346938776
FBgn0036194	122	137	259	0.471042471042471
FBgn0036195	129	147	276	0.467391304347826
FBgn0036196	226	207	433	0.521939953810624
FBgn0036198	39	38	77	0.506493506493506
FBgn0036199	105	134	239	0.439330543933054
FBgn0036202	363	340	703	0.516358463726885
FBgn0036203	123	112	235	0.523404255319149
FBgn0036204	24	41	65	0.369230769230769
FBgn0036205	194	193	387	0.501291989664083
FBgn0036206	179	183	362	0.494475138121547
FBgn0036207	126	164	290	0.43448275862069
FBgn0036208	82	71	153	0.535947712418301
FBgn0036210	85	80	165	0.515151515151515
FBgn0036211	85	98	183	0.46448087431694
FBgn0036212	104	91	195	0.533333333333333
FBgn0036213	48	32	80	0.6
FBgn0036214	65	82	147	0.442176870748299
FBgn0036217	76	66	142	0.535211267605634
FBgn0036218	178	168	346	0.514450867052023
FBgn0036219	103	121	224	0.459821428571429
FBgn0036220	118	108	226	0.52212389380531
FBgn0036221	82	72	154	0.532467532467532
FBgn0036222	109	90	199	0.547738693467337
FBgn0036224	114	120	234	0.487179487179487
FBgn0036225	23	40	63	0.365079365079365
FBgn0036226	101	88	189	0.534391534391534
FBgn0036227	34	34	68	0.5
FBgn0036228	48	52	100	0.48
FBgn0036229	181	185	366	0.494535519125683
FBgn0036230	58	49	107	0.542056074766355
FBgn0036232	43	25	68	0.632352941176471
FBgn0036235	326	299	625	0.5216
FBgn0036236	5	7	12	0.416666666666667
FBgn0036237	50	40	90	0.555555555555556
FBgn0036239	121	118	239	0.506276150627615
FBgn0036240	242	193	435	0.55632183908046
FBgn0036242	130	117	247	0.526315789473684
FBgn0036246	76	60	136	0.558823529411765
FBgn0036248	54	58	112	0.482142857142857
FBgn0036249	69	60	129	0.534883720930233
FBgn0036250	122	117	239	0.510460251046025
FBgn0036254	170	192	362	0.469613259668508
FBgn0036255	14	8	22	0.636363636363636
FBgn0036257	146	153	299	0.488294314381271
FBgn0036258	96	94	190	0.505263157894737
FBgn0036259	306	147	453	0.675496688741722
FBgn0036260	327	289	616	0.530844155844156
FBgn0036262	183	165	348	0.525862068965517
FBgn0036263	70	62	132	0.53030303030303
FBgn0036264	73	84	157	0.464968152866242
FBgn0036266	160	153	313	0.511182108626198
FBgn0036271	62	54	116	0.53448275862069
FBgn0036272	182	188	370	0.491891891891892
FBgn0036273	204	201	405	0.503703703703704
FBgn0036274	112	91	203	0.551724137931034
FBgn0036277	38	36	74	0.513513513513513
FBgn0036278	279	290	569	0.490333919156415
FBgn0036279	480	481	961	0.499479708636837
FBgn0036282	146	152	298	0.48993288590604
FBgn0036285	167	160	327	0.510703363914373
FBgn0036286	106	135	241	0.439834024896266
FBgn0036287	276	276	552	0.5
FBgn0036288	169	151	320	0.528125
FBgn0036289	16	19	35	0.457142857142857
FBgn0036290	146	136	282	0.517730496453901
FBgn0036291	46	55	101	0.455445544554455
FBgn0036292	51	81	132	0.386363636363636
FBgn0036294	105	92	197	0.532994923857868
FBgn0036298	136	142	278	0.489208633093525
FBgn0036299	229	251	480	0.477083333333333
FBgn0036300	58	59	117	0.495726495726496
FBgn0036301	84	120	204	0.411764705882353
FBgn0036302	477	439	916	0.520742358078603
FBgn0036305	127	127	254	0.5
FBgn0036306	107	99	206	0.519417475728155
FBgn0036309	258	273	531	0.485875706214689
FBgn0036310	144	162	306	0.470588235294118
FBgn0036311	96	90	186	0.516129032258065
FBgn0036314	81	65	146	0.554794520547945
FBgn0036316	357	351	708	0.504237288135593
FBgn0036317	176	194	370	0.475675675675676
FBgn0036318	216	191	407	0.530712530712531
FBgn0036319	262	242	504	0.51984126984127
FBgn0036320	137	116	253	0.541501976284585
FBgn0036321	240	289	529	0.453686200378072
FBgn0036323	75	83	158	0.474683544303797
FBgn0036324	75	74	149	0.503355704697987
FBgn0036325	109	95	204	0.534313725490196
FBgn0036327	39	47	86	0.453488372093023
FBgn0036328	58	73	131	0.442748091603053
FBgn0036329	139	123	262	0.530534351145038
FBgn0036330	57	45	102	0.558823529411765
FBgn0036331	65	82	147	0.442176870748299
FBgn0036332	135	113	248	0.544354838709677
FBgn0036333	59	60	119	0.495798319327731
FBgn0036334	21	30	51	0.411764705882353
FBgn0036335	35	35	70	0.5
FBgn0036336	13	15	28	0.464285714285714
FBgn0036337	121	115	236	0.51271186440678
FBgn0036340	124	151	275	0.450909090909091
FBgn0036341	89	74	163	0.54601226993865
FBgn0036342	122	132	254	0.480314960629921
FBgn0036343	106	97	203	0.522167487684729
FBgn0036345	77	75	152	0.506578947368421
FBgn0036346	64	63	127	0.503937007874016
FBgn0036348	331	294	625	0.5296
FBgn0036349	41	41	82	0.5
FBgn0036350	41	46	87	0.471264367816092
FBgn0036351	66	61	127	0.519685039370079
FBgn0036352	64	66	130	0.492307692307692
FBgn0036353	142	118	260	0.546153846153846
FBgn0036354	135	130	265	0.509433962264151
FBgn0036356	82	76	158	0.518987341772152
FBgn0036359	75	77	152	0.493421052631579
FBgn0036360	159	192	351	0.452991452991453
FBgn0036361	107	104	211	0.507109004739337
FBgn0036362	87	106	193	0.450777202072539
FBgn0036363	74	71	145	0.510344827586207
FBgn0036364	90	80	170	0.529411764705882
FBgn0036365	258	294	552	0.467391304347826
FBgn0036366	47	43	90	0.522222222222222
FBgn0036367	80	93	173	0.46242774566474
FBgn0036368	318	318	636	0.5
FBgn0036369	243	262	505	0.481188118811881
FBgn0036372	145	133	278	0.52158273381295
FBgn0036373	155	159	314	0.493630573248408
FBgn0036374	386	367	753	0.51261620185923
FBgn0036376	74	56	130	0.569230769230769
FBgn0036377	164	160	324	0.506172839506173
FBgn0036380	20	19	39	0.512820512820513
FBgn0036381	225	209	434	0.518433179723502
FBgn0036382	101	93	194	0.520618556701031
FBgn0036386	264	239	503	0.524850894632207
FBgn0036389	0	0	0	NA
FBgn0036390	25	16	41	0.609756097560976
FBgn0036391	361	365	726	0.497245179063361
FBgn0036393	38	31	69	0.550724637681159
FBgn0036394	66	62	128	0.515625
FBgn0036395	47	45	92	0.510869565217391
FBgn0036396	34	29	63	0.53968253968254
FBgn0036397	53	63	116	0.456896551724138
FBgn0036398	361	367	728	0.495879120879121
FBgn0036402	100	114	214	0.467289719626168
FBgn0036403	0	0	0	NA
FBgn0036405	39	50	89	0.438202247191011
FBgn0036406	27	22	49	0.551020408163265
FBgn0036410	251	243	494	0.508097165991903
FBgn0036411	144	126	270	0.533333333333333
FBgn0036414	97	95	192	0.505208333333333
FBgn0036415	30	24	54	0.555555555555556
FBgn0036416	105	93	198	0.53030303030303
FBgn0036417	52	43	95	0.547368421052632
FBgn0036419	55	58	113	0.486725663716814
FBgn0036421	52	37	89	0.584269662921348
FBgn0036422	112	98	210	0.533333333333333
FBgn0036423	116	121	237	0.489451476793249
FBgn0036426	49	56	105	0.466666666666667
FBgn0036427	108	114	222	0.486486486486487
FBgn0036428	200	218	418	0.478468899521531
FBgn0036433	50	43	93	0.537634408602151
FBgn0036436	66	63	129	0.511627906976744
FBgn0036437	90	94	184	0.489130434782609
FBgn0036438	38	42	80	0.475
FBgn0036439	19	26	45	0.422222222222222
FBgn0036440	190	219	409	0.464547677261614
FBgn0036441	41	37	78	0.525641025641026
FBgn0036442	42	34	76	0.552631578947368
FBgn0036443	29	38	67	0.432835820895522
FBgn0036446	257	265	522	0.492337164750958
FBgn0036447	85	70	155	0.548387096774194
FBgn0036448	403	389	792	0.508838383838384
FBgn0036449	182	183	365	0.498630136986301
FBgn0036450	159	134	293	0.542662116040956
FBgn0036451	376	313	689	0.545718432510885
FBgn0036454	296	269	565	0.523893805309735
FBgn0036459	168	149	317	0.529968454258675
FBgn0036460	110	107	217	0.506912442396313
FBgn0036461	148	127	275	0.538181818181818
FBgn0036462	55	52	107	0.514018691588785
FBgn0036463	318	370	688	0.462209302325581
FBgn0036465	71	68	139	0.510791366906475
FBgn0036466	27	28	55	0.490909090909091
FBgn0036467	25	20	45	0.555555555555556
FBgn0036468	56	63	119	0.470588235294118
FBgn0036469	66	61	127	0.519685039370079
FBgn0036470	65	41	106	0.613207547169811
FBgn0036471	77	77	154	0.5
FBgn0036474	86	101	187	0.459893048128342
FBgn0036476	114	98	212	0.537735849056604
FBgn0036479	69	75	144	0.479166666666667
FBgn0036480	1	0	1	1
FBgn0036481	72	86	158	0.455696202531646
FBgn0036482	69	65	134	0.514925373134328
FBgn0036483	71	66	137	0.518248175182482
FBgn0036484	80	74	154	0.519480519480519
FBgn0036485	169	164	333	0.507507507507508
FBgn0036486	81	102	183	0.442622950819672
FBgn0036487	30	33	63	0.476190476190476
FBgn0036488	20	20	40	0.5
FBgn0036489	66	77	143	0.461538461538462
FBgn0036490	28	28	56	0.5
FBgn0036491	64	100	164	0.390243902439024
FBgn0036492	61	61	122	0.5
FBgn0036493	360	341	701	0.513552068473609
FBgn0036494	187	166	353	0.529745042492918
FBgn0036495	23	42	65	0.353846153846154
FBgn0036496	95	71	166	0.572289156626506
FBgn0036497	24	32	56	0.428571428571429
FBgn0036498	48	38	86	0.558139534883721
FBgn0036499	26	27	53	0.490566037735849
FBgn0036500	52	58	110	0.472727272727273
FBgn0036501	65	78	143	0.454545454545455
FBgn0036502	50	45	95	0.526315789473684
FBgn0036503	44	32	76	0.578947368421053
FBgn0036504	0	0	0	NA
FBgn0036505	25	19	44	0.568181818181818
FBgn0036509	58	59	117	0.495726495726496
FBgn0036510	91	67	158	0.575949367088608
FBgn0036512	48	40	88	0.545454545454545
FBgn0036514	85	73	158	0.537974683544304
FBgn0036515	14	13	27	0.518518518518518
FBgn0036516	82	52	134	0.611940298507463
FBgn0036518	267	253	520	0.513461538461538
FBgn0036519	37	28	65	0.569230769230769
FBgn0036520	163	181	344	0.473837209302326
FBgn0036522	195	195	390	0.5
FBgn0036527	137	153	290	0.472413793103448
FBgn0036528	72	81	153	0.470588235294118
FBgn0036529	168	161	329	0.51063829787234
FBgn0036531	38	40	78	0.487179487179487
FBgn0036532	22	18	40	0.55
FBgn0036534	230	239	469	0.490405117270789
FBgn0036536	34	25	59	0.576271186440678
FBgn0036537	74	57	131	0.564885496183206
FBgn0036538	78	77	155	0.503225806451613
FBgn0036544	318	336	654	0.486238532110092
FBgn0036545	67	41	108	0.62037037037037
FBgn0036547	89	91	180	0.494444444444444
FBgn0036549	93	86	179	0.519553072625698
FBgn0036550	66	64	130	0.507692307692308
FBgn0036551	51	55	106	0.481132075471698
FBgn0036552	51	45	96	0.53125
FBgn0036553	76	71	147	0.517006802721088
FBgn0036556	170	192	362	0.469613259668508
FBgn0036557	49	47	96	0.510416666666667
FBgn0036560	111	124	235	0.472340425531915
FBgn0036563	48	63	111	0.432432432432432
FBgn0036565	152	134	286	0.531468531468531
FBgn0036566	91	90	181	0.502762430939227
FBgn0036567	10	8	18	0.555555555555556
FBgn0036568	63	57	120	0.525
FBgn0036569	94	89	183	0.513661202185792
FBgn0036570	75	61	136	0.551470588235294
FBgn0036571	102	106	208	0.490384615384615
FBgn0036574	81	80	161	0.503105590062112
FBgn0036575	42	46	88	0.477272727272727
FBgn0036576	125	121	246	0.508130081300813
FBgn0036577	39	48	87	0.448275862068966
FBgn0036579	118	109	227	0.519823788546256
FBgn0036580	34	34	68	0.5
FBgn0036581	59	68	127	0.464566929133858
FBgn0036583	154	119	273	0.564102564102564
FBgn0036584	97	95	192	0.505208333333333
FBgn0036585	35	42	77	0.454545454545455
FBgn0036586	39	47	86	0.453488372093023
FBgn0036587	174	189	363	0.479338842975207
FBgn0036588	50	47	97	0.515463917525773
FBgn0036589	75	66	141	0.531914893617021
FBgn0036590	61	68	129	0.472868217054264
FBgn0036591	80	78	158	0.506329113924051
FBgn0036592	55	43	98	0.561224489795918
FBgn0036593	94	102	196	0.479591836734694
FBgn0036594	46	50	96	0.479166666666667
FBgn0036595	30	27	57	0.526315789473684
FBgn0036596	62	105	167	0.37125748502994
FBgn0036597	65	61	126	0.515873015873016
FBgn0036598	48	53	101	0.475247524752475
FBgn0036599	5	6	11	0.454545454545455
FBgn0036600	51	53	104	0.490384615384615
FBgn0036601	62	55	117	0.52991452991453
FBgn0036602	35	60	95	0.368421052631579
FBgn0036603	80	48	128	0.625
FBgn0036605	0	0	0	NA
FBgn0036606	51	44	95	0.536842105263158
FBgn0036607	74	49	123	0.601626016260163
FBgn0036608	67	50	117	0.572649572649573
FBgn0036609	0	0	0	NA
FBgn0036610	35	45	80	0.4375
FBgn0036612	158	132	290	0.544827586206897
FBgn0036614	36	59	95	0.378947368421053
FBgn0036617	69	47	116	0.594827586206897
FBgn0036618	74	94	168	0.44047619047619
FBgn0036619	83	70	153	0.542483660130719
FBgn0036620	99	89	188	0.526595744680851
FBgn0036621	281	290	571	0.492119089316988
FBgn0036622	113	109	222	0.509009009009009
FBgn0036623	153	154	307	0.498371335504886
FBgn0036624	195	185	380	0.513157894736842
FBgn0036627	126	138	264	0.477272727272727
FBgn0036629	96	108	204	0.470588235294118
FBgn0036638	63	70	133	0.473684210526316
FBgn0036639	77	85	162	0.475308641975309
FBgn0036640	39	39	78	0.5
FBgn0036641	17	15	32	0.53125
FBgn0036643	0	0	0	NA
FBgn0036646	63	34	97	0.649484536082474
FBgn0036648	3	15	18	0.166666666666667
FBgn0036652	109	105	214	0.509345794392523
FBgn0036654	54	67	121	0.446280991735537
FBgn0036655	0	0	0	NA
FBgn0036656	26	24	50	0.52
FBgn0036659	146	125	271	0.538745387453875
FBgn0036660	74	91	165	0.448484848484848
FBgn0036661	113	125	238	0.474789915966387
FBgn0036662	50	51	101	0.495049504950495
FBgn0036663	415	400	815	0.50920245398773
FBgn0036665	164	183	347	0.472622478386167
FBgn0036666	131	86	217	0.603686635944701
FBgn0036667	20	10	30	0.666666666666667
FBgn0036668	164	185	349	0.469914040114613
FBgn0036670	14	25	39	0.358974358974359
FBgn0036671	52	41	93	0.559139784946237
FBgn0036676	8	11	19	0.421052631578947
FBgn0036677	103	107	210	0.49047619047619
FBgn0036678	344	387	731	0.470588235294118
FBgn0036679	52	60	112	0.464285714285714
FBgn0036680	172	131	303	0.567656765676568
FBgn0036681	73	97	170	0.429411764705882
FBgn0036684	314	286	600	0.523333333333333
FBgn0036685	65	70	135	0.481481481481481
FBgn0036686	88	84	172	0.511627906976744
FBgn0036687	92	93	185	0.497297297297297
FBgn0036688	113	100	213	0.530516431924883
FBgn0036689	73	104	177	0.412429378531073
FBgn0036690	34	47	81	0.419753086419753
FBgn0036691	39	27	66	0.590909090909091
FBgn0036695	53	50	103	0.514563106796116
FBgn0036696	60	45	105	0.571428571428571
FBgn0036697	229	195	424	0.540094339622642
FBgn0036698	82	89	171	0.47953216374269
FBgn0036702	47	48	95	0.494736842105263
FBgn0036703	54	50	104	0.519230769230769
FBgn0036704	79	67	146	0.541095890410959
FBgn0036705	22	35	57	0.385964912280702
FBgn0036706	37	36	73	0.506849315068493
FBgn0036707	60	69	129	0.465116279069767
FBgn0036708	29	28	57	0.508771929824561
FBgn0036709	60	52	112	0.535714285714286
FBgn0036710	102	93	195	0.523076923076923
FBgn0036711	64	73	137	0.467153284671533
FBgn0036712	187	174	361	0.518005540166205
FBgn0036713	114	113	227	0.502202643171806
FBgn0036714	246	216	462	0.532467532467532
FBgn0036715	422	429	851	0.495887191539365
FBgn0036716	105	107	212	0.495283018867925
FBgn0036717	65	69	134	0.485074626865672
FBgn0036723	68	84	152	0.447368421052632
FBgn0036725	479	445	924	0.518398268398268
FBgn0036726	17	20	37	0.459459459459459
FBgn0036727	110	95	205	0.536585365853659
FBgn0036728	101	78	179	0.564245810055866
FBgn0036729	40	52	92	0.434782608695652
FBgn0036730	48	47	95	0.505263157894737
FBgn0036731	113	127	240	0.470833333333333
FBgn0036732	232	234	466	0.497854077253219
FBgn0036733	89	69	158	0.563291139240506
FBgn0036734	86	87	173	0.497109826589595
FBgn0036735	111	96	207	0.536231884057971
FBgn0036738	43	45	88	0.488636363636364
FBgn0036740	83	93	176	0.471590909090909
FBgn0036741	188	152	340	0.552941176470588
FBgn0036742	98	126	224	0.4375
FBgn0036745	49	40	89	0.550561797752809
FBgn0036746	155	182	337	0.459940652818991
FBgn0036747	295	281	576	0.512152777777778
FBgn0036749	123	104	227	0.541850220264317
FBgn0036750	166	134	300	0.553333333333333
FBgn0036751	81	70	151	0.536423841059603
FBgn0036752	190	169	359	0.52924791086351
FBgn0036754	102	104	206	0.495145631067961
FBgn0036756	108	125	233	0.463519313304721
FBgn0036757	148	125	273	0.542124542124542
FBgn0036759	23	23	46	0.5
FBgn0036760	4	3	7	0.571428571428571
FBgn0036761	46	36	82	0.560975609756098
FBgn0036762	100	95	195	0.512820512820513
FBgn0036763	83	68	151	0.549668874172185
FBgn0036764	62	52	114	0.543859649122807
FBgn0036765	164	178	342	0.47953216374269
FBgn0036766	50	45	95	0.526315789473684
FBgn0036767	63	63	126	0.5
FBgn0036768	156	164	320	0.4875
FBgn0036769	123	129	252	0.488095238095238
FBgn0036770	254	231	485	0.523711340206186
FBgn0036771	51	62	113	0.451327433628319
FBgn0036772	138	151	289	0.477508650519031
FBgn0036773	179	162	341	0.524926686217009
FBgn0036774	75	73	148	0.506756756756757
FBgn0036775	111	114	225	0.493333333333333
FBgn0036777	76	73	149	0.51006711409396
FBgn0036778	231	253	484	0.477272727272727
FBgn0036780	129	122	251	0.51394422310757
FBgn0036781	303	334	637	0.475667189952904
FBgn0036782	134	189	323	0.414860681114551
FBgn0036783	76	73	149	0.51006711409396
FBgn0036784	113	101	214	0.52803738317757
FBgn0036785	199	144	343	0.580174927113703
FBgn0036786	73	77	150	0.486666666666667
FBgn0036787	28	31	59	0.474576271186441
FBgn0036789	327	326	653	0.500765696784073
FBgn0036790	220	204	424	0.518867924528302
FBgn0036791	22	15	37	0.594594594594595
FBgn0036793	0	2	2	0
FBgn0036795	52	47	99	0.525252525252525
FBgn0036796	184	170	354	0.519774011299435
FBgn0036799	0	0	0	NA
FBgn0036801	293	294	587	0.499148211243612
FBgn0036804	47	38	85	0.552941176470588
FBgn0036805	20	11	31	0.645161290322581
FBgn0036806	72	95	167	0.431137724550898
FBgn0036807	68	86	154	0.441558441558442
FBgn0036808	136	108	244	0.557377049180328
FBgn0036809	59	51	110	0.536363636363636
FBgn0036810	35	32	67	0.522388059701492
FBgn0036811	37	31	68	0.544117647058823
FBgn0036812	137	143	280	0.489285714285714
FBgn0036813	50	46	96	0.520833333333333
FBgn0036814	121	133	254	0.476377952755905
FBgn0036815	16	10	26	0.615384615384615
FBgn0036816	63	56	119	0.529411764705882
FBgn0036817	0	0	0	NA
FBgn0036818	88	85	173	0.508670520231214
FBgn0036819	51	51	102	0.5
FBgn0036820	15	12	27	0.555555555555556
FBgn0036821	124	111	235	0.527659574468085
FBgn0036822	41	46	87	0.471264367816092
FBgn0036824	60	71	131	0.458015267175573
FBgn0036825	56	60	116	0.482758620689655
FBgn0036826	63	64	127	0.496062992125984
FBgn0036827	40	40	80	0.5
FBgn0036828	132	124	256	0.515625
FBgn0036829	8	2	10	0.8
FBgn0036830	53	63	116	0.456896551724138
FBgn0036831	33	49	82	0.402439024390244
FBgn0036832	39	46	85	0.458823529411765
FBgn0036833	56	66	122	0.459016393442623
FBgn0036834	138	136	274	0.503649635036496
FBgn0036835	28	36	64	0.4375
FBgn0036836	190	195	385	0.493506493506494
FBgn0036837	186	167	353	0.526912181303116
FBgn0036838	133	136	269	0.494423791821561
FBgn0036839	148	175	323	0.458204334365325
FBgn0036842	180	174	354	0.508474576271186
FBgn0036843	36	49	85	0.423529411764706
FBgn0036844	220	207	427	0.515222482435597
FBgn0036846	61	83	144	0.423611111111111
FBgn0036847	64	58	122	0.524590163934426
FBgn0036848	93	94	187	0.497326203208556
FBgn0036849	68	74	142	0.47887323943662
FBgn0036850	84	70	154	0.545454545454545
FBgn0036851	171	179	350	0.488571428571429
FBgn0036853	84	76	160	0.525
FBgn0036856	0	0	0	NA
FBgn0036857	64	72	136	0.470588235294118
FBgn0036858	48	75	123	0.390243902439024
FBgn0036859	188	168	356	0.528089887640449
FBgn0036860	132	130	262	0.50381679389313
FBgn0036861	55	60	115	0.478260869565217
FBgn0036862	221	235	456	0.484649122807018
FBgn0036868	91	95	186	0.489247311827957
FBgn0036870	27	37	64	0.421875
FBgn0036871	28	24	52	0.538461538461538
FBgn0036872	33	35	68	0.485294117647059
FBgn0036873	0	0	0	NA
FBgn0036874	71	72	143	0.496503496503497
FBgn0036875	105	104	209	0.502392344497608
FBgn0036876	59	55	114	0.517543859649123
FBgn0036877	125	118	243	0.51440329218107
FBgn0036878	46	43	89	0.51685393258427
FBgn0036879	25	24	49	0.510204081632653
FBgn0036880	110	108	218	0.504587155963303
FBgn0036881	120	138	258	0.465116279069767
FBgn0036882	0	0	0	NA
FBgn0036886	0	0	0	NA
FBgn0036887	10	5	15	0.666666666666667
FBgn0036888	23	26	49	0.469387755102041
FBgn0036889	32	25	57	0.56140350877193
FBgn0036890	62	58	120	0.516666666666667
FBgn0036891	51	48	99	0.515151515151515
FBgn0036892	87	91	178	0.48876404494382
FBgn0036893	26	23	49	0.530612244897959
FBgn0036895	86	86	172	0.5
FBgn0036896	126	130	256	0.4921875
FBgn0036897	176	160	336	0.523809523809524
FBgn0036899	216	175	391	0.552429667519182
FBgn0036900	82	71	153	0.535947712418301
FBgn0036905	0	0	0	NA
FBgn0036906	66	72	138	0.478260869565217
FBgn0036908	22	24	46	0.478260869565217
FBgn0036909	2	0	2	1
FBgn0036910	16	16	32	0.5
FBgn0036911	68	61	129	0.527131782945736
FBgn0036913	117	129	246	0.475609756097561
FBgn0036915	3	5	8	0.375
FBgn0036916	10	17	27	0.37037037037037
FBgn0036918	80	80	160	0.5
FBgn0036919	77	77	154	0.5
FBgn0036920	12	11	23	0.521739130434783
FBgn0036921	31	26	57	0.543859649122807
FBgn0036922	39	36	75	0.52
FBgn0036923	30	27	57	0.526315789473684
FBgn0036924	25	21	46	0.543478260869565
FBgn0036925	36	35	71	0.507042253521127
FBgn0036926	70	71	141	0.49645390070922
FBgn0036927	40	30	70	0.571428571428571
FBgn0036928	47	46	93	0.505376344086022
FBgn0036929	67	82	149	0.449664429530201
FBgn0036931	61	64	125	0.488
FBgn0036932	25	20	45	0.555555555555556
FBgn0036934	168	180	348	0.482758620689655
FBgn0036935	95	128	223	0.426008968609865
FBgn0036936	58	60	118	0.491525423728814
FBgn0036937	45	39	84	0.535714285714286
FBgn0036938	21	24	45	0.466666666666667
FBgn0036939	72	74	146	0.493150684931507
FBgn0036940	23	15	38	0.605263157894737
FBgn0036941	15	4	19	0.789473684210526
FBgn0036942	37	40	77	0.480519480519481
FBgn0036945	21	23	44	0.477272727272727
FBgn0036947	8	14	22	0.363636363636364
FBgn0036948	55	52	107	0.514018691588785
FBgn0036949	34	24	58	0.586206896551724
FBgn0036950	19	15	34	0.558823529411765
FBgn0036951	44	42	86	0.511627906976744
FBgn0036952	119	108	227	0.524229074889868
FBgn0036953	43	45	88	0.488636363636364
FBgn0036956	13	24	37	0.351351351351351
FBgn0036958	93	95	188	0.49468085106383
FBgn0036959	30	37	67	0.447761194029851
FBgn0036962	39	35	74	0.527027027027027
FBgn0036964	50	35	85	0.588235294117647
FBgn0036967	69	55	124	0.556451612903226
FBgn0036969	22	25	47	0.468085106382979
FBgn0036970	32	38	70	0.457142857142857
FBgn0036972	29	17	46	0.630434782608696
FBgn0036973	0	0	0	NA
FBgn0036974	21	15	36	0.583333333333333
FBgn0036975	27	28	55	0.490909090909091
FBgn0036977	0	0	0	NA
FBgn0036978	128	105	233	0.549356223175966
FBgn0036979	32	22	54	0.592592592592593
FBgn0036980	71	72	143	0.496503496503497
FBgn0036984	18	12	30	0.6
FBgn0036985	9	15	24	0.375
FBgn0036986	54	69	123	0.439024390243902
FBgn0036987	23	14	37	0.621621621621622
FBgn0036988	49	50	99	0.494949494949495
FBgn0036990	15	24	39	0.384615384615385
FBgn0036991	39	40	79	0.493670886075949
FBgn0036992	11	5	16	0.6875
FBgn0036993	24	16	40	0.6
FBgn0036994	12	10	22	0.545454545454545
FBgn0036995	59	68	127	0.464566929133858
FBgn0036996	20	19	39	0.512820512820513
FBgn0036997	22	36	58	0.379310344827586
FBgn0036998	5	6	11	0.454545454545455
FBgn0036999	38	41	79	0.481012658227848
FBgn0037000	70	86	156	0.448717948717949
FBgn0037001	52	55	107	0.485981308411215
FBgn0037003	75	66	141	0.531914893617021
FBgn0037004	27	18	45	0.6
FBgn0037005	25	17	42	0.595238095238095
FBgn0037007	47	69	116	0.405172413793103
FBgn0037008	22	28	50	0.44
FBgn0037009	43	44	87	0.494252873563218
FBgn0037010	44	30	74	0.594594594594595
FBgn0037011	0	0	0	NA
FBgn0037012	21	13	34	0.617647058823529
FBgn0037013	4	11	15	0.266666666666667
FBgn0037014	38	43	81	0.469135802469136
FBgn0037015	94	102	196	0.479591836734694
FBgn0037016	128	119	247	0.518218623481781
FBgn0037017	55	48	103	0.533980582524272
FBgn0037018	1	2	3	0.333333333333333
FBgn0037019	42	52	94	0.446808510638298
FBgn0037020	50	50	100	0.5
FBgn0037021	78	58	136	0.573529411764706
FBgn0037022	33	34	67	0.492537313432836
FBgn0037023	76	53	129	0.589147286821705
FBgn0037024	53	66	119	0.445378151260504
FBgn0037025	127	146	273	0.465201465201465
FBgn0037026	30	39	69	0.434782608695652
FBgn0037027	88	66	154	0.571428571428571
FBgn0037028	25	32	57	0.43859649122807
FBgn0037030	0	0	0	NA
FBgn0037031	19	18	37	0.513513513513513
FBgn0037035	0	0	0	NA
FBgn0037036	28	49	77	0.363636363636364
FBgn0037037	82	89	171	0.47953216374269
FBgn0037038	10	7	17	0.588235294117647
FBgn0037039	44	45	89	0.49438202247191
FBgn0037040	110	128	238	0.46218487394958
FBgn0037042	34	39	73	0.465753424657534
FBgn0037044	22	29	51	0.431372549019608
FBgn0037045	23	14	37	0.621621621621622
FBgn0037046	8	11	19	0.421052631578947
FBgn0037050	0	0	0	NA
FBgn0037051	0	0	0	NA
FBgn0037057	0	0	0	NA
FBgn0037059	0	0	0	NA
FBgn0037060	42	45	87	0.482758620689655
FBgn0037061	0	0	0	NA
FBgn0037063	35	36	71	0.492957746478873
FBgn0037064	30	33	63	0.476190476190476
FBgn0037065	84	96	180	0.466666666666667
FBgn0037067	8	11	19	0.421052631578947
FBgn0037068	54	68	122	0.442622950819672
FBgn0037069	15	8	23	0.652173913043478
FBgn0037070	8	7	15	0.533333333333333
FBgn0037071	3	3	6	0.5
FBgn0037073	31	43	74	0.418918918918919
FBgn0037074	89	67	156	0.57051282051282
FBgn0037076	24	29	53	0.452830188679245
FBgn0037078	76	87	163	0.466257668711656
FBgn0037081	9	14	23	0.391304347826087
FBgn0037082	74	75	149	0.496644295302013
FBgn0037084	136	169	305	0.445901639344262
FBgn0037085	30	24	54	0.555555555555556
FBgn0037086	20	17	37	0.540540540540541
FBgn0037087	32	22	54	0.592592592592593
FBgn0037090	41	37	78	0.525641025641026
FBgn0037092	48	34	82	0.585365853658537
FBgn0037093	36	43	79	0.455696202531646
FBgn0037094	51	44	95	0.536842105263158
FBgn0037098	161	138	299	0.538461538461538
FBgn0037099	80	80	160	0.5
FBgn0037100	47	63	110	0.427272727272727
FBgn0037101	24	23	47	0.51063829787234
FBgn0037102	30	34	64	0.46875
FBgn0037105	157	166	323	0.486068111455108
FBgn0037106	85	74	159	0.534591194968553
FBgn0037107	135	135	270	0.5
FBgn0037108	77	92	169	0.455621301775148
FBgn0037109	120	112	232	0.517241379310345
FBgn0037110	15	16	31	0.483870967741935
FBgn0037114	3	7	10	0.3
FBgn0037115	16	14	30	0.533333333333333
FBgn0037116	68	68	136	0.5
FBgn0037117	112	92	204	0.549019607843137
FBgn0037120	33	38	71	0.464788732394366
FBgn0037121	12	19	31	0.387096774193548
FBgn0037122	6	7	13	0.461538461538462
FBgn0037123	54	43	97	0.556701030927835
FBgn0037124	24	18	42	0.571428571428571
FBgn0037125	34	36	70	0.485714285714286
FBgn0037126	27	13	40	0.675
FBgn0037127	33	33	66	0.5
FBgn0037128	52	57	109	0.477064220183486
FBgn0037129	34	27	61	0.557377049180328
FBgn0037130	180	154	334	0.538922155688623
FBgn0037131	25	24	49	0.510204081632653
FBgn0037133	3	3	6	0.5
FBgn0037134	2	1	3	0.666666666666667
FBgn0037135	59	46	105	0.561904761904762
FBgn0037137	64	57	121	0.528925619834711
FBgn0037138	60	68	128	0.46875
FBgn0037139	24	16	40	0.6
FBgn0037140	59	56	115	0.51304347826087
FBgn0037141	52	42	94	0.553191489361702
FBgn0037142	42	30	72	0.583333333333333
FBgn0037143	1	0	1	1
FBgn0037144	55	57	112	0.491071428571429
FBgn0037146	189	161	350	0.54
FBgn0037147	20	28	48	0.416666666666667
FBgn0037149	31	22	53	0.584905660377358
FBgn0037150	40	53	93	0.43010752688172
FBgn0037151	0	0	0	NA
FBgn0037153	341	359	700	0.487142857142857
FBgn0037156	0	2	2	0
FBgn0037162	48	44	92	0.521739130434783
FBgn0037163	47	64	111	0.423423423423423
FBgn0037164	98	92	190	0.515789473684211
FBgn0037165	17	20	37	0.459459459459459
FBgn0037166	72	72	144	0.5
FBgn0037167	30	37	67	0.447761194029851
FBgn0037169	25	21	46	0.543478260869565
FBgn0037170	29	20	49	0.591836734693878
FBgn0037171	188	191	379	0.496042216358839
FBgn0037172	34	39	73	0.465753424657534
FBgn0037174	34	38	72	0.472222222222222
FBgn0037175	0	0	0	NA
FBgn0037176	0	0	0	NA
FBgn0037177	0	0	0	NA
FBgn0037178	0	0	0	NA
FBgn0037179	39	28	67	0.582089552238806
FBgn0037180	0	0	0	NA
FBgn0037181	22	23	45	0.488888888888889
FBgn0037182	62	54	116	0.53448275862069
FBgn0037183	0	0	0	NA
FBgn0037184	0	0	0	NA
FBgn0037185	10	10	20	0.5
FBgn0037186	18	24	42	0.428571428571429
FBgn0037188	72	65	137	0.525547445255474
FBgn0037191	15	10	25	0.6
FBgn0037195	9	15	24	0.375
FBgn0037197	14	12	26	0.538461538461538
FBgn0037199	0	0	0	NA
FBgn0037200	0	0	0	NA
FBgn0037202	20	34	54	0.37037037037037
FBgn0037203	67	46	113	0.592920353982301
FBgn0037204	50	54	104	0.480769230769231
FBgn0037205	40	43	83	0.481927710843373
FBgn0037206	144	123	267	0.539325842696629
FBgn0037207	0	0	0	NA
FBgn0037213	76	92	168	0.452380952380952
FBgn0037215	14	13	27	0.518518518518518
FBgn0037217	18	11	29	0.620689655172414
FBgn0037218	76	77	153	0.496732026143791
FBgn0037220	49	42	91	0.538461538461538
FBgn0037222	42	43	85	0.494117647058824
FBgn0037223	48	42	90	0.533333333333333
FBgn0037224	32	25	57	0.56140350877193
FBgn0037225	46	34	80	0.575
FBgn0037227	11	17	28	0.392857142857143
FBgn0037228	11	12	23	0.478260869565217
FBgn0037229	10	11	21	0.476190476190476
FBgn0037230	14	8	22	0.636363636363636
FBgn0037231	16	21	37	0.432432432432432
FBgn0037232	5	5	10	0.5
FBgn0037234	84	67	151	0.556291390728477
FBgn0037235	17	18	35	0.485714285714286
FBgn0037236	12	24	36	0.333333333333333
FBgn0037238	46	46	92	0.5
FBgn0037239	15	14	29	0.517241379310345
FBgn0037240	35	50	85	0.411764705882353
FBgn0037241	0	0	0	NA
FBgn0037242	14	12	26	0.538461538461538
FBgn0037244	12	10	22	0.545454545454545
FBgn0037248	139	122	261	0.532567049808429
FBgn0037249	41	49	90	0.455555555555556
FBgn0037250	0	0	0	NA
FBgn0037251	0	0	0	NA
FBgn0037252	13	13	26	0.5
FBgn0037254	91	90	181	0.502762430939227
FBgn0037255	22	17	39	0.564102564102564
FBgn0037260	20	14	34	0.588235294117647
FBgn0037261	20	25	45	0.444444444444444
FBgn0037262	11	12	23	0.478260869565217
FBgn0037263	20	17	37	0.540540540540541
FBgn0037265	55	50	105	0.523809523809524
FBgn0037270	26	25	51	0.509803921568627
FBgn0037275	77	70	147	0.523809523809524
FBgn0037276	43	41	84	0.511904761904762
FBgn0037279	73	71	144	0.506944444444444
FBgn0037280	34	58	92	0.369565217391304
FBgn0037282	85	106	191	0.445026178010471
FBgn0037283	4	1	5	0.8
FBgn0037284	15	22	37	0.405405405405405
FBgn0037288	17	27	44	0.386363636363636
FBgn0037290	86	81	167	0.514970059880239
FBgn0037291	4	7	11	0.363636363636364
FBgn0037292	24	55	79	0.30379746835443
FBgn0037293	20	24	44	0.454545454545455
FBgn0037294	36	29	65	0.553846153846154
FBgn0037295	80	80	160	0.5
FBgn0037296	45	40	85	0.529411764705882
FBgn0037297	44	42	86	0.511627906976744
FBgn0037298	60	68	128	0.46875
FBgn0037299	26	20	46	0.565217391304348
FBgn0037301	86	90	176	0.488636363636364
FBgn0037304	77	78	155	0.496774193548387
FBgn0037305	5	11	16	0.3125
FBgn0037307	21	23	44	0.477272727272727
FBgn0037310	0	0	0	NA
FBgn0037312	31	13	44	0.704545454545455
FBgn0037313	35	38	73	0.479452054794521
FBgn0037315	37	30	67	0.552238805970149
FBgn0037317	14	12	26	0.538461538461538
FBgn0037320	11	20	31	0.354838709677419
FBgn0037322	0	0	0	NA
FBgn0037323	27	28	55	0.490909090909091
FBgn0037324	64	80	144	0.444444444444444
FBgn0037325	36	39	75	0.48
FBgn0037326	182	171	353	0.515580736543909
FBgn0037327	28	28	56	0.5
FBgn0037328	43	38	81	0.530864197530864
FBgn0037329	11	10	21	0.523809523809524
FBgn0037330	9	4	13	0.692307692307692
FBgn0037332	79	102	181	0.43646408839779
FBgn0037336	99	92	191	0.518324607329843
FBgn0037338	40	49	89	0.449438202247191
FBgn0037339	74	66	140	0.528571428571429
FBgn0037340	18	13	31	0.580645161290323
FBgn0037341	27	30	57	0.473684210526316
FBgn0037342	0	1	1	0
FBgn0037344	81	79	160	0.50625
FBgn0037345	23	20	43	0.534883720930233
FBgn0037347	28	25	53	0.528301886792453
FBgn0037350	32	29	61	0.524590163934426
FBgn0037351	19	11	30	0.633333333333333
FBgn0037354	0	0	0	NA
FBgn0037356	0	0	0	NA
FBgn0037358	29	44	73	0.397260273972603
FBgn0037359	21	13	34	0.617647058823529
FBgn0037360	34	40	74	0.459459459459459
FBgn0037363	31	29	60	0.516666666666667
FBgn0037364	10	21	31	0.32258064516129
FBgn0037365	25	2	27	0.925925925925926
FBgn0037368	0	0	0	NA
FBgn0037369	0	0	0	NA
FBgn0037370	0	0	0	NA
FBgn0037371	7	14	21	0.333333333333333
FBgn0037372	47	50	97	0.484536082474227
FBgn0037374	41	43	84	0.488095238095238
FBgn0037375	58	76	134	0.432835820895522
FBgn0037376	55	68	123	0.447154471544715
FBgn0037377	23	45	68	0.338235294117647
FBgn0037378	34	41	75	0.453333333333333
FBgn0037379	74	47	121	0.611570247933884
FBgn0037382	8	13	21	0.380952380952381
FBgn0037383	0	0	0	NA
FBgn0037384	1	0	1	1
FBgn0037385	30	37	67	0.447761194029851
FBgn0037386	46	53	99	0.464646464646465
FBgn0037387	79	64	143	0.552447552447552
FBgn0037388	3	6	9	0.333333333333333
FBgn0037389	34	36	70	0.485714285714286
FBgn0037391	69	64	133	0.518796992481203
FBgn0037395	9	16	25	0.36
FBgn0037396	13	12	25	0.52
FBgn0037397	35	30	65	0.538461538461538
FBgn0037398	68	59	127	0.535433070866142
FBgn0037399	89	78	167	0.532934131736527
FBgn0037402	65	74	139	0.467625899280576
FBgn0037405	33	46	79	0.417721518987342
FBgn0037406	36	32	68	0.529411764705882
FBgn0037408	127	114	241	0.526970954356846
FBgn0037409	159	141	300	0.53
FBgn0037410	78	90	168	0.464285714285714
FBgn0037411	14	19	33	0.424242424242424
FBgn0037412	30	19	49	0.612244897959184
FBgn0037413	14	10	24	0.583333333333333
FBgn0037414	0	1	1	0
FBgn0037415	12	10	22	0.545454545454545
FBgn0037416	13	10	23	0.565217391304348
FBgn0037417	27	22	49	0.551020408163265
FBgn0037418	0	0	0	NA
FBgn0037419	0	0	0	NA
FBgn0037420	0	0	0	NA
FBgn0037421	9	13	22	0.409090909090909
FBgn0037422	36	35	71	0.507042253521127
FBgn0037424	27	24	51	0.529411764705882
FBgn0037427	150	139	289	0.519031141868512
FBgn0037428	0	0	0	NA
FBgn0037429	3	3	6	0.5
FBgn0037430	16	12	28	0.571428571428571
FBgn0037431	27	26	53	0.509433962264151
FBgn0037432	52	47	99	0.525252525252525
FBgn0037433	16	14	30	0.533333333333333
FBgn0037435	10	14	24	0.416666666666667
FBgn0037436	20	17	37	0.540540540540541
FBgn0037439	48	34	82	0.585365853658537
FBgn0037440	84	68	152	0.552631578947368
FBgn0037442	143	121	264	0.541666666666667
FBgn0037443	138	106	244	0.565573770491803
FBgn0037445	41	40	81	0.506172839506173
FBgn0037446	35	36	71	0.492957746478873
FBgn0037447	18	13	31	0.580645161290323
FBgn0037448	118	110	228	0.517543859649123
FBgn0037449	99	76	175	0.565714285714286
FBgn0037454	68	81	149	0.456375838926175
FBgn0037455	54	48	102	0.529411764705882
FBgn0037456	54	73	127	0.425196850393701
FBgn0037460	54	62	116	0.46551724137931
FBgn0037461	7	0	7	1
FBgn0037462	63	50	113	0.557522123893805
FBgn0037463	51	50	101	0.504950495049505
FBgn0037464	34	60	94	0.361702127659574
FBgn0037465	70	82	152	0.460526315789474
FBgn0037466	80	89	169	0.473372781065089
FBgn0037467	77	64	141	0.546099290780142
FBgn0037468	18	21	39	0.461538461538462
FBgn0037469	24	30	54	0.444444444444444
FBgn0037470	34	30	64	0.53125
FBgn0037472	19	22	41	0.463414634146341
FBgn0037473	46	47	93	0.494623655913978
FBgn0037475	55	47	102	0.53921568627451
FBgn0037477	0	0	0	NA
FBgn0037478	8	3	11	0.727272727272727
FBgn0037481	31	21	52	0.596153846153846
FBgn0037482	57	47	104	0.548076923076923
FBgn0037483	0	0	0	NA
FBgn0037485	60	50	110	0.545454545454545
FBgn0037486	17	14	31	0.548387096774194
FBgn0037487	231	191	422	0.54739336492891
FBgn0037488	83	80	163	0.50920245398773
FBgn0037489	46	54	100	0.46
FBgn0037490	19	18	37	0.513513513513513
FBgn0037491	24	41	65	0.369230769230769
FBgn0037492	17	13	30	0.566666666666667
FBgn0037493	61	71	132	0.462121212121212
FBgn0037498	74	87	161	0.459627329192547
FBgn0037500	29	36	65	0.446153846153846
FBgn0037501	67	78	145	0.462068965517241
FBgn0037502	135	136	271	0.498154981549816
FBgn0037503	24	11	35	0.685714285714286
FBgn0037504	3	6	9	0.333333333333333
FBgn0037506	65	69	134	0.485074626865672
FBgn0037512	70	62	132	0.53030303030303
FBgn0037513	17	34	51	0.333333333333333
FBgn0037514	32	41	73	0.438356164383562
FBgn0037515	105	113	218	0.481651376146789
FBgn0037516	67	78	145	0.462068965517241
FBgn0037517	127	109	236	0.538135593220339
FBgn0037518	119	95	214	0.55607476635514
FBgn0037519	119	87	206	0.577669902912621
FBgn0037520	85	84	169	0.502958579881657
FBgn0037521	223	214	437	0.510297482837529
FBgn0037525	213	228	441	0.482993197278912
FBgn0037526	32	25	57	0.56140350877193
FBgn0037529	17	23	40	0.425
FBgn0037530	94	70	164	0.573170731707317
FBgn0037531	102	86	188	0.542553191489362
FBgn0037533	48	42	90	0.533333333333333
FBgn0037534	93	78	171	0.543859649122807
FBgn0037535	21	18	39	0.538461538461538
FBgn0037536	70	88	158	0.443037974683544
FBgn0037537	24	34	58	0.413793103448276
FBgn0037538	14	18	32	0.4375
FBgn0037539	31	29	60	0.516666666666667
FBgn0037540	1	2	3	0.333333333333333
FBgn0037541	48	38	86	0.558139534883721
FBgn0037543	11	12	23	0.478260869565217
FBgn0037544	39	42	81	0.481481481481481
FBgn0037546	125	110	235	0.531914893617021
FBgn0037547	15	15	30	0.5
FBgn0037548	23	33	56	0.410714285714286
FBgn0037549	25	30	55	0.454545454545455
FBgn0037550	13	10	23	0.565217391304348
FBgn0037551	43	36	79	0.544303797468354
FBgn0037552	39	49	88	0.443181818181818
FBgn0037553	91	93	184	0.494565217391304
FBgn0037554	28	36	64	0.4375
FBgn0037555	59	61	120	0.491666666666667
FBgn0037556	48	45	93	0.516129032258065
FBgn0037560	42	37	79	0.531645569620253
FBgn0037561	54	67	121	0.446280991735537
FBgn0037562	28	41	69	0.405797101449275
FBgn0037563	37	17	54	0.685185185185185
FBgn0037565	69	76	145	0.475862068965517
FBgn0037566	33	11	44	0.75
FBgn0037569	8	3	11	0.727272727272727
FBgn0037570	32	37	69	0.463768115942029
FBgn0037571	19	16	35	0.542857142857143
FBgn0037572	14	10	24	0.583333333333333
FBgn0037573	11	8	19	0.578947368421053
FBgn0037574	34	48	82	0.414634146341463
FBgn0037576	24	29	53	0.452830188679245
FBgn0037577	0	0	0	NA
FBgn0037578	0	0	0	NA
FBgn0037579	0	0	0	NA
FBgn0037580	1	0	1	1
FBgn0037581	0	0	0	NA
FBgn0037583	0	0	0	NA
FBgn0037584	0	0	0	NA
FBgn0037589	0	0	0	NA
FBgn0037590	34	31	65	0.523076923076923
FBgn0037591	37	24	61	0.60655737704918
FBgn0037592	123	124	247	0.497975708502024
FBgn0037594	56	57	113	0.495575221238938
FBgn0037601	85	74	159	0.534591194968553
FBgn0037602	9	11	20	0.45
FBgn0037603	0	0	0	NA
FBgn0037606	66	75	141	0.468085106382979
FBgn0037607	43	62	105	0.40952380952381
FBgn0037608	23	29	52	0.442307692307692
FBgn0037609	6	2	8	0.75
FBgn0037610	39	31	70	0.557142857142857
FBgn0037611	40	27	67	0.597014925373134
FBgn0037612	0	0	0	NA
FBgn0037613	15	9	24	0.625
FBgn0037614	46	40	86	0.534883720930233
FBgn0037615	12	3	15	0.8
FBgn0037616	29	34	63	0.46031746031746
FBgn0037617	82	67	149	0.550335570469799
FBgn0037618	1	2	3	0.333333333333333
FBgn0037619	40	49	89	0.449438202247191
FBgn0037620	19	13	32	0.59375
FBgn0037621	3	5	8	0.375
FBgn0037622	84	71	155	0.541935483870968
FBgn0037623	113	108	221	0.51131221719457
FBgn0037624	7	13	20	0.35
FBgn0037625	6	5	11	0.545454545454545
FBgn0037626	87	76	163	0.533742331288344
FBgn0037627	61	64	125	0.488
FBgn0037630	50	42	92	0.543478260869565
FBgn0037632	86	88	174	0.494252873563218
FBgn0037633	33	35	68	0.485294117647059
FBgn0037634	3	2	5	0.6
FBgn0037635	61	57	118	0.516949152542373
FBgn0037637	50	40	90	0.555555555555556
FBgn0037638	55	47	102	0.53921568627451
FBgn0037643	83	91	174	0.477011494252874
FBgn0037644	58	50	108	0.537037037037037
FBgn0037646	43	40	83	0.518072289156627
FBgn0037647	9	14	23	0.391304347826087
FBgn0037648	69	63	132	0.522727272727273
FBgn0037650	22	32	54	0.407407407407407
FBgn0037652	18	15	33	0.545454545454545
FBgn0037653	44	39	83	0.530120481927711
FBgn0037654	31	28	59	0.525423728813559
FBgn0037655	67	70	137	0.489051094890511
FBgn0037656	20	17	37	0.540540540540541
FBgn0037657	62	51	113	0.548672566371681
FBgn0037659	123	107	230	0.534782608695652
FBgn0037660	29	14	43	0.674418604651163
FBgn0037661	73	49	122	0.598360655737705
FBgn0037662	63	59	122	0.516393442622951
FBgn0037664	130	145	275	0.472727272727273
FBgn0037665	36	35	71	0.507042253521127
FBgn0037666	82	109	191	0.429319371727749
FBgn0037667	37	37	74	0.5
FBgn0037668	3	6	9	0.333333333333333
FBgn0037669	26	25	51	0.509803921568627
FBgn0037670	0	2	2	0
FBgn0037671	41	36	77	0.532467532467532
FBgn0037672	47	40	87	0.540229885057471
FBgn0037675	49	44	93	0.526881720430108
FBgn0037676	196	196	392	0.5
FBgn0037677	76	87	163	0.466257668711656
FBgn0037678	36	32	68	0.529411764705882
FBgn0037679	92	89	181	0.50828729281768
FBgn0037680	155	135	290	0.53448275862069
FBgn0037683	47	42	89	0.528089887640449
FBgn0037684	74	65	139	0.532374100719424
FBgn0037685	58	64	122	0.475409836065574
FBgn0037686	11	20	31	0.354838709677419
FBgn0037687	29	21	50	0.58
FBgn0037688	32	22	54	0.592592592592593
FBgn0037689	0	0	0	NA
FBgn0037690	110	82	192	0.572916666666667
FBgn0037696	49	49	98	0.5
FBgn0037697	122	116	238	0.512605042016807
FBgn0037698	448	448	896	0.5
FBgn0037700	1	6	7	0.142857142857143
FBgn0037702	136	124	260	0.523076923076923
FBgn0037703	22	33	55	0.4
FBgn0037705	150	156	306	0.490196078431373
FBgn0037707	9	8	17	0.529411764705882
FBgn0037708	18	14	32	0.5625
FBgn0037709	8	4	12	0.666666666666667
FBgn0037710	30	31	61	0.491803278688525
FBgn0037712	9	9	18	0.5
FBgn0037713	14	26	40	0.35
FBgn0037714	38	40	78	0.487179487179487
FBgn0037715	23	28	51	0.450980392156863
FBgn0037716	22	47	69	0.318840579710145
FBgn0037717	115	121	236	0.48728813559322
FBgn0037718	44	51	95	0.463157894736842
FBgn0037719	51	50	101	0.504950495049505
FBgn0037720	144	154	298	0.483221476510067
FBgn0037721	26	15	41	0.634146341463415
FBgn0037722	7	8	15	0.466666666666667
FBgn0037723	34	24	58	0.586206896551724
FBgn0037724	39	33	72	0.541666666666667
FBgn0037726	441	467	908	0.48568281938326
FBgn0037727	57	68	125	0.456
FBgn0037728	2	1	3	0.666666666666667
FBgn0037730	8	15	23	0.347826086956522
FBgn0037731	0	0	0	NA
FBgn0037734	79	49	128	0.6171875
FBgn0037736	82	81	163	0.503067484662577
FBgn0037737	15	11	26	0.576923076923077
FBgn0037739	0	0	0	NA
FBgn0037741	0	0	0	NA
FBgn0037742	0	0	0	NA
FBgn0037743	11	14	25	0.44
FBgn0037746	15	23	38	0.394736842105263
FBgn0037747	16	15	31	0.516129032258065
FBgn0037749	0	0	0	NA
FBgn0037750	48	57	105	0.457142857142857
FBgn0037751	85	87	172	0.494186046511628
FBgn0037753	0	0	0	NA
FBgn0037754	0	0	0	NA
FBgn0037755	0	0	0	NA
FBgn0037756	0	0	0	NA
FBgn0037757	14	13	27	0.518518518518518
FBgn0037758	8	16	24	0.333333333333333
FBgn0037759	18	19	37	0.486486486486487
FBgn0037760	14	19	33	0.424242424242424
FBgn0037761	0	1	1	0
FBgn0037762	29	34	63	0.46031746031746
FBgn0037763	0	0	0	NA
FBgn0037764	30	39	69	0.434782608695652
FBgn0037765	38	33	71	0.535211267605634
FBgn0037766	106	110	216	0.490740740740741
FBgn0037770	70	57	127	0.551181102362205
FBgn0037772	31	30	61	0.508196721311475
FBgn0037773	0	0	0	NA
FBgn0037777	10	13	23	0.434782608695652
FBgn0037778	24	31	55	0.436363636363636
FBgn0037779	50	33	83	0.602409638554217
FBgn0037780	25	24	49	0.510204081632653
FBgn0037781	8	5	13	0.615384615384615
FBgn0037782	12	14	26	0.461538461538462
FBgn0037783	11	25	36	0.305555555555556
FBgn0037786	8	11	19	0.421052631578947
FBgn0037788	124	126	250	0.496
FBgn0037792	178	143	321	0.554517133956386
FBgn0037794	44	60	104	0.423076923076923
FBgn0037796	64	57	121	0.528925619834711
FBgn0037797	0	0	0	NA
FBgn0037798	14	10	24	0.583333333333333
FBgn0037801	114	102	216	0.527777777777778
FBgn0037802	34	36	70	0.485714285714286
FBgn0037807	64	70	134	0.477611940298507
FBgn0037809	40	36	76	0.526315789473684
FBgn0037810	111	88	199	0.557788944723618
FBgn0037811	35	43	78	0.448717948717949
FBgn0037812	31	55	86	0.36046511627907
FBgn0037814	90	92	182	0.494505494505495
FBgn0037815	31	18	49	0.63265306122449
FBgn0037816	94	126	220	0.427272727272727
FBgn0037817	67	87	154	0.435064935064935
FBgn0037818	117	111	228	0.513157894736842
FBgn0037819	128	128	256	0.5
FBgn0037822	31	37	68	0.455882352941176
FBgn0037824	23	23	46	0.5
FBgn0037826	58	53	111	0.522522522522523
FBgn0037827	61	91	152	0.401315789473684
FBgn0037828	32	35	67	0.477611940298507
FBgn0037829	84	101	185	0.454054054054054
FBgn0037831	194	161	355	0.546478873239437
FBgn0037832	54	52	106	0.509433962264151
FBgn0037834	25	25	50	0.5
FBgn0037835	39	32	71	0.549295774647887
FBgn0037836	572	528	1100	0.52
FBgn0037837	143	117	260	0.55
FBgn0037838	110	108	218	0.504587155963303
FBgn0037841	40	49	89	0.449438202247191
FBgn0037842	31	23	54	0.574074074074074
FBgn0037843	85	82	167	0.508982035928144
FBgn0037844	47	59	106	0.443396226415094
FBgn0037845	80	62	142	0.563380281690141
FBgn0037846	91	84	175	0.52
FBgn0037848	20	17	37	0.540540540540541
FBgn0037849	61	58	119	0.512605042016807
FBgn0037850	30	28	58	0.517241379310345
FBgn0037852	57	66	123	0.463414634146341
FBgn0037853	65	69	134	0.485074626865672
FBgn0037855	81	89	170	0.476470588235294
FBgn0037856	88	97	185	0.475675675675676
FBgn0037857	7	8	15	0.466666666666667
FBgn0037860	80	83	163	0.49079754601227
FBgn0037862	101	86	187	0.540106951871658
FBgn0037870	64	93	157	0.407643312101911
FBgn0037873	53	60	113	0.469026548672566
FBgn0037874	57	54	111	0.513513513513513
FBgn0037875	108	118	226	0.47787610619469
FBgn0037876	21	23	44	0.477272727272727
FBgn0037877	83	76	159	0.522012578616352
FBgn0037878	39	34	73	0.534246575342466
FBgn0037879	32	26	58	0.551724137931034
FBgn0037880	82	70	152	0.539473684210526
FBgn0037881	60	61	121	0.495867768595041
FBgn0037882	51	60	111	0.459459459459459
FBgn0037883	6	6	12	0.5
FBgn0037884	122	128	250	0.488
FBgn0037885	54	44	98	0.551020408163265
FBgn0037888	48	65	113	0.424778761061947
FBgn0037889	43	29	72	0.597222222222222
FBgn0037890	107	99	206	0.519417475728155
FBgn0037891	98	99	197	0.49746192893401
FBgn0037892	41	39	80	0.5125
FBgn0037894	86	73	159	0.540880503144654
FBgn0037895	69	84	153	0.450980392156863
FBgn0037896	104	94	198	0.525252525252525
FBgn0037897	240	223	463	0.518358531317495
FBgn0037898	23	15	38	0.605263157894737
FBgn0037899	0	0	0	NA
FBgn0037900	0	0	0	NA
FBgn0037901	20	14	34	0.588235294117647
FBgn0037902	11	11	22	0.5
FBgn0037906	29	40	69	0.420289855072464
FBgn0037908	56	60	116	0.482758620689655
FBgn0037910	60	74	134	0.447761194029851
FBgn0037911	35	38	73	0.479452054794521
FBgn0037912	59	34	93	0.634408602150538
FBgn0037913	29	26	55	0.527272727272727
FBgn0037915	100	90	190	0.526315789473684
FBgn0037916	141	157	298	0.473154362416107
FBgn0037917	92	88	180	0.511111111111111
FBgn0037918	102	116	218	0.467889908256881
FBgn0037920	45	43	88	0.511363636363636
FBgn0037921	55	34	89	0.617977528089888
FBgn0037922	0	0	0	NA
FBgn0037923	46	50	96	0.479166666666667
FBgn0037924	221	225	446	0.495515695067265
FBgn0037926	142	166	308	0.461038961038961
FBgn0037930	3	5	8	0.375
FBgn0037931	105	105	210	0.5
FBgn0037933	64	55	119	0.53781512605042
FBgn0037934	167	175	342	0.488304093567251
FBgn0037935	191	187	378	0.505291005291005
FBgn0037936	73	84	157	0.464968152866242
FBgn0037937	42	43	85	0.494117647058824
FBgn0037939	47	32	79	0.594936708860759
FBgn0037940	29	26	55	0.527272727272727
FBgn0037941	246	199	445	0.552808988764045
FBgn0037942	15	18	33	0.454545454545455
FBgn0037943	16	7	23	0.695652173913043
FBgn0037944	149	151	300	0.496666666666667
FBgn0037949	110	116	226	0.486725663716814
FBgn0037950	42	36	78	0.538461538461538
FBgn0037955	111	122	233	0.476394849785408
FBgn0037956	150	140	290	0.517241379310345
FBgn0037958	155	159	314	0.493630573248408
FBgn0037960	125	117	242	0.516528925619835
FBgn0037962	8	16	24	0.333333333333333
FBgn0037963	355	316	671	0.529061102831595
FBgn0037964	154	153	307	0.501628664495114
FBgn0037970	0	0	0	NA
FBgn0037972	66	71	137	0.481751824817518
FBgn0037973	58	92	150	0.386666666666667
FBgn0037974	96	97	193	0.49740932642487
FBgn0037975	75	56	131	0.572519083969466
FBgn0037976	167	152	319	0.523510971786834
FBgn0037978	101	94	195	0.517948717948718
FBgn0037979	54	58	112	0.482142857142857
FBgn0037980	49	53	102	0.480392156862745
FBgn0037981	46	51	97	0.474226804123711
FBgn0037985	153	136	289	0.529411764705882
FBgn0037986	172	163	335	0.513432835820895
FBgn0037987	29	29	58	0.5
FBgn0037988	55	51	106	0.518867924528302
FBgn0037989	365	395	760	0.480263157894737
FBgn0037992	120	129	249	0.481927710843373
FBgn0037993	207	193	400	0.5175
FBgn0037994	117	104	221	0.529411764705882
FBgn0037995	59	49	108	0.546296296296296
FBgn0037996	106	104	210	0.504761904761905
FBgn0037997	0	0	0	NA
FBgn0037998	174	190	364	0.478021978021978
FBgn0037999	54	81	135	0.4
FBgn0038000	50	54	104	0.480769230769231
FBgn0038001	28	32	60	0.466666666666667
FBgn0038002	1	1	2	0.5
FBgn0038003	40	50	90	0.444444444444444
FBgn0038005	100	93	193	0.518134715025907
FBgn0038006	109	109	218	0.5
FBgn0038007	154	149	303	0.508250825082508
FBgn0038008	143	136	279	0.512544802867383
FBgn0038009	34	34	68	0.5
FBgn0038011	175	195	370	0.472972972972973
FBgn0038012	42	46	88	0.477272727272727
FBgn0038013	123	123	246	0.5
FBgn0038014	115	88	203	0.566502463054187
FBgn0038016	176	186	362	0.486187845303867
FBgn0038017	65	67	132	0.492424242424242
FBgn0038018	40	35	75	0.533333333333333
FBgn0038020	62	76	138	0.449275362318841
FBgn0038028	136	129	265	0.513207547169811
FBgn0038029	88	85	173	0.508670520231214
FBgn0038032	0	0	0	NA
FBgn0038033	0	0	0	NA
FBgn0038034	117	122	239	0.489539748953975
FBgn0038037	65	59	124	0.524193548387097
FBgn0038038	76	80	156	0.487179487179487
FBgn0038039	118	136	254	0.464566929133858
FBgn0038042	55	60	115	0.478260869565217
FBgn0038043	28	47	75	0.373333333333333
FBgn0038045	60	66	126	0.476190476190476
FBgn0038046	51	52	103	0.495145631067961
FBgn0038047	65	72	137	0.474452554744526
FBgn0038049	48	50	98	0.489795918367347
FBgn0038051	0	0	0	NA
FBgn0038053	85	84	169	0.502958579881657
FBgn0038054	41	53	94	0.436170212765957
FBgn0038055	51	56	107	0.476635514018692
FBgn0038056	89	119	208	0.427884615384615
FBgn0038057	17	23	40	0.425
FBgn0038058	38	47	85	0.447058823529412
FBgn0038063	413	453	866	0.476905311778291
FBgn0038065	87	82	169	0.514792899408284
FBgn0038067	43	38	81	0.530864197530864
FBgn0038068	80	89	169	0.473372781065089
FBgn0038069	94	83	177	0.531073446327684
FBgn0038070	46	46	92	0.5
FBgn0038071	168	180	348	0.482758620689655
FBgn0038072	183	228	411	0.445255474452555
FBgn0038073	294	297	591	0.49746192893401
FBgn0038074	88	80	168	0.523809523809524
FBgn0038076	82	93	175	0.468571428571429
FBgn0038078	31	15	46	0.673913043478261
FBgn0038079	106	100	206	0.514563106796116
FBgn0038080	14	19	33	0.424242424242424
FBgn0038082	138	171	309	0.446601941747573
FBgn0038083	101	119	220	0.459090909090909
FBgn0038084	253	265	518	0.488416988416988
FBgn0038087	201	181	382	0.526178010471204
FBgn0038088	82	79	161	0.509316770186335
FBgn0038089	28	25	53	0.528301886792453
FBgn0038090	110	80	190	0.578947368421053
FBgn0038092	151	156	307	0.49185667752443
FBgn0038095	102	109	211	0.483412322274882
FBgn0038097	9	5	14	0.642857142857143
FBgn0038098	217	173	390	0.556410256410256
FBgn0038099	92	98	190	0.484210526315789
FBgn0038100	114	116	230	0.495652173913044
FBgn0038102	47	42	89	0.528089887640449
FBgn0038105	79	76	155	0.509677419354839
FBgn0038106	26	21	47	0.553191489361702
FBgn0038107	0	0	0	NA
FBgn0038108	244	240	484	0.504132231404959
FBgn0038109	20	17	37	0.540540540540541
FBgn0038110	42	60	102	0.411764705882353
FBgn0038113	40	51	91	0.43956043956044
FBgn0038114	120	112	232	0.517241379310345
FBgn0038115	64	66	130	0.492307692307692
FBgn0038118	135	144	279	0.483870967741935
FBgn0038122	54	48	102	0.529411764705882
FBgn0038123	82	99	181	0.453038674033149
FBgn0038124	61	52	113	0.539823008849557
FBgn0038125	97	77	174	0.557471264367816
FBgn0038126	165	161	326	0.506134969325153
FBgn0038127	60	54	114	0.526315789473684
FBgn0038128	30	14	44	0.681818181818182
FBgn0038129	29	20	49	0.591836734693878
FBgn0038130	130	120	250	0.52
FBgn0038131	65	68	133	0.488721804511278
FBgn0038132	86	98	184	0.467391304347826
FBgn0038133	46	60	106	0.433962264150943
FBgn0038134	40	35	75	0.533333333333333
FBgn0038135	154	152	306	0.503267973856209
FBgn0038136	67	65	132	0.507575757575758
FBgn0038139	224	241	465	0.481720430107527
FBgn0038140	89	91	180	0.494444444444444
FBgn0038142	0	0	0	NA
FBgn0038143	42	41	83	0.506024096385542
FBgn0038144	32	29	61	0.524590163934426
FBgn0038145	23	33	56	0.410714285714286
FBgn0038146	0	0	0	NA
FBgn0038147	35	35	70	0.5
FBgn0038148	36	41	77	0.467532467532468
FBgn0038149	74	63	137	0.54014598540146
FBgn0038150	74	79	153	0.483660130718954
FBgn0038151	75	41	116	0.646551724137931
FBgn0038153	16	9	25	0.64
FBgn0038156	13	17	30	0.433333333333333
FBgn0038157	25	20	45	0.555555555555556
FBgn0038158	60	79	139	0.431654676258993
FBgn0038159	39	29	68	0.573529411764706
FBgn0038160	129	126	255	0.505882352941176
FBgn0038161	13	18	31	0.419354838709677
FBgn0038163	132	120	252	0.523809523809524
FBgn0038165	256	239	495	0.517171717171717
FBgn0038166	30	35	65	0.461538461538462
FBgn0038167	71	72	143	0.496503496503497
FBgn0038168	89	70	159	0.559748427672956
FBgn0038170	44	43	87	0.505747126436782
FBgn0038172	76	77	153	0.496732026143791
FBgn0038173	135	98	233	0.579399141630901
FBgn0038179	81	76	157	0.515923566878981
FBgn0038180	105	117	222	0.472972972972973
FBgn0038181	353	338	691	0.510853835021708
FBgn0038183	103	86	189	0.544973544973545
FBgn0038186	54	54	108	0.5
FBgn0038188	2	4	6	0.333333333333333
FBgn0038189	87	110	197	0.441624365482233
FBgn0038190	98	89	187	0.524064171122995
FBgn0038191	116	119	235	0.493617021276596
FBgn0038194	116	130	246	0.471544715447154
FBgn0038195	103	105	208	0.495192307692308
FBgn0038196	96	103	199	0.482412060301508
FBgn0038197	274	300	574	0.477351916376307
FBgn0038198	50	61	111	0.45045045045045
FBgn0038199	45	41	86	0.523255813953488
FBgn0038200	5	3	8	0.625
FBgn0038201	142	140	282	0.50354609929078
FBgn0038202	132	115	247	0.534412955465587
FBgn0038203	2	2	4	0.5
FBgn0038204	104	114	218	0.477064220183486
FBgn0038205	119	130	249	0.477911646586345
FBgn0038206	73	66	139	0.525179856115108
FBgn0038207	91	77	168	0.541666666666667
FBgn0038208	155	159	314	0.493630573248408
FBgn0038209	83	81	164	0.50609756097561
FBgn0038210	73	68	141	0.517730496453901
FBgn0038211	105	117	222	0.472972972972973
FBgn0038213	108	100	208	0.519230769230769
FBgn0038214	26	41	67	0.388059701492537
FBgn0038217	15	7	22	0.681818181818182
FBgn0038218	41	40	81	0.506172839506173
FBgn0038219	37	28	65	0.569230769230769
FBgn0038221	130	113	243	0.534979423868313
FBgn0038223	225	290	515	0.436893203883495
FBgn0038224	87	63	150	0.58
FBgn0038225	30	37	67	0.447761194029851
FBgn0038233	79	82	161	0.490683229813665
FBgn0038234	34	29	63	0.53968253968254
FBgn0038235	12	14	26	0.461538461538462
FBgn0038236	1	2	3	0.333333333333333
FBgn0038237	102	125	227	0.449339207048458
FBgn0038238	1	1	2	0.5
FBgn0038239	23	32	55	0.418181818181818
FBgn0038240	19	21	40	0.475
FBgn0038241	7	10	17	0.411764705882353
FBgn0038242	14	14	28	0.5
FBgn0038243	83	69	152	0.546052631578947
FBgn0038244	227	198	425	0.534117647058823
FBgn0038246	95	91	186	0.510752688172043
FBgn0038247	405	418	823	0.492102065613609
FBgn0038248	144	137	281	0.512455516014235
FBgn0038250	20	15	35	0.571428571428571
FBgn0038251	0	0	0	NA
FBgn0038252	1	1	2	0.5
FBgn0038256	144	122	266	0.541353383458647
FBgn0038257	173	190	363	0.476584022038567
FBgn0038258	248	239	487	0.509240246406571
FBgn0038260	147	118	265	0.554716981132075
FBgn0038261	138	115	253	0.545454545454545
FBgn0038262	144	159	303	0.475247524752475
FBgn0038266	11	14	25	0.44
FBgn0038268	0	0	0	NA
FBgn0038269	63	53	116	0.543103448275862
FBgn0038271	12	14	26	0.461538461538462
FBgn0038272	18	11	29	0.620689655172414
FBgn0038273	0	0	0	NA
FBgn0038274	0	0	0	NA
FBgn0038275	0	0	0	NA
FBgn0038277	26	29	55	0.472727272727273
FBgn0038279	65	54	119	0.546218487394958
FBgn0038280	70	62	132	0.53030303030303
FBgn0038281	46	55	101	0.455445544554455
FBgn0038282	237	228	465	0.509677419354839
FBgn0038285	31	30	61	0.508196721311475
FBgn0038286	73	92	165	0.442424242424242
FBgn0038290	88	94	182	0.483516483516484
FBgn0038291	0	0	0	NA
FBgn0038292	52	55	107	0.485981308411215
FBgn0038294	339	330	669	0.506726457399103
FBgn0038295	121	124	245	0.493877551020408
FBgn0038296	0	0	0	NA
FBgn0038299	51	41	92	0.554347826086957
FBgn0038300	37	30	67	0.552238805970149
FBgn0038301	6	9	15	0.4
FBgn0038302	23	16	39	0.58974358974359
FBgn0038303	65	58	123	0.528455284552846
FBgn0038304	2	1	3	0.666666666666667
FBgn0038306	13	13	26	0.5
FBgn0038307	0	0	0	NA
FBgn0038309	53	38	91	0.582417582417582
FBgn0038311	20	14	34	0.588235294117647
FBgn0038312	0	0	0	NA
FBgn0038313	0	2	2	0
FBgn0038315	0	0	0	NA
FBgn0038316	33	44	77	0.428571428571429
FBgn0038318	9	13	22	0.409090909090909
FBgn0038319	1	4	5	0.2
FBgn0038320	108	85	193	0.559585492227979
FBgn0038321	1	0	1	1
FBgn0038324	44	41	85	0.517647058823529
FBgn0038325	62	49	111	0.558558558558559
FBgn0038326	19	31	50	0.38
FBgn0038327	8	12	20	0.4
FBgn0038330	71	86	157	0.452229299363057
FBgn0038331	46	51	97	0.474226804123711
FBgn0038332	0	0	0	NA
FBgn0038334	34	18	52	0.653846153846154
FBgn0038337	97	95	192	0.505208333333333
FBgn0038339	204	196	400	0.51
FBgn0038342	82	78	160	0.5125
FBgn0038343	33	29	62	0.532258064516129
FBgn0038344	207	185	392	0.528061224489796
FBgn0038345	18	23	41	0.439024390243902
FBgn0038348	241	234	475	0.507368421052632
FBgn0038349	272	263	535	0.508411214953271
FBgn0038350	162	140	302	0.536423841059603
FBgn0038353	27	26	53	0.509433962264151
FBgn0038354	205	164	369	0.555555555555556
FBgn0038355	55	65	120	0.458333333333333
FBgn0038356	26	34	60	0.433333333333333
FBgn0038357	79	75	154	0.512987012987013
FBgn0038358	110	92	202	0.544554455445545
FBgn0038359	98	105	203	0.482758620689655
FBgn0038360	75	60	135	0.555555555555556
FBgn0038361	42	45	87	0.482758620689655
FBgn0038363	2	3	5	0.4
FBgn0038365	0	0	0	NA
FBgn0038366	95	94	189	0.502645502645503
FBgn0038369	16	25	41	0.390243902439024
FBgn0038371	16	15	31	0.516129032258065
FBgn0038373	27	23	50	0.54
FBgn0038376	37	32	69	0.536231884057971
FBgn0038377	54	45	99	0.545454545454545
FBgn0038380	104	79	183	0.568306010928962
FBgn0038381	77	63	140	0.55
FBgn0038385	97	79	176	0.551136363636364
FBgn0038386	35	33	68	0.514705882352941
FBgn0038387	47	42	89	0.528089887640449
FBgn0038388	90	76	166	0.542168674698795
FBgn0038389	24	13	37	0.648648648648649
FBgn0038390	136	127	263	0.517110266159696
FBgn0038391	97	108	205	0.473170731707317
FBgn0038394	38	25	63	0.603174603174603
FBgn0038395	49	44	93	0.526881720430108
FBgn0038396	22	18	40	0.55
FBgn0038397	259	258	517	0.500967117988395
FBgn0038398	100	101	201	0.497512437810945
FBgn0038400	72	87	159	0.452830188679245
FBgn0038401	116	115	231	0.502164502164502
FBgn0038402	72	79	151	0.47682119205298
FBgn0038404	188	199	387	0.48578811369509
FBgn0038405	100	111	211	0.4739336492891
FBgn0038407	202	191	393	0.513994910941476
FBgn0038412	121	114	235	0.514893617021277
FBgn0038414	79	105	184	0.429347826086957
FBgn0038415	102	111	213	0.47887323943662
FBgn0038416	49	73	122	0.401639344262295
FBgn0038418	176	116	292	0.602739726027397
FBgn0038419	141	136	277	0.509025270758123
FBgn0038420	63	61	124	0.508064516129032
FBgn0038421	38	22	60	0.633333333333333
FBgn0038422	171	185	356	0.480337078651685
FBgn0038423	109	136	245	0.444897959183673
FBgn0038424	79	90	169	0.467455621301775
FBgn0038425	84	64	148	0.567567567567568
FBgn0038426	32	31	63	0.507936507936508
FBgn0038427	238	217	455	0.523076923076923
FBgn0038428	53	47	100	0.53
FBgn0038429	71	84	155	0.458064516129032
FBgn0038431	96	81	177	0.542372881355932
FBgn0038432	39	45	84	0.464285714285714
FBgn0038435	12	12	24	0.5
FBgn0038436	6	11	17	0.352941176470588
FBgn0038437	31	49	80	0.3875
FBgn0038438	72	80	152	0.473684210526316
FBgn0038439	565	500	1065	0.530516431924883
FBgn0038440	53	56	109	0.486238532110092
FBgn0038445	29	40	69	0.420289855072464
FBgn0038446	21	33	54	0.388888888888889
FBgn0038447	155	161	316	0.490506329113924
FBgn0038448	55	51	106	0.518867924528302
FBgn0038449	71	64	135	0.525925925925926
FBgn0038450	98	91	189	0.518518518518518
FBgn0038451	131	116	247	0.530364372469636
FBgn0038452	70	86	156	0.448717948717949
FBgn0038453	79	71	150	0.526666666666667
FBgn0038454	45	55	100	0.45
FBgn0038455	24	24	48	0.5
FBgn0038458	5	5	10	0.5
FBgn0038460	88	74	162	0.54320987654321
FBgn0038461	21	49	70	0.3
FBgn0038462	94	33	127	0.740157480314961
FBgn0038463	49	43	92	0.532608695652174
FBgn0038465	188	195	383	0.490861618798956
FBgn0038466	119	113	232	0.512931034482759
FBgn0038467	78	68	146	0.534246575342466
FBgn0038468	0	0	0	NA
FBgn0038469	85	71	156	0.544871794871795
FBgn0038470	56	61	117	0.478632478632479
FBgn0038471	0	0	0	NA
FBgn0038472	0	0	0	NA
FBgn0038473	92	69	161	0.571428571428571
FBgn0038474	41	39	80	0.5125
FBgn0038475	187	201	388	0.481958762886598
FBgn0038476	145	178	323	0.448916408668731
FBgn0038478	119	132	251	0.474103585657371
FBgn0038479	55	50	105	0.523809523809524
FBgn0038481	96	84	180	0.533333333333333
FBgn0038482	83	80	163	0.50920245398773
FBgn0038484	88	92	180	0.488888888888889
FBgn0038485	79	88	167	0.473053892215569
FBgn0038486	145	118	263	0.551330798479088
FBgn0038487	61	70	131	0.465648854961832
FBgn0038488	251	247	498	0.504016064257028
FBgn0038490	84	85	169	0.497041420118343
FBgn0038491	79	69	148	0.533783783783784
FBgn0038492	420	490	910	0.461538461538462
FBgn0038494	159	183	342	0.464912280701754
FBgn0038498	250	280	530	0.471698113207547
FBgn0038499	209	193	402	0.519900497512438
FBgn0038504	235	235	470	0.5
FBgn0038505	111	151	262	0.423664122137405
FBgn0038506	105	159	264	0.397727272727273
FBgn0038507	81	218	299	0.270903010033445
FBgn0038508	54	109	163	0.331288343558282
FBgn0038509	53	35	88	0.602272727272727
FBgn0038510	143	108	251	0.569721115537849
FBgn0038511	256	274	530	0.483018867924528
FBgn0038512	67	87	154	0.435064935064935
FBgn0038515	148	134	282	0.524822695035461
FBgn0038516	36	30	66	0.545454545454545
FBgn0038519	83	81	164	0.50609756097561
FBgn0038523	56	44	100	0.56
FBgn0038524	167	157	324	0.515432098765432
FBgn0038525	109	118	227	0.480176211453745
FBgn0038526	118	123	241	0.489626556016597
FBgn0038527	53	60	113	0.469026548672566
FBgn0038528	22	37	59	0.372881355932203
FBgn0038529	83	104	187	0.443850267379679
FBgn0038530	80	81	161	0.496894409937888
FBgn0038531	83	108	191	0.43455497382199
FBgn0038532	327	344	671	0.487332339791356
FBgn0038533	56	64	120	0.466666666666667
FBgn0038535	226	237	463	0.488120950323974
FBgn0038536	40	40	80	0.5
FBgn0038539	60	48	108	0.555555555555556
FBgn0038540	86	93	179	0.480446927374302
FBgn0038541	264	248	512	0.515625
FBgn0038542	379	343	722	0.524930747922438
FBgn0038545	74	81	155	0.47741935483871
FBgn0038546	74	77	151	0.490066225165563
FBgn0038547	140	119	259	0.540540540540541
FBgn0038548	57	69	126	0.452380952380952
FBgn0038549	102	83	185	0.551351351351351
FBgn0038550	95	120	215	0.441860465116279
FBgn0038551	93	99	192	0.484375
FBgn0038552	106	112	218	0.486238532110092
FBgn0038558	60	56	116	0.517241379310345
FBgn0038564	139	148	287	0.484320557491289
FBgn0038565	116	93	209	0.555023923444976
FBgn0038566	99	76	175	0.565714285714286
FBgn0038567	99	104	203	0.487684729064039
FBgn0038568	0	0	0	NA
FBgn0038569	98	100	198	0.494949494949495
FBgn0038570	0	0	0	NA
FBgn0038571	0	0	0	NA
FBgn0038575	44	55	99	0.444444444444444
FBgn0038576	44	35	79	0.556962025316456
FBgn0038577	39	46	85	0.458823529411765
FBgn0038578	138	112	250	0.552
FBgn0038579	39	38	77	0.506493506493506
FBgn0038581	108	120	228	0.473684210526316
FBgn0038582	26	19	45	0.577777777777778
FBgn0038583	107	78	185	0.578378378378378
FBgn0038584	91	93	184	0.494565217391304
FBgn0038585	24	41	65	0.369230769230769
FBgn0038586	58	73	131	0.442748091603053
FBgn0038588	174	157	331	0.525679758308157
FBgn0038589	0	0	0	NA
FBgn0038590	67	69	136	0.492647058823529
FBgn0038592	101	90	191	0.528795811518325
FBgn0038593	181	194	375	0.482666666666667
FBgn0038595	72	77	149	0.483221476510067
FBgn0038596	15	19	34	0.441176470588235
FBgn0038597	175	200	375	0.466666666666667
FBgn0038598	115	113	228	0.504385964912281
FBgn0038601	139	78	217	0.640552995391705
FBgn0038602	115	48	163	0.705521472392638
FBgn0038603	322	318	640	0.503125
FBgn0038606	297	311	608	0.488486842105263
FBgn0038607	122	137	259	0.471042471042471
FBgn0038608	131	103	234	0.55982905982906
FBgn0038609	80	83	163	0.49079754601227
FBgn0038610	163	152	315	0.517460317460318
FBgn0038611	245	230	475	0.515789473684211
FBgn0038612	25	22	47	0.531914893617021
FBgn0038613	142	165	307	0.462540716612378
FBgn0038617	84	89	173	0.485549132947977
FBgn0038619	66	86	152	0.434210526315789
FBgn0038621	96	96	192	0.5
FBgn0038626	79	77	156	0.506410256410256
FBgn0038627	65	60	125	0.52
FBgn0038629	313	319	632	0.495253164556962
FBgn0038630	60	63	123	0.48780487804878
FBgn0038631	69	92	161	0.428571428571429
FBgn0038632	183	158	341	0.536656891495601
FBgn0038638	122	112	234	0.521367521367521
FBgn0038640	78	89	167	0.467065868263473
FBgn0038641	68	62	130	0.523076923076923
FBgn0038642	173	203	376	0.460106382978723
FBgn0038643	32	38	70	0.457142857142857
FBgn0038645	0	0	0	NA
FBgn0038646	19	11	30	0.633333333333333
FBgn0038647	22	15	37	0.594594594594595
FBgn0038649	80	90	170	0.470588235294118
FBgn0038651	424	448	872	0.486238532110092
FBgn0038652	310	312	622	0.498392282958199
FBgn0038653	446	449	895	0.498324022346369
FBgn0038654	86	78	164	0.524390243902439
FBgn0038655	80	98	178	0.449438202247191
FBgn0038656	23	25	48	0.479166666666667
FBgn0038658	66	50	116	0.568965517241379
FBgn0038659	161	174	335	0.480597014925373
FBgn0038660	185	168	353	0.524079320113314
FBgn0038662	63	80	143	0.440559440559441
FBgn0038665	38	33	71	0.535211267605634
FBgn0038666	117	106	223	0.524663677130045
FBgn0038672	82	90	172	0.476744186046512
FBgn0038673	76	52	128	0.59375
FBgn0038674	68	65	133	0.511278195488722
FBgn0038675	63	53	116	0.543103448275862
FBgn0038676	316	359	675	0.468148148148148
FBgn0038678	24	39	63	0.380952380952381
FBgn0038679	558	563	1121	0.497769848349688
FBgn0038680	227	156	383	0.592689295039164
FBgn0038681	160	70	230	0.695652173913043
FBgn0038682	118	117	235	0.502127659574468
FBgn0038683	208	204	412	0.504854368932039
FBgn0038685	72	56	128	0.5625
FBgn0038686	87	82	169	0.514792899408284
FBgn0038690	101	82	183	0.551912568306011
FBgn0038691	54	43	97	0.556701030927835
FBgn0038692	44	65	109	0.403669724770642
FBgn0038693	682	670	1352	0.504437869822485
FBgn0038694	104	94	198	0.525252525252525
FBgn0038695	200	244	444	0.45045045045045
FBgn0038697	53	44	97	0.54639175257732
FBgn0038700	151	143	294	0.513605442176871
FBgn0038701	119	147	266	0.447368421052632
FBgn0038702	118	100	218	0.541284403669725
FBgn0038704	155	123	278	0.557553956834532
FBgn0038705	145	147	292	0.496575342465753
FBgn0038706	83	96	179	0.463687150837989
FBgn0038708	79	83	162	0.487654320987654
FBgn0038709	80	63	143	0.559440559440559
FBgn0038714	107	115	222	0.481981981981982
FBgn0038715	127	141	268	0.473880597014925
FBgn0038716	259	234	493	0.525354969574036
FBgn0038717	159	171	330	0.481818181818182
FBgn0038718	166	207	373	0.445040214477212
FBgn0038719	147	116	263	0.55893536121673
FBgn0038720	376	328	704	0.534090909090909
FBgn0038721	245	261	506	0.484189723320158
FBgn0038722	10	16	26	0.384615384615385
FBgn0038723	46	39	85	0.541176470588235
FBgn0038725	224	239	463	0.483801295896328
FBgn0038727	157	152	309	0.508090614886731
FBgn0038730	71	79	150	0.473333333333333
FBgn0038731	94	104	198	0.474747474747475
FBgn0038732	55	57	112	0.491071428571429
FBgn0038733	144	128	272	0.529411764705882
FBgn0038734	101	87	188	0.537234042553192
FBgn0038735	217	237	454	0.477973568281938
FBgn0038737	3	6	9	0.333333333333333
FBgn0038738	19	12	31	0.612903225806452
FBgn0038739	40	50	90	0.444444444444444
FBgn0038740	288	330	618	0.466019417475728
FBgn0038741	111	136	247	0.449392712550607
FBgn0038742	82	84	166	0.493975903614458
FBgn0038744	168	155	323	0.520123839009288
FBgn0038745	151	145	296	0.510135135135135
FBgn0038746	2	1	3	0.666666666666667
FBgn0038747	291	251	542	0.53690036900369
FBgn0038749	0	0	0	NA
FBgn0038750	108	122	230	0.469565217391304
FBgn0038751	177	140	317	0.558359621451104
FBgn0038752	166	158	324	0.512345679012346
FBgn0038753	116	108	224	0.517857142857143
FBgn0038755	258	272	530	0.486792452830189
FBgn0038756	9	7	16	0.5625
FBgn0038760	113	143	256	0.44140625
FBgn0038761	63	57	120	0.525
FBgn0038763	93	93	186	0.5
FBgn0038765	96	85	181	0.530386740331492
FBgn0038766	61	66	127	0.480314960629921
FBgn0038767	107	92	199	0.537688442211055
FBgn0038768	111	105	216	0.513888888888889
FBgn0038769	51	49	100	0.51
FBgn0038771	73	59	132	0.553030303030303
FBgn0038772	79	81	160	0.49375
FBgn0038773	123	120	243	0.506172839506173
FBgn0038774	52	45	97	0.536082474226804
FBgn0038775	107	99	206	0.519417475728155
FBgn0038783	70	76	146	0.479452054794521
FBgn0038784	81	65	146	0.554794520547945
FBgn0038787	120	101	221	0.542986425339366
FBgn0038788	77	74	151	0.509933774834437
FBgn0038789	245	257	502	0.48804780876494
FBgn0038790	26	26	52	0.5
FBgn0038795	103	93	196	0.525510204081633
FBgn0038796	39	58	97	0.402061855670103
FBgn0038797	82	132	214	0.383177570093458
FBgn0038798	104	107	211	0.492890995260663
FBgn0038799	182	140	322	0.565217391304348
FBgn0038803	203	210	413	0.491525423728814
FBgn0038804	92	105	197	0.467005076142132
FBgn0038805	98	93	191	0.513089005235602
FBgn0038806	29	20	49	0.591836734693878
FBgn0038808	14	15	29	0.482758620689655
FBgn0038809	114	122	236	0.483050847457627
FBgn0038810	66	55	121	0.545454545454545
FBgn0038811	85	67	152	0.559210526315789
FBgn0038814	220	199	419	0.525059665871122
FBgn0038815	106	111	217	0.488479262672811
FBgn0038816	368	364	732	0.502732240437158
FBgn0038818	223	240	463	0.481641468682505
FBgn0038819	158	140	298	0.530201342281879
FBgn0038820	44	42	86	0.511627906976744
FBgn0038821	39	34	73	0.534246575342466
FBgn0038826	510	516	1026	0.497076023391813
FBgn0038827	301	279	580	0.518965517241379
FBgn0038828	116	121	237	0.489451476793249
FBgn0038829	167	159	326	0.512269938650307
FBgn0038830	13	19	32	0.40625
FBgn0038832	76	61	137	0.554744525547445
FBgn0038833	0	0	0	NA
FBgn0038834	8	15	23	0.347826086956522
FBgn0038837	262	254	516	0.507751937984496
FBgn0038838	35	33	68	0.514705882352941
FBgn0038839	92	107	199	0.462311557788945
FBgn0038840	242	242	484	0.5
FBgn0038842	219	205	424	0.516509433962264
FBgn0038845	90	94	184	0.489130434782609
FBgn0038846	71	38	109	0.651376146788991
FBgn0038847	45	76	121	0.371900826446281
FBgn0038849	118	133	251	0.470119521912351
FBgn0038850	102	103	205	0.497560975609756
FBgn0038851	114	134	248	0.459677419354839
FBgn0038852	85	97	182	0.467032967032967
FBgn0038853	417	410	827	0.504232164449819
FBgn0038854	176	217	393	0.447837150127226
FBgn0038855	94	96	190	0.494736842105263
FBgn0038857	51	53	104	0.490384615384615
FBgn0038858	63	57	120	0.525
FBgn0038859	11	13	24	0.458333333333333
FBgn0038860	165	165	330	0.5
FBgn0038861	79	68	147	0.537414965986395
FBgn0038862	173	164	337	0.513353115727003
FBgn0038865	144	123	267	0.539325842696629
FBgn0038866	103	131	234	0.44017094017094
FBgn0038868	73	89	162	0.450617283950617
FBgn0038869	85	62	147	0.578231292517007
FBgn0038870	54	49	103	0.524271844660194
FBgn0038871	19	30	49	0.387755102040816
FBgn0038872	183	173	356	0.514044943820225
FBgn0038873	179	161	340	0.526470588235294
FBgn0038874	330	329	659	0.500758725341426
FBgn0038876	28	23	51	0.549019607843137
FBgn0038877	63	76	139	0.453237410071942
FBgn0038878	126	124	250	0.504
FBgn0038879	45	44	89	0.50561797752809
FBgn0038880	175	183	358	0.488826815642458
FBgn0038881	408	392	800	0.51
FBgn0038886	186	159	345	0.539130434782609
FBgn0038887	157	128	285	0.550877192982456
FBgn0038888	42	75	117	0.358974358974359
FBgn0038889	308	291	599	0.514190317195326
FBgn0038890	296	301	597	0.495812395309883
FBgn0038892	130	110	240	0.541666666666667
FBgn0038893	118	89	207	0.570048309178744
FBgn0038894	131	118	249	0.526104417670683
FBgn0038897	217	219	436	0.497706422018349
FBgn0038901	43	40	83	0.518072289156627
FBgn0038902	84	62	146	0.575342465753425
FBgn0038903	42	36	78	0.538461538461538
FBgn0038909	64	66	130	0.492307692307692
FBgn0038912	133	144	277	0.48014440433213
FBgn0038914	20	14	34	0.588235294117647
FBgn0038915	59	57	116	0.508620689655172
FBgn0038916	29	42	71	0.408450704225352
FBgn0038917	171	202	373	0.458445040214477
FBgn0038918	91	98	189	0.481481481481481
FBgn0038919	128	129	257	0.498054474708171
FBgn0038921	131	97	228	0.574561403508772
FBgn0038922	147	161	308	0.477272727272727
FBgn0038923	40	46	86	0.465116279069767
FBgn0038924	37	28	65	0.569230769230769
FBgn0038925	94	103	197	0.477157360406091
FBgn0038926	111	142	253	0.438735177865613
FBgn0038927	0	0	0	NA
FBgn0038928	56	41	97	0.577319587628866
FBgn0038929	135	142	277	0.487364620938628
FBgn0038930	73	81	154	0.474025974025974
FBgn0038931	123	105	228	0.539473684210526
FBgn0038934	122	134	256	0.4765625
FBgn0038938	264	249	513	0.514619883040936
FBgn0038941	104	114	218	0.477064220183486
FBgn0038942	56	50	106	0.528301886792453
FBgn0038943	64	90	154	0.415584415584416
FBgn0038944	63	56	119	0.529411764705882
FBgn0038945	23	36	59	0.389830508474576
FBgn0038946	101	133	234	0.431623931623932
FBgn0038947	114	140	254	0.448818897637795
FBgn0038948	82	75	157	0.522292993630573
FBgn0038950	60	69	129	0.465116279069767
FBgn0038951	109	100	209	0.521531100478469
FBgn0038952	82	96	178	0.460674157303371
FBgn0038953	243	270	513	0.473684210526316
FBgn0038956	93	82	175	0.531428571428571
FBgn0038957	40	52	92	0.434782608695652
FBgn0038958	54	53	107	0.504672897196262
FBgn0038959	59	59	118	0.5
FBgn0038960	122	128	250	0.488
FBgn0038961	123	133	256	0.48046875
FBgn0038964	101	110	211	0.478672985781991
FBgn0038965	79	75	154	0.512987012987013
FBgn0038966	63	64	127	0.496062992125984
FBgn0038967	190	178	368	0.516304347826087
FBgn0038968	285	291	576	0.494791666666667
FBgn0038972	61	64	125	0.488
FBgn0038973	22	22	44	0.5
FBgn0038974	92	88	180	0.511111111111111
FBgn0038975	452	501	953	0.474291710388248
FBgn0038976	14	15	29	0.482758620689655
FBgn0038977	39	40	79	0.493670886075949
FBgn0038978	10	19	29	0.344827586206897
FBgn0038979	47	45	92	0.510869565217391
FBgn0038980	456	440	896	0.508928571428571
FBgn0038981	150	161	311	0.482315112540193
FBgn0038983	155	130	285	0.543859649122807
FBgn0038984	198	197	395	0.50126582278481
FBgn0038986	143	129	272	0.525735294117647
FBgn0038989	62	46	108	0.574074074074074
FBgn0038993	37	45	82	0.451219512195122
FBgn0039002	31	18	49	0.63265306122449
FBgn0039003	36	18	54	0.666666666666667
FBgn0039004	122	132	254	0.480314960629921
FBgn0039006	147	165	312	0.471153846153846
FBgn0039007	66	64	130	0.507692307692308
FBgn0039008	119	110	229	0.519650655021834
FBgn0039009	129	131	260	0.496153846153846
FBgn0039010	143	145	288	0.496527777777778
FBgn0039013	21	22	43	0.488372093023256
FBgn0039015	59	56	115	0.51304347826087
FBgn0039016	286	333	619	0.462035541195477
FBgn0039017	73	53	126	0.579365079365079
FBgn0039019	0	0	0	NA
FBgn0039020	0	0	0	NA
FBgn0039022	42	19	61	0.688524590163934
FBgn0039023	122	124	246	0.495934959349593
FBgn0039024	91	73	164	0.554878048780488
FBgn0039025	51	36	87	0.586206896551724
FBgn0039026	378	440	818	0.462102689486553
FBgn0039027	57	43	100	0.57
FBgn0039028	0	0	0	NA
FBgn0039029	10	15	25	0.4
FBgn0039030	84	79	163	0.515337423312883
FBgn0039031	60	56	116	0.517241379310345
FBgn0039033	81	87	168	0.482142857142857
FBgn0039034	72	93	165	0.436363636363636
FBgn0039038	80	107	187	0.427807486631016
FBgn0039039	270	258	528	0.511363636363636
FBgn0039040	107	106	213	0.502347417840376
FBgn0039041	60	39	99	0.606060606060606
FBgn0039042	39	51	90	0.433333333333333
FBgn0039043	145	128	273	0.531135531135531
FBgn0039044	95	93	188	0.50531914893617
FBgn0039045	0	0	0	NA
FBgn0039048	228	214	442	0.515837104072398
FBgn0039049	0	0	0	NA
FBgn0039050	17	25	42	0.404761904761905
FBgn0039051	131	143	274	0.478102189781022
FBgn0039052	129	105	234	0.551282051282051
FBgn0039053	125	116	241	0.518672199170125
FBgn0039054	374	364	738	0.506775067750677
FBgn0039055	200	155	355	0.563380281690141
FBgn0039056	191	223	414	0.461352657004831
FBgn0039058	104	106	210	0.495238095238095
FBgn0039059	38	48	86	0.441860465116279
FBgn0039064	550	614	1164	0.472508591065292
FBgn0039065	105	109	214	0.490654205607477
FBgn0039066	202	182	384	0.526041666666667
FBgn0039067	163	157	320	0.509375
FBgn0039068	105	74	179	0.58659217877095
FBgn0039069	100	95	195	0.512820512820513
FBgn0039070	111	109	220	0.504545454545455
FBgn0039071	97	105	202	0.48019801980198
FBgn0039073	123	114	237	0.518987341772152
FBgn0039075	387	408	795	0.486792452830189
FBgn0039077	29	36	65	0.446153846153846
FBgn0039078	310	288	598	0.518394648829431
FBgn0039079	140	123	263	0.532319391634981
FBgn0039080	122	97	219	0.557077625570776
FBgn0039081	164	175	339	0.48377581120944
FBgn0039083	93	97	190	0.489473684210526
FBgn0039084	137	141	278	0.492805755395683
FBgn0039085	25	29	54	0.462962962962963
FBgn0039086	13	16	29	0.448275862068966
FBgn0039087	85	97	182	0.467032967032967
FBgn0039088	86	68	154	0.558441558441558
FBgn0039089	137	135	272	0.503676470588235
FBgn0039091	53	50	103	0.514563106796116
FBgn0039092	50	54	104	0.480769230769231
FBgn0039093	97	110	207	0.468599033816425
FBgn0039094	8	9	17	0.470588235294118
FBgn0039098	44	29	73	0.602739726027397
FBgn0039099	49	43	92	0.532608695652174
FBgn0039101	36	38	74	0.486486486486487
FBgn0039102	59	65	124	0.475806451612903
FBgn0039104	20	27	47	0.425531914893617
FBgn0039106	0	0	0	NA
FBgn0039107	46	49	95	0.484210526315789
FBgn0039108	180	173	353	0.509915014164306
FBgn0039109	78	103	181	0.430939226519337
FBgn0039110	96	88	184	0.521739130434783
FBgn0039111	34	19	53	0.641509433962264
FBgn0039112	39	41	80	0.4875
FBgn0039113	113	103	216	0.523148148148148
FBgn0039114	130	132	262	0.49618320610687
FBgn0039115	30	18	48	0.625
FBgn0039116	30	29	59	0.508474576271186
FBgn0039117	250	225	475	0.526315789473684
FBgn0039118	47	44	91	0.516483516483517
FBgn0039120	317	284	601	0.527454242928453
FBgn0039124	48	48	96	0.5
FBgn0039125	98	71	169	0.579881656804734
FBgn0039126	50	41	91	0.549450549450549
FBgn0039128	65	65	130	0.5
FBgn0039129	47	51	98	0.479591836734694
FBgn0039130	100	75	175	0.571428571428571
FBgn0039131	147	171	318	0.462264150943396
FBgn0039132	136	110	246	0.552845528455285
FBgn0039135	80	74	154	0.519480519480519
FBgn0039136	74	82	156	0.474358974358974
FBgn0039137	180	193	373	0.482573726541555
FBgn0039139	75	86	161	0.46583850931677
FBgn0039140	147	171	318	0.462264150943396
FBgn0039141	231	204	435	0.531034482758621
FBgn0039145	0	0	0	NA
FBgn0039147	23	25	48	0.479166666666667
FBgn0039149	17	25	42	0.404761904761905
FBgn0039150	146	138	284	0.514084507042254
FBgn0039151	112	142	254	0.440944881889764
FBgn0039152	496	510	1006	0.493041749502982
FBgn0039153	43	39	82	0.524390243902439
FBgn0039154	44	49	93	0.473118279569892
FBgn0039155	92	93	185	0.497297297297297
FBgn0039156	81	88	169	0.479289940828402
FBgn0039157	303	326	629	0.481717011128776
FBgn0039158	12	17	29	0.413793103448276
FBgn0039159	0	0	0	NA
FBgn0039160	89	80	169	0.526627218934911
FBgn0039161	149	134	283	0.526501766784452
FBgn0039163	32	31	63	0.507936507936508
FBgn0039165	76	92	168	0.452380952380952
FBgn0039167	164	159	323	0.507739938080495
FBgn0039169	96	96	192	0.5
FBgn0039170	49	54	103	0.475728155339806
FBgn0039172	24	13	37	0.648648648648649
FBgn0039175	133	119	252	0.527777777777778
FBgn0039178	182	178	360	0.505555555555556
FBgn0039180	42	52	94	0.446808510638298
FBgn0039182	152	142	294	0.517006802721088
FBgn0039183	131	149	280	0.467857142857143
FBgn0039184	114	127	241	0.473029045643154
FBgn0039186	242	240	482	0.50207468879668
FBgn0039187	300	281	581	0.516351118760757
FBgn0039188	103	76	179	0.575418994413408
FBgn0039189	119	137	256	0.46484375
FBgn0039190	31	45	76	0.407894736842105
FBgn0039192	51	50	101	0.504950495049505
FBgn0039193	55	59	114	0.482456140350877
FBgn0039194	89	77	166	0.536144578313253
FBgn0039195	100	90	190	0.526315789473684
FBgn0039196	124	149	273	0.454212454212454
FBgn0039197	141	139	280	0.503571428571429
FBgn0039198	91	105	196	0.464285714285714
FBgn0039199	118	107	225	0.524444444444444
FBgn0039200	45	42	87	0.517241379310345
FBgn0039201	230	228	458	0.502183406113537
FBgn0039202	108	75	183	0.590163934426229
FBgn0039203	123	124	247	0.497975708502024
FBgn0039204	99	112	211	0.469194312796209
FBgn0039205	34	37	71	0.47887323943662
FBgn0039207	329	292	621	0.529790660225443
FBgn0039209	429	496	925	0.463783783783784
FBgn0039210	140	161	301	0.465116279069767
FBgn0039212	44	43	87	0.505747126436782
FBgn0039213	189	176	365	0.517808219178082
FBgn0039214	511	506	1017	0.502458210422812
FBgn0039215	111	128	239	0.464435146443515
FBgn0039217	21	19	40	0.525
FBgn0039218	15	18	33	0.454545454545455
FBgn0039219	62	77	139	0.446043165467626
FBgn0039223	168	175	343	0.489795918367347
FBgn0039224	129	132	261	0.494252873563218
FBgn0039225	184	189	373	0.493297587131367
FBgn0039226	82	70	152	0.539473684210526
FBgn0039227	205	190	395	0.518987341772152
FBgn0039228	31	41	72	0.430555555555556
FBgn0039229	229	185	414	0.553140096618358
FBgn0039232	145	168	313	0.463258785942492
FBgn0039233	28	34	62	0.451612903225806
FBgn0039234	126	168	294	0.428571428571429
FBgn0039235	84	71	155	0.541935483870968
FBgn0039237	46	49	95	0.484210526315789
FBgn0039238	35	18	53	0.660377358490566
FBgn0039239	30	29	59	0.508474576271186
FBgn0039240	184	182	366	0.502732240437158
FBgn0039241	91	82	173	0.526011560693642
FBgn0039244	150	125	275	0.545454545454545
FBgn0039246	86	110	196	0.438775510204082
FBgn0039249	206	219	425	0.484705882352941
FBgn0039250	74	63	137	0.54014598540146
FBgn0039251	55	68	123	0.447154471544715
FBgn0039252	181	179	360	0.502777777777778
FBgn0039254	69	70	139	0.496402877697842
FBgn0039257	638	647	1285	0.496498054474708
FBgn0039258	36	59	95	0.378947368421053
FBgn0039259	33	32	65	0.507692307692308
FBgn0039260	93	94	187	0.497326203208556
FBgn0039261	130	111	241	0.539419087136929
FBgn0039264	57	49	106	0.537735849056604
FBgn0039265	94	82	176	0.534090909090909
FBgn0039266	76	74	150	0.506666666666667
FBgn0039269	46	54	100	0.46
FBgn0039270	20	22	42	0.476190476190476
FBgn0039271	11	8	19	0.578947368421053
FBgn0039272	59	71	130	0.453846153846154
FBgn0039273	119	128	247	0.481781376518219
FBgn0039274	84	127	211	0.398104265402844
FBgn0039277	248	267	515	0.481553398058252
FBgn0039280	0	0	0	NA
FBgn0039282	208	238	446	0.466367713004484
FBgn0039283	57	49	106	0.537735849056604
FBgn0039286	204	196	400	0.51
FBgn0039288	90	125	215	0.418604651162791
FBgn0039290	167	173	340	0.491176470588235
FBgn0039291	20	14	34	0.588235294117647
FBgn0039293	94	115	209	0.449760765550239
FBgn0039294	180	191	371	0.485175202156334
FBgn0039296	149	166	315	0.473015873015873
FBgn0039297	74	73	147	0.503401360544218
FBgn0039298	120	117	237	0.506329113924051
FBgn0039299	50	68	118	0.423728813559322
FBgn0039300	37	29	66	0.560606060606061
FBgn0039301	64	81	145	0.441379310344828
FBgn0039302	310	288	598	0.518394648829431
FBgn0039303	29	66	95	0.305263157894737
FBgn0039304	82	97	179	0.458100558659218
FBgn0039305	24	32	56	0.428571428571429
FBgn0039306	13	14	27	0.481481481481481
FBgn0039307	76	63	139	0.546762589928058
FBgn0039308	0	0	0	NA
FBgn0039309	0	0	0	NA
FBgn0039310	68	72	140	0.485714285714286
FBgn0039311	64	75	139	0.460431654676259
FBgn0039312	103	98	201	0.512437810945274
FBgn0039313	43	59	102	0.42156862745098
FBgn0039315	41	81	122	0.336065573770492
FBgn0039316	65	41	106	0.613207547169811
FBgn0039319	115	112	227	0.506607929515419
FBgn0039321	70	84	154	0.454545454545455
FBgn0039323	90	81	171	0.526315789473684
FBgn0039324	142	146	288	0.493055555555556
FBgn0039325	56	58	114	0.491228070175439
FBgn0039326	90	97	187	0.481283422459893
FBgn0039328	117	113	230	0.508695652173913
FBgn0039329	174	142	316	0.550632911392405
FBgn0039331	124	107	231	0.536796536796537
FBgn0039332	104	107	211	0.492890995260663
FBgn0039335	155	144	299	0.518394648829431
FBgn0039336	23	12	35	0.657142857142857
FBgn0039337	48	48	96	0.5
FBgn0039338	224	249	473	0.473572938689218
FBgn0039339	0	0	0	NA
FBgn0039341	0	0	0	NA
FBgn0039342	64	87	151	0.423841059602649
FBgn0039343	134	128	262	0.511450381679389
FBgn0039344	96	86	182	0.527472527472527
FBgn0039346	41	38	79	0.518987341772152
FBgn0039347	244	240	484	0.504132231404959
FBgn0039348	163	136	299	0.545150501672241
FBgn0039349	98	90	188	0.521276595744681
FBgn0039350	251	233	484	0.518595041322314
FBgn0039354	192	185	377	0.509283819628647
FBgn0039355	50	46	96	0.520833333333333
FBgn0039356	11	19	30	0.366666666666667
FBgn0039357	50	44	94	0.531914893617021
FBgn0039358	162	150	312	0.519230769230769
FBgn0039359	28	25	53	0.528301886792453
FBgn0039360	163	154	317	0.514195583596215
FBgn0039366	1	0	1	1
FBgn0039367	0	0	0	NA
FBgn0039368	36	46	82	0.439024390243902
FBgn0039369	59	58	117	0.504273504273504
FBgn0039370	21	19	40	0.525
FBgn0039371	84	75	159	0.528301886792453
FBgn0039373	62	60	122	0.508196721311475
FBgn0039374	0	0	0	NA
FBgn0039376	26	37	63	0.412698412698413
FBgn0039378	121	115	236	0.51271186440678
FBgn0039379	121	103	224	0.540178571428571
FBgn0039380	337	343	680	0.495588235294118
FBgn0039381	156	205	361	0.43213296398892
FBgn0039385	43	48	91	0.472527472527473
FBgn0039386	91	110	201	0.45273631840796
FBgn0039387	161	193	354	0.454802259887006
FBgn0039395	139	127	266	0.522556390977444
FBgn0039396	215	229	444	0.484234234234234
FBgn0039398	52	37	89	0.584269662921348
FBgn0039402	45	39	84	0.535714285714286
FBgn0039403	43	51	94	0.457446808510638
FBgn0039404	30	27	57	0.526315789473684
FBgn0039405	0	0	0	NA
FBgn0039406	65	58	123	0.528455284552846
FBgn0039407	57	59	116	0.491379310344828
FBgn0039408	117	103	220	0.531818181818182
FBgn0039411	241	232	473	0.509513742071882
FBgn0039413	79	102	181	0.43646408839779
FBgn0039415	189	234	423	0.446808510638298
FBgn0039417	62	72	134	0.462686567164179
FBgn0039419	252	215	467	0.539614561027837
FBgn0039420	218	204	422	0.516587677725118
FBgn0039421	79	73	152	0.519736842105263
FBgn0039424	123	138	261	0.471264367816092
FBgn0039425	76	69	145	0.524137931034483
FBgn0039427	71	73	144	0.493055555555556
FBgn0039428	20	23	43	0.465116279069767
FBgn0039429	162	162	324	0.5
FBgn0039430	203	188	391	0.519181585677749
FBgn0039431	477	432	909	0.524752475247525
FBgn0039434	62	93	155	0.4
FBgn0039435	38	41	79	0.481012658227848
FBgn0039436	67	92	159	0.421383647798742
FBgn0039437	57	61	118	0.483050847457627
FBgn0039438	38	26	64	0.59375
FBgn0039439	35	43	78	0.448717948717949
FBgn0039440	80	86	166	0.481927710843373
FBgn0039441	42	55	97	0.43298969072165
FBgn0039443	75	49	124	0.604838709677419
FBgn0039444	50	81	131	0.381679389312977
FBgn0039448	73	85	158	0.462025316455696
FBgn0039449	97	107	204	0.475490196078431
FBgn0039450	82	81	163	0.503067484662577
FBgn0039451	118	133	251	0.470119521912351
FBgn0039452	55	80	135	0.407407407407407
FBgn0039453	68	81	149	0.456375838926175
FBgn0039454	80	108	188	0.425531914893617
FBgn0039459	37	43	80	0.4625
FBgn0039461	64	56	120	0.533333333333333
FBgn0039462	141	112	253	0.557312252964427
FBgn0039463	84	87	171	0.491228070175439
FBgn0039464	221	180	401	0.551122194513716
FBgn0039465	185	191	376	0.492021276595745
FBgn0039466	593	545	1138	0.521089630931459
FBgn0039467	115	115	230	0.5
FBgn0039469	110	105	215	0.511627906976744
FBgn0039470	142	168	310	0.458064516129032
FBgn0039471	71	69	140	0.507142857142857
FBgn0039472	67	58	125	0.536
FBgn0039473	90	92	182	0.494505494505495
FBgn0039474	77	77	154	0.5
FBgn0039475	85	92	177	0.480225988700565
FBgn0039476	83	86	169	0.49112426035503
FBgn0039478	290	292	582	0.498281786941581
FBgn0039479	195	233	428	0.455607476635514
FBgn0039480	152	128	280	0.542857142857143
FBgn0039481	77	81	158	0.487341772151899
FBgn0039482	99	100	199	0.49748743718593
FBgn0039483	92	74	166	0.55421686746988
FBgn0039485	108	101	209	0.516746411483254
FBgn0039486	114	103	217	0.525345622119816
FBgn0039487	66	99	165	0.4
FBgn0039488	35	43	78	0.448717948717949
FBgn0039489	87	75	162	0.537037037037037
FBgn0039490	143	150	293	0.488054607508532
FBgn0039491	115	104	219	0.525114155251142
FBgn0039492	191	181	372	0.513440860215054
FBgn0039494	157	162	319	0.492163009404389
FBgn0039495	114	118	232	0.491379310344828
FBgn0039498	20	14	34	0.588235294117647
FBgn0039500	101	101	202	0.5
FBgn0039501	140	148	288	0.486111111111111
FBgn0039503	65	68	133	0.488721804511278
FBgn0039504	17	23	40	0.425
FBgn0039505	24	33	57	0.421052631578947
FBgn0039507	160	149	309	0.517799352750809
FBgn0039508	157	134	291	0.539518900343643
FBgn0039509	38	37	75	0.506666666666667
FBgn0039510	854	868	1722	0.495934959349593
FBgn0039511	54	63	117	0.461538461538462
FBgn0039518	206	194	400	0.515
FBgn0039519	236	261	497	0.474849094567404
FBgn0039520	142	151	293	0.484641638225256
FBgn0039521	56	55	111	0.504504504504504
FBgn0039522	116	94	210	0.552380952380952
FBgn0039523	185	214	399	0.463659147869674
FBgn0039525	62	58	120	0.516666666666667
FBgn0039527	273	294	567	0.481481481481481
FBgn0039528	346	321	667	0.518740629685157
FBgn0039529	139	133	272	0.511029411764706
FBgn0039530	403	414	817	0.493268053855569
FBgn0039531	70	68	138	0.507246376811594
FBgn0039532	147	178	325	0.452307692307692
FBgn0039536	816	783	1599	0.51031894934334
FBgn0039537	71	66	137	0.518248175182482
FBgn0039538	38	43	81	0.469135802469136
FBgn0039543	88	89	177	0.497175141242938
FBgn0039544	244	217	461	0.529284164859002
FBgn0039551	103	126	229	0.449781659388646
FBgn0039552	83	87	170	0.488235294117647
FBgn0039554	166	147	313	0.530351437699681
FBgn0039555	39	21	60	0.65
FBgn0039557	69	88	157	0.439490445859873
FBgn0039558	79	63	142	0.556338028169014
FBgn0039559	179	177	356	0.502808988764045
FBgn0039560	205	208	413	0.49636803874092
FBgn0039561	162	137	299	0.54180602006689
FBgn0039562	218	174	392	0.556122448979592
FBgn0039563	108	90	198	0.545454545454545
FBgn0039564	112	94	206	0.543689320388349
FBgn0039565	0	0	0	NA
FBgn0039566	133	143	276	0.481884057971014
FBgn0039568	51	54	105	0.485714285714286
FBgn0039576	18	25	43	0.418604651162791
FBgn0039577	37	43	80	0.4625
FBgn0039580	71	71	142	0.5
FBgn0039581	198	205	403	0.491315136476427
FBgn0039582	90	95	185	0.486486486486487
FBgn0039584	219	225	444	0.493243243243243
FBgn0039585	160	28	188	0.851063829787234
FBgn0039588	104	89	193	0.538860103626943
FBgn0039589	106	132	238	0.445378151260504
FBgn0039590	364	395	759	0.479578392621871
FBgn0039591	101	111	212	0.476415094339623
FBgn0039592	108	106	214	0.504672897196262
FBgn0039593	76	81	157	0.484076433121019
FBgn0039594	420	491	911	0.461031833150384
FBgn0039595	173	173	346	0.5
FBgn0039596	137	132	269	0.509293680297398
FBgn0039597	50	44	94	0.531914893617021
FBgn0039598	56	64	120	0.466666666666667
FBgn0039599	78	68	146	0.534246575342466
FBgn0039600	143	167	310	0.461290322580645
FBgn0039601	62	45	107	0.579439252336449
FBgn0039602	222	192	414	0.536231884057971
FBgn0039609	61	53	114	0.535087719298246
FBgn0039611	124	148	272	0.455882352941176
FBgn0039612	145	137	282	0.514184397163121
FBgn0039613	135	136	271	0.498154981549816
FBgn0039616	147	154	301	0.488372093023256
FBgn0039617	183	180	363	0.504132231404959
FBgn0039620	165	154	319	0.517241379310345
FBgn0039621	73	83	156	0.467948717948718
FBgn0039622	24	34	58	0.413793103448276
FBgn0039623	80	90	170	0.470588235294118
FBgn0039625	0	0	0	NA
FBgn0039626	39	60	99	0.393939393939394
FBgn0039627	62	60	122	0.508196721311475
FBgn0039628	87	67	154	0.564935064935065
FBgn0039629	88	62	150	0.586666666666667
FBgn0039630	1	1	2	0.5
FBgn0039631	117	115	232	0.504310344827586
FBgn0039632	140	142	282	0.49645390070922
FBgn0039633	549	496	1045	0.525358851674641
FBgn0039634	202	164	366	0.551912568306011
FBgn0039635	136	122	258	0.527131782945736
FBgn0039636	61	48	109	0.559633027522936
FBgn0039637	195	176	371	0.525606469002695
FBgn0039638	209	165	374	0.558823529411765
FBgn0039639	36	26	62	0.580645161290323
FBgn0039640	245	267	512	0.478515625
FBgn0039641	60	62	122	0.491803278688525
FBgn0039642	69	80	149	0.463087248322148
FBgn0039644	321	280	601	0.534109816971714
FBgn0039645	317	293	610	0.519672131147541
FBgn0039647	248	237	485	0.511340206185567
FBgn0039648	64	54	118	0.542372881355932
FBgn0039650	17	14	31	0.548387096774194
FBgn0039651	67	55	122	0.549180327868853
FBgn0039654	122	138	260	0.469230769230769
FBgn0039655	94	89	183	0.513661202185792
FBgn0039656	125	127	252	0.496031746031746
FBgn0039659	230	245	475	0.484210526315789
FBgn0039663	130	121	251	0.51792828685259
FBgn0039664	95	77	172	0.552325581395349
FBgn0039665	117	150	267	0.438202247191011
FBgn0039666	38	40	78	0.487179487179487
FBgn0039667	212	200	412	0.514563106796116
FBgn0039668	253	234	487	0.519507186858316
FBgn0039669	81	79	160	0.50625
FBgn0039670	91	77	168	0.541666666666667
FBgn0039671	74	63	137	0.54014598540146
FBgn0039673	95	110	205	0.463414634146341
FBgn0039674	96	116	212	0.452830188679245
FBgn0039675	161	124	285	0.564912280701754
FBgn0039676	155	164	319	0.4858934169279
FBgn0039677	175	164	339	0.51622418879056
FBgn0039678	76	43	119	0.638655462184874
FBgn0039679	98	91	189	0.518518518518518
FBgn0039680	324	296	620	0.52258064516129
FBgn0039681	115	130	245	0.469387755102041
FBgn0039682	71	69	140	0.507142857142857
FBgn0039683	210	200	410	0.51219512195122
FBgn0039684	39	48	87	0.448275862068966
FBgn0039685	47	47	94	0.5
FBgn0039686	73	83	156	0.467948717948718
FBgn0039687	36	54	90	0.4
FBgn0039688	468	516	984	0.475609756097561
FBgn0039689	39	24	63	0.619047619047619
FBgn0039690	121	137	258	0.468992248062016
FBgn0039691	111	89	200	0.555
FBgn0039694	96	111	207	0.463768115942029
FBgn0039696	213	218	431	0.494199535962877
FBgn0039697	80	92	172	0.465116279069767
FBgn0039698	75	78	153	0.490196078431373
FBgn0039702	81	79	160	0.50625
FBgn0039703	58	78	136	0.426470588235294
FBgn0039704	169	171	340	0.497058823529412
FBgn0039705	165	184	349	0.472779369627507
FBgn0039707	61	51	112	0.544642857142857
FBgn0039709	409	353	762	0.536745406824147
FBgn0039710	113	104	217	0.52073732718894
FBgn0039711	61	52	113	0.539823008849557
FBgn0039712	65	77	142	0.457746478873239
FBgn0039713	69	76	145	0.475862068965517
FBgn0039714	182	188	370	0.491891891891892
FBgn0039718	33	61	94	0.351063829787234
FBgn0039719	66	67	133	0.496240601503759
FBgn0039722	70	64	134	0.522388059701492
FBgn0039723	55	49	104	0.528846153846154
FBgn0039726	30	29	59	0.508474576271186
FBgn0039727	712	712	1424	0.5
FBgn0039728	287	278	565	0.507964601769912
FBgn0039730	51	39	90	0.566666666666667
FBgn0039731	114	92	206	0.553398058252427
FBgn0039732	33	48	81	0.407407407407407
FBgn0039733	70	90	160	0.4375
FBgn0039734	159	211	370	0.42972972972973
FBgn0039735	46	36	82	0.560975609756098
FBgn0039736	165	183	348	0.474137931034483
FBgn0039737	141	162	303	0.465346534653465
FBgn0039738	324	297	621	0.521739130434783
FBgn0039739	20	21	41	0.48780487804878
FBgn0039740	73	76	149	0.48993288590604
FBgn0039741	102	109	211	0.483412322274882
FBgn0039742	26	25	51	0.509803921568627
FBgn0039743	100	121	221	0.452488687782805
FBgn0039744	43	36	79	0.544303797468354
FBgn0039747	116	138	254	0.456692913385827
FBgn0039748	65	62	127	0.511811023622047
FBgn0039749	193	170	363	0.53168044077135
FBgn0039751	152	147	299	0.508361204013378
FBgn0039752	147	128	275	0.534545454545455
FBgn0039754	145	150	295	0.491525423728814
FBgn0039755	110	93	203	0.541871921182266
FBgn0039756	173	134	307	0.563517915309446
FBgn0039757	67	62	129	0.51937984496124
FBgn0039758	158	156	314	0.503184713375796
FBgn0039759	174	158	332	0.524096385542169
FBgn0039760	118	149	267	0.441947565543071
FBgn0039761	102	112	214	0.476635514018692
FBgn0039764	58	62	120	0.483333333333333
FBgn0039765	21	18	39	0.538461538461538
FBgn0039766	34	30	64	0.53125
FBgn0039767	143	167	310	0.461290322580645
FBgn0039768	174	211	385	0.451948051948052
FBgn0039769	159	191	350	0.454285714285714
FBgn0039770	112	94	206	0.543689320388349
FBgn0039771	101	129	230	0.439130434782609
FBgn0039773	158	113	271	0.583025830258303
FBgn0039774	274	255	529	0.517958412098299
FBgn0039776	270	239	509	0.530451866404715
FBgn0039777	71	55	126	0.563492063492063
FBgn0039778	60	67	127	0.47244094488189
FBgn0039779	151	110	261	0.578544061302682
FBgn0039780	210	183	393	0.534351145038168
FBgn0039782	129	156	285	0.452631578947368
FBgn0039783	149	146	295	0.505084745762712
FBgn0039784	123	134	257	0.478599221789883
FBgn0039787	88	82	170	0.517647058823529
FBgn0039788	23	35	58	0.396551724137931
FBgn0039789	220	226	446	0.493273542600897
FBgn0039790	263	267	530	0.49622641509434
FBgn0039792	151	151	302	0.5
FBgn0039795	109	107	216	0.50462962962963
FBgn0039796	105	131	236	0.444915254237288
FBgn0039797	92	96	188	0.48936170212766
FBgn0039798	66	78	144	0.458333333333333
FBgn0039799	112	96	208	0.538461538461538
FBgn0039800	50	53	103	0.485436893203884
FBgn0039801	93	77	170	0.547058823529412
FBgn0039802	69	77	146	0.472602739726027
FBgn0039804	332	282	614	0.54071661237785
FBgn0039805	91	135	226	0.402654867256637
FBgn0039806	108	132	240	0.45
FBgn0039807	147	175	322	0.456521739130435
FBgn0039808	127	151	278	0.456834532374101
FBgn0039809	85	86	171	0.497076023391813
FBgn0039810	96	65	161	0.596273291925466
FBgn0039811	55	59	114	0.482456140350877
FBgn0039812	199	188	387	0.51421188630491
FBgn0039816	113	111	224	0.504464285714286
FBgn0039817	199	181	380	0.523684210526316
FBgn0039818	243	197	440	0.552272727272727
FBgn0039820	55	60	115	0.478260869565217
FBgn0039821	160	183	343	0.466472303206997
FBgn0039827	218	184	402	0.54228855721393
FBgn0039828	31	40	71	0.436619718309859
FBgn0039829	45	44	89	0.50561797752809
FBgn0039830	65	57	122	0.532786885245902
FBgn0039831	275	282	557	0.493716337522442
FBgn0039832	26	33	59	0.440677966101695
FBgn0039833	93	99	192	0.484375
FBgn0039835	64	57	121	0.528925619834711
FBgn0039836	97	69	166	0.58433734939759
FBgn0039838	116	99	215	0.53953488372093
FBgn0039839	118	122	240	0.491666666666667
FBgn0039840	256	236	492	0.520325203252033
FBgn0039844	236	226	462	0.510822510822511
FBgn0039846	125	136	261	0.478927203065134
FBgn0039848	20	20	40	0.5
FBgn0039849	40	53	93	0.43010752688172
FBgn0039850	26	38	64	0.40625
FBgn0039851	110	113	223	0.493273542600897
FBgn0039852	147	159	306	0.480392156862745
FBgn0039854	0	0	0	NA
FBgn0039855	94	97	191	0.492146596858639
FBgn0039856	62	96	158	0.392405063291139
FBgn0039857	48	35	83	0.578313253012048
FBgn0039858	110	105	215	0.511627906976744
FBgn0039859	14	18	32	0.4375
FBgn0039860	102	71	173	0.589595375722543
FBgn0039861	74	68	142	0.52112676056338
FBgn0039862	269	286	555	0.484684684684685
FBgn0039863	201	171	372	0.540322580645161
FBgn0039864	74	73	147	0.503401360544218
FBgn0039867	4	4	8	0.5
FBgn0039868	23	28	51	0.450980392156863
FBgn0039869	21	30	51	0.411764705882353
FBgn0039870	12	5	17	0.705882352941177
FBgn0039872	0	1	1	0
FBgn0039873	29	26	55	0.527272727272727
FBgn0039875	25	14	39	0.641025641025641
FBgn0039876	17	8	25	0.68
FBgn0039877	86	81	167	0.514970059880239
FBgn0039879	28	42	70	0.4
FBgn0039881	36	50	86	0.418604651162791
FBgn0039882	16	19	35	0.457142857142857
FBgn0039883	299	323	622	0.480707395498392
FBgn0039886	128	127	255	0.501960784313725
FBgn0039887	41	39	80	0.5125
FBgn0039889	18	18	36	0.5
FBgn0039890	134	119	253	0.529644268774704
FBgn0039896	40	23	63	0.634920634920635
FBgn0039897	83	80	163	0.50920245398773
FBgn0039900	125	139	264	0.473484848484849
FBgn0039902	18	20	38	0.473684210526316
FBgn0039904	191	190	381	0.501312335958005
FBgn0039907	38	39	77	0.493506493506494
FBgn0039908	80	100	180	0.444444444444444
FBgn0039909	0	0	0	NA
FBgn0039911	21	19	40	0.525
FBgn0039914	31	19	50	0.62
FBgn0039915	38	29	67	0.567164179104478
FBgn0039916	25	21	46	0.543478260869565
FBgn0039920	117	113	230	0.508695652173913
FBgn0039923	106	82	188	0.563829787234043
FBgn0039924	35	36	71	0.492957746478873
FBgn0039925	115	86	201	0.572139303482587
FBgn0039927	163	150	313	0.520766773162939
FBgn0039928	55	78	133	0.413533834586466
FBgn0039929	11	14	25	0.44
FBgn0039930	4	1	5	0.8
FBgn0039932	47	42	89	0.528089887640449
FBgn0039936	74	103	177	0.418079096045198
FBgn0039937	16	26	42	0.380952380952381
FBgn0039938	38	60	98	0.387755102040816
FBgn0039941	138	2	140	0.985714285714286
FBgn0039942	42	0	42	1
FBgn0039943	23	0	23	1
FBgn0039944	25	0	25	1
FBgn0039945	0	0	0	NA
FBgn0039946	86	1	87	0.988505747126437
FBgn0039955	62	61	123	0.504065040650406
FBgn0039958	44	44	88	0.5
FBgn0039959	108	95	203	0.532019704433498
FBgn0039965	59	0	59	1
FBgn0039966	12	1	13	0.923076923076923
FBgn0039969	13	12	25	0.52
FBgn0039970	95	103	198	0.47979797979798
FBgn0039972	169	147	316	0.534810126582278
FBgn0039977	31	35	66	0.46969696969697
FBgn0039979	0	0	0	NA
FBgn0039987	1	1	2	0.5
FBgn0039993	38	50	88	0.431818181818182
FBgn0039994	92	53	145	0.63448275862069
FBgn0040001	34	45	79	0.430379746835443
FBgn0040005	77	48	125	0.616
FBgn0040007	36	31	67	0.537313432835821
FBgn0040009	51	45	96	0.53125
FBgn0040010	349	346	695	0.502158273381295
FBgn0040011	80	67	147	0.54421768707483
FBgn0040020	21	19	40	0.525
FBgn0040022	81	65	146	0.554794520547945
FBgn0040028	46	2	48	0.958333333333333
FBgn0040031	96	0	96	1
FBgn0040038	15	15	30	0.5
FBgn0040045	14	9	23	0.608695652173913
FBgn0040056	102	109	211	0.483412322274882
FBgn0040060	72	79	151	0.47682119205298
FBgn0040063	86	66	152	0.565789473684211
FBgn0040064	103	148	251	0.410358565737052
FBgn0040066	98	1	99	0.98989898989899
FBgn0040068	289	6	295	0.979661016949153
FBgn0040069	111	1	112	0.991071428571429
FBgn0040070	93	108	201	0.462686567164179
FBgn0040071	172	153	325	0.529230769230769
FBgn0040074	62	56	118	0.525423728813559
FBgn0040075	47	45	92	0.510869565217391
FBgn0040076	0	0	0	NA
FBgn0040077	0	0	0	NA
FBgn0040078	58	69	127	0.456692913385827
FBgn0040079	160	201	361	0.443213296398892
FBgn0040080	166	170	336	0.494047619047619
FBgn0040087	71	0	71	1
FBgn0040089	176	1	177	0.994350282485876
FBgn0040091	55	58	113	0.486725663716814
FBgn0040092	39	37	76	0.513157894736842
FBgn0040093	97	96	193	0.50259067357513
FBgn0040096	46	40	86	0.534883720930233
FBgn0040097	75	86	161	0.46583850931677
FBgn0040098	47	35	82	0.573170731707317
FBgn0040099	66	67	133	0.496240601503759
FBgn0040102	76	87	163	0.466257668711656
FBgn0040104	31	35	66	0.46969696969697
FBgn0040106	75	72	147	0.510204081632653
FBgn0040107	54	63	117	0.461538461538462
FBgn0040153	186	1	187	0.994652406417112
FBgn0040206	72	74	146	0.493150684931507
FBgn0040207	255	1	256	0.99609375
FBgn0040208	84	72	156	0.538461538461538
FBgn0040211	192	178	370	0.518918918918919
FBgn0040212	226	261	487	0.464065708418891
FBgn0040227	36	40	76	0.473684210526316
FBgn0040228	52	56	108	0.481481481481481
FBgn0040230	191	170	361	0.529085872576177
FBgn0040232	177	189	366	0.483606557377049
FBgn0040233	382	373	755	0.505960264900662
FBgn0040234	377	3	380	0.992105263157895
FBgn0040235	79	0	79	1
FBgn0040236	405	3	408	0.992647058823529
FBgn0040237	148	149	297	0.498316498316498
FBgn0040238	73	62	135	0.540740740740741
FBgn0040239	54	57	111	0.486486486486487
FBgn0040250	133	125	258	0.515503875968992
FBgn0040251	136	138	274	0.496350364963504
FBgn0040252	238	239	477	0.49895178197065
FBgn0040253	143	175	318	0.449685534591195
FBgn0040255	154	110	264	0.583333333333333
FBgn0040256	112	131	243	0.460905349794239
FBgn0040257	113	102	215	0.525581395348837
FBgn0040259	151	130	281	0.537366548042705
FBgn0040260	129	149	278	0.464028776978417
FBgn0040261	164	144	308	0.532467532467532
FBgn0040262	161	134	295	0.545762711864407
FBgn0040268	77	89	166	0.463855421686747
FBgn0040271	310	291	601	0.515806988352745
FBgn0040273	219	215	434	0.504608294930876
FBgn0040279	16	2	18	0.888888888888889
FBgn0040281	238	196	434	0.548387096774194
FBgn0040283	233	262	495	0.470707070707071
FBgn0040285	145	0	145	1
FBgn0040290	346	326	672	0.514880952380952
FBgn0040291	0	0	0	NA
FBgn0040294	142	121	263	0.539923954372624
FBgn0040296	74	72	146	0.506849315068493
FBgn0040297	167	160	327	0.510703363914373
FBgn0040298	96	87	183	0.524590163934426
FBgn0040299	522	534	1056	0.494318181818182
FBgn0040305	125	128	253	0.494071146245059
FBgn0040308	98	101	199	0.492462311557789
FBgn0040309	164	0	164	1
FBgn0040318	165	190	355	0.464788732394366
FBgn0040319	300	0	300	1
FBgn0040321	114	85	199	0.57286432160804
FBgn0040322	78	75	153	0.509803921568627
FBgn0040323	72	66	138	0.521739130434783
FBgn0040324	29	27	56	0.517857142857143
FBgn0040333	121	2	123	0.983739837398374
FBgn0040334	58	0	58	1
FBgn0040336	94	0	94	1
FBgn0040337	32	2	34	0.941176470588235
FBgn0040338	12	0	12	1
FBgn0040339	15	0	15	1
FBgn0040340	125	0	125	1
FBgn0040341	77	1	78	0.987179487179487
FBgn0040342	82	0	82	1
FBgn0040343	9	0	9	1
FBgn0040344	133	1	134	0.992537313432836
FBgn0040345	42	0	42	1
FBgn0040346	46	1	47	0.978723404255319
FBgn0040347	51	2	53	0.962264150943396
FBgn0040348	76	0	76	1
FBgn0040349	62	0	62	1
FBgn0040350	123	0	123	1
FBgn0040351	113	0	113	1
FBgn0040352	101	0	101	1
FBgn0040353	73	1	74	0.986486486486487
FBgn0040354	78	0	78	1
FBgn0040355	104	1	105	0.990476190476191
FBgn0040356	68	0	68	1
FBgn0040357	31	1	32	0.96875
FBgn0040358	147	0	147	1
FBgn0040359	147	1	148	0.993243243243243
FBgn0040360	130	0	130	1
FBgn0040361	71	0	71	1
FBgn0040362	64	0	64	1
FBgn0040363	126	2	128	0.984375
FBgn0040364	169	1	170	0.994117647058824
FBgn0040365	20	0	20	1
FBgn0040366	129	2	131	0.984732824427481
FBgn0040367	61	0	61	1
FBgn0040368	95	1	96	0.989583333333333
FBgn0040370	88	1	89	0.98876404494382
FBgn0040371	0	0	0	NA
FBgn0040372	70	3	73	0.958904109589041
FBgn0040373	0	0	0	NA
FBgn0040375	104	1	105	0.990476190476191
FBgn0040376	87	0	87	1
FBgn0040377	82	0	82	1
FBgn0040382	32	1	33	0.96969696969697
FBgn0040383	83	1	84	0.988095238095238
FBgn0040384	168	2	170	0.988235294117647
FBgn0040385	111	0	111	1
FBgn0040388	277	3	280	0.989285714285714
FBgn0040389	34	0	34	1
FBgn0040391	112	1	113	0.991150442477876
FBgn0040392	95	0	95	1
FBgn0040393	29	0	29	1
FBgn0040394	9	0	9	1
FBgn0040395	216	1	217	0.995391705069124
FBgn0040396	87	1	88	0.988636363636364
FBgn0040397	189	24	213	0.887323943661972
FBgn0040398	54	0	54	1
FBgn0040465	42	60	102	0.411764705882353
FBgn0040466	10	4	14	0.714285714285714
FBgn0040467	42	0	42	1
FBgn0040475	143	144	287	0.498257839721254
FBgn0040477	66	60	126	0.523809523809524
FBgn0040487	48	52	100	0.48
FBgn0040491	103	86	189	0.544973544973545
FBgn0040493	144	140	284	0.507042253521127
FBgn0040496	149	153	302	0.493377483443709
FBgn0040502	9	15	24	0.375
FBgn0040503	98	81	179	0.547486033519553
FBgn0040505	701	653	1354	0.517725258493353
FBgn0040506	97	87	184	0.527173913043478
FBgn0040507	76	62	138	0.550724637681159
FBgn0040508	201	180	381	0.52755905511811
FBgn0040509	58	58	116	0.5
FBgn0040510	68	92	160	0.425
FBgn0040512	108	147	255	0.423529411764706
FBgn0040513	0	0	0	NA
FBgn0040514	0	0	0	NA
FBgn0040519	37	33	70	0.528571428571429
FBgn0040524	1	0	1	1
FBgn0040528	68	63	131	0.519083969465649
FBgn0040529	0	0	0	NA
FBgn0040531	0	0	0	NA
FBgn0040532	26	36	62	0.419354838709677
FBgn0040534	1	3	4	0.25
FBgn0040551	56	53	109	0.513761467889908
FBgn0040553	23	22	45	0.511111111111111
FBgn0040554	8	4	12	0.666666666666667
FBgn0040565	78	93	171	0.456140350877193
FBgn0040569	39	34	73	0.534246575342466
FBgn0040571	191	174	365	0.523287671232877
FBgn0040575	39	25	64	0.609375
FBgn0040582	86	77	163	0.52760736196319
FBgn0040588	51	38	89	0.573033707865168
FBgn0040600	80	89	169	0.473372781065089
FBgn0040601	265	226	491	0.539714867617108
FBgn0040602	22	13	35	0.628571428571429
FBgn0040606	39	37	76	0.513157894736842
FBgn0040607	57	58	115	0.495652173913044
FBgn0040608	43	61	104	0.413461538461538
FBgn0040609	29	39	68	0.426470588235294
FBgn0040623	0	0	0	NA
FBgn0040628	53	46	99	0.535353535353535
FBgn0040629	41	48	89	0.460674157303371
FBgn0040634	11	12	23	0.478260869565217
FBgn0040636	25	34	59	0.423728813559322
FBgn0040637	25	21	46	0.543478260869565
FBgn0040648	56	0	56	1
FBgn0040649	30	0	30	1
FBgn0040650	0	0	0	NA
FBgn0040651	26	0	26	1
FBgn0040653	83	69	152	0.546052631578947
FBgn0040658	95	110	205	0.463414634146341
FBgn0040660	32	31	63	0.507936507936508
FBgn0040666	0	0	0	NA
FBgn0040670	25	19	44	0.568181818181818
FBgn0040674	24	23	47	0.51063829787234
FBgn0040679	41	39	80	0.5125
FBgn0040682	49	55	104	0.471153846153846
FBgn0040684	95	93	188	0.50531914893617
FBgn0040687	0	0	0	NA
FBgn0040688	2	10	12	0.166666666666667
FBgn0040694	72	69	141	0.51063829787234
FBgn0040696	79	51	130	0.607692307692308
FBgn0040697	87	71	158	0.550632911392405
FBgn0040699	0	0	0	NA
FBgn0040705	26	39	65	0.4
FBgn0040715	0	0	0	NA
FBgn0040717	44	49	93	0.473118279569892
FBgn0040718	0	0	0	NA
FBgn0040719	64	52	116	0.551724137931034
FBgn0040723	44	32	76	0.578947368421053
FBgn0040725	39	33	72	0.541666666666667
FBgn0040726	338	271	609	0.555008210180624
FBgn0040729	41	26	67	0.611940298507463
FBgn0040730	43	45	88	0.488636363636364
FBgn0040732	72	66	138	0.521739130434783
FBgn0040733	27	36	63	0.428571428571429
FBgn0040734	28	33	61	0.459016393442623
FBgn0040735	66	70	136	0.485294117647059
FBgn0040736	85	101	186	0.456989247311828
FBgn0040737	22	28	50	0.44
FBgn0040743	11	10	21	0.523809523809524
FBgn0040747	50	41	91	0.549450549450549
FBgn0040751	14	10	24	0.583333333333333
FBgn0040752	474	492	966	0.490683229813665
FBgn0040754	19	26	45	0.422222222222222
FBgn0040755	91	83	174	0.522988505747126
FBgn0040759	0	0	0	NA
FBgn0040763	14	22	36	0.388888888888889
FBgn0040764	41	39	80	0.5125
FBgn0040765	468	421	889	0.526434195725534
FBgn0040773	47	31	78	0.602564102564103
FBgn0040775	39	33	72	0.541666666666667
FBgn0040777	79	73	152	0.519736842105263
FBgn0040778	32	42	74	0.432432432432432
FBgn0040780	22	25	47	0.468085106382979
FBgn0040784	44	0	44	1
FBgn0040786	0	0	0	NA
FBgn0040793	5	5	10	0.5
FBgn0040794	66	58	124	0.532258064516129
FBgn0040795	80	65	145	0.551724137931034
FBgn0040796	36	34	70	0.514285714285714
FBgn0040797	36	36	72	0.5
FBgn0040798	13	11	24	0.541666666666667
FBgn0040799	36	35	71	0.507042253521127
FBgn0040801	28	23	51	0.549019607843137
FBgn0040805	187	162	349	0.535816618911175
FBgn0040809	60	55	115	0.521739130434783
FBgn0040812	40	52	92	0.434782608695652
FBgn0040813	48	48	96	0.5
FBgn0040814	0	0	0	NA
FBgn0040816	46	41	87	0.528735632183908
FBgn0040817	61	65	126	0.484126984126984
FBgn0040823	474	455	929	0.510226049515608
FBgn0040827	41	50	91	0.450549450549451
FBgn0040828	52	54	106	0.490566037735849
FBgn0040832	71	66	137	0.518248175182482
FBgn0040837	91	70	161	0.565217391304348
FBgn0040842	11	12	23	0.478260869565217
FBgn0040843	31	25	56	0.553571428571429
FBgn0040849	54	59	113	0.47787610619469
FBgn0040850	60	0	60	1
FBgn0040859	76	1	77	0.987012987012987
FBgn0040871	62	0	62	1
FBgn0040877	88	0	88	1
FBgn0040890	20	0	20	1
FBgn0040892	54	0	54	1
FBgn0040899	30	0	30	1
FBgn0040900	57	0	57	1
FBgn0040904	16	0	16	1
FBgn0040905	36	0	36	1
FBgn0040906	45	0	45	1
FBgn0040907	29	0	29	1
FBgn0040918	173	3	176	0.982954545454545
FBgn0040922	43	0	43	1
FBgn0040923	5	0	5	1
FBgn0040928	108	1	109	0.990825688073395
FBgn0040929	58	0	58	1
FBgn0040931	26	0	26	1
FBgn0040941	3	0	3	1
FBgn0040942	53	0	53	1
FBgn0040949	8	9	17	0.470588235294118
FBgn0040950	12	11	23	0.521739130434783
FBgn0040958	0	0	0	NA
FBgn0040959	65	73	138	0.471014492753623
FBgn0040963	80	68	148	0.540540540540541
FBgn0040964	58	64	122	0.475409836065574
FBgn0040965	39	30	69	0.565217391304348
FBgn0040967	58	45	103	0.563106796116505
FBgn0040968	0	0	0	NA
FBgn0040972	53	48	101	0.524752475247525
FBgn0040973	50	42	92	0.543478260869565
FBgn0040984	30	25	55	0.545454545454545
FBgn0040985	58	61	119	0.487394957983193
FBgn0040989	25	23	48	0.520833333333333
FBgn0040992	0	0	0	NA
FBgn0040993	0	0	0	NA
FBgn0040996	55	59	114	0.482456140350877
FBgn0041004	0	0	0	NA
FBgn0041087	129	140	269	0.479553903345725
FBgn0041092	811	812	1623	0.499691928527418
FBgn0041094	70	65	135	0.518518518518518
FBgn0041096	530	562	1092	0.485347985347985
FBgn0041097	535	519	1054	0.507590132827324
FBgn0041100	0	0	0	NA
FBgn0041102	60	44	104	0.576923076923077
FBgn0041103	79	61	140	0.564285714285714
FBgn0041105	37	58	95	0.389473684210526
FBgn0041111	295	269	564	0.523049645390071
FBgn0041147	147	142	289	0.508650519031142
FBgn0041150	437	441	878	0.497722095671982
FBgn0041156	180	154	334	0.538922155688623
FBgn0041160	62	66	128	0.484375
FBgn0041164	237	249	486	0.487654320987654
FBgn0041171	225	194	419	0.536992840095465
FBgn0041174	7	12	19	0.368421052631579
FBgn0041180	203	180	383	0.530026109660574
FBgn0041181	180	170	350	0.514285714285714
FBgn0041182	398	323	721	0.552011095700416
FBgn0041183	114	140	254	0.448818897637795
FBgn0041184	217	265	482	0.450207468879668
FBgn0041186	60	65	125	0.48
FBgn0041188	124	141	265	0.467924528301887
FBgn0041191	9	10	19	0.473684210526316
FBgn0041194	149	155	304	0.490131578947368
FBgn0041195	296	285	581	0.509466437177281
FBgn0041205	31	31	62	0.5
FBgn0041210	587	7	594	0.988215488215488
FBgn0041224	105	112	217	0.483870967741935
FBgn0041225	60	71	131	0.458015267175573
FBgn0041229	59	55	114	0.517543859649123
FBgn0041231	62	84	146	0.424657534246575
FBgn0041232	110	85	195	0.564102564102564
FBgn0041233	88	125	213	0.413145539906103
FBgn0041234	118	99	217	0.543778801843318
FBgn0041235	110	80	190	0.578947368421053
FBgn0041236	71	70	141	0.50354609929078
FBgn0041237	105	93	198	0.53030303030303
FBgn0041238	108	115	223	0.484304932735426
FBgn0041239	95	126	221	0.429864253393665
FBgn0041240	124	97	221	0.561085972850679
FBgn0041241	67	85	152	0.440789473684211
FBgn0041242	108	86	194	0.556701030927835
FBgn0041243	59	64	123	0.479674796747967
FBgn0041245	110	121	231	0.476190476190476
FBgn0041246	87	80	167	0.520958083832335
FBgn0041247	143	150	293	0.488054607508532
FBgn0041248	153	157	310	0.493548387096774
FBgn0041249	92	93	185	0.497297297297297
FBgn0041250	173	163	336	0.514880952380952
FBgn0041252	37	0	37	1
FBgn0041336	61	60	121	0.504132231404959
FBgn0041337	132	153	285	0.463157894736842
FBgn0041342	214	196	410	0.521951219512195
FBgn0041579	53	55	108	0.490740740740741
FBgn0041581	58	68	126	0.46031746031746
FBgn0041582	162	138	300	0.54
FBgn0041585	394	419	813	0.484624846248462
FBgn0041588	99	103	202	0.49009900990099
FBgn0041604	270	276	546	0.494505494505495
FBgn0041605	61	62	123	0.495934959349593
FBgn0041621	39	27	66	0.590909090909091
FBgn0041622	142	155	297	0.478114478114478
FBgn0041623	118	93	211	0.559241706161137
FBgn0041624	109	117	226	0.482300884955752
FBgn0041625	122	127	249	0.48995983935743
FBgn0041626	53	1	54	0.981481481481482
FBgn0041627	189	155	344	0.549418604651163
FBgn0041629	121	1	122	0.991803278688525
FBgn0041630	147	145	292	0.503424657534247
FBgn0041702	91	79	170	0.535294117647059
FBgn0041706	134	132	266	0.503759398496241
FBgn0041707	40	32	72	0.555555555555556
FBgn0041709	96	80	176	0.545454545454545
FBgn0041710	61	64	125	0.488
FBgn0041711	44	33	77	0.571428571428571
FBgn0041712	98	88	186	0.526881720430108
FBgn0041713	54	42	96	0.5625
FBgn0041717	9	9	18	0.5
FBgn0041719	2	0	2	1
FBgn0041720	0	0	0	NA
FBgn0041721	30	32	62	0.483870967741935
FBgn0041723	318	352	670	0.474626865671642
FBgn0041775	171	165	336	0.508928571428571
FBgn0041780	0	0	0	NA
FBgn0041781	149	148	297	0.501683501683502
FBgn0041789	293	312	605	0.484297520661157
FBgn0042083	135	143	278	0.485611510791367
FBgn0042085	146	131	277	0.527075812274368
FBgn0042086	0	0	0	NA
FBgn0042092	73	88	161	0.453416149068323
FBgn0042094	29	28	57	0.508771929824561
FBgn0042098	79	71	150	0.526666666666667
FBgn0042101	83	80	163	0.50920245398773
FBgn0042102	33	23	56	0.589285714285714
FBgn0042103	106	94	200	0.53
FBgn0042104	66	63	129	0.511627906976744
FBgn0042105	75	69	144	0.520833333333333
FBgn0042106	99	102	201	0.492537313432836
FBgn0042110	73	78	151	0.483443708609272
FBgn0042111	43	55	98	0.438775510204082
FBgn0042112	21	18	39	0.538461538461538
FBgn0042118	0	0	0	NA
FBgn0042119	40	30	70	0.571428571428571
FBgn0042125	0	0	0	NA
FBgn0042126	62	58	120	0.516666666666667
FBgn0042127	0	0	0	NA
FBgn0042129	76	76	152	0.5
FBgn0042131	83	61	144	0.576388888888889
FBgn0042132	55	1	56	0.982142857142857
FBgn0042133	27	30	57	0.473684210526316
FBgn0042134	53	62	115	0.460869565217391
FBgn0042135	335	320	655	0.511450381679389
FBgn0042137	88	60	148	0.594594594594595
FBgn0042138	116	113	229	0.506550218340611
FBgn0042146	53	0	53	1
FBgn0042173	0	0	0	NA
FBgn0042175	26	18	44	0.590909090909091
FBgn0042177	27	20	47	0.574468085106383
FBgn0042178	73	60	133	0.548872180451128
FBgn0042179	129	166	295	0.43728813559322
FBgn0042180	168	187	355	0.473239436619718
FBgn0042182	0	0	0	NA
FBgn0042185	343	370	713	0.481065918653576
FBgn0042186	71	89	160	0.44375
FBgn0042187	49	49	98	0.5
FBgn0042189	77	70	147	0.523809523809524
FBgn0042198	45	52	97	0.463917525773196
FBgn0042199	16	27	43	0.372093023255814
FBgn0042201	50	50	100	0.5
FBgn0042205	44	50	94	0.468085106382979
FBgn0042206	40	64	104	0.384615384615385
FBgn0042207	51	49	100	0.51
FBgn0042213	48	49	97	0.494845360824742
FBgn0042627	46	47	93	0.494623655913978
FBgn0042630	337	341	678	0.497050147492625
FBgn0042641	0	0	0	NA
FBgn0042693	338	314	652	0.51840490797546
FBgn0042696	123	134	257	0.478599221789883
FBgn0042701	45	56	101	0.445544554455446
FBgn0042710	96	67	163	0.588957055214724
FBgn0042711	37	48	85	0.435294117647059
FBgn0042712	136	139	275	0.494545454545455
FBgn0043001	12	0	12	1
FBgn0043002	8	7	15	0.533333333333333
FBgn0043005	82	109	191	0.429319371727749
FBgn0043010	31	23	54	0.574074074074074
FBgn0043012	37	39	76	0.486842105263158
FBgn0043021	38	35	73	0.520547945205479
FBgn0043022	16	24	40	0.4
FBgn0043025	149	155	304	0.490131578947368
FBgn0043043	54	66	120	0.45
FBgn0043069	1	0	1	1
FBgn0043070	337	337	674	0.5
FBgn0043362	793	795	1588	0.499370277078086
FBgn0043364	36	46	82	0.439024390243902
FBgn0043455	29	20	49	0.591836734693878
FBgn0043456	196	195	391	0.501278772378517
FBgn0043457	93	93	186	0.5
FBgn0043458	161	173	334	0.482035928143713
FBgn0043470	35	35	70	0.5
FBgn0043471	45	49	94	0.478723404255319
FBgn0043530	32	41	73	0.438356164383562
FBgn0043532	84	68	152	0.552631578947368
FBgn0043533	46	50	96	0.479166666666667
FBgn0043534	58	50	108	0.537037037037037
FBgn0043535	37	50	87	0.425287356321839
FBgn0043536	0	0	0	NA
FBgn0043539	68	63	131	0.519083969465649
FBgn0043550	124	153	277	0.447653429602888
FBgn0043575	5	4	9	0.555555555555556
FBgn0043576	0	0	0	NA
FBgn0043577	18	19	37	0.486486486486487
FBgn0043578	1	0	1	1
FBgn0043783	66	55	121	0.545454545454545
FBgn0043791	47	47	94	0.5
FBgn0043792	35	24	59	0.593220338983051
FBgn0043796	102	0	102	1
FBgn0043799	105	78	183	0.573770491803279
FBgn0043806	98	98	196	0.5
FBgn0043825	149	142	291	0.512027491408935
FBgn0043841	179	209	388	0.461340206185567
FBgn0043853	0	0	0	NA
FBgn0043854	192	181	373	0.514745308310992
FBgn0043865	327	278	605	0.540495867768595
FBgn0043884	540	508	1048	0.515267175572519
FBgn0043900	100	85	185	0.540540540540541
FBgn0043903	221	0	221	1
FBgn0044011	88	82	170	0.517647058823529
FBgn0044020	121	110	231	0.523809523809524
FBgn0044028	215	194	409	0.525672371638142
FBgn0044030	16	1	17	0.941176470588235
FBgn0044046	60	0	60	1
FBgn0044047	176	0	176	1
FBgn0044048	0	0	0	NA
FBgn0044049	63	66	129	0.488372093023256
FBgn0044050	84	106	190	0.442105263157895
FBgn0044051	24	21	45	0.533333333333333
FBgn0044323	246	246	492	0.5
FBgn0044324	42	36	78	0.538461538461538
FBgn0044328	233	208	441	0.528344671201814
FBgn0044419	1	5	6	0.166666666666667
FBgn0044452	332	324	656	0.50609756097561
FBgn0044508	0	0	0	NA
FBgn0044510	11	17	28	0.392857142857143
FBgn0044511	0	0	0	NA
FBgn0044809	50	60	110	0.454545454545455
FBgn0044810	47	68	115	0.408695652173913
FBgn0044811	24	53	77	0.311688311688312
FBgn0044812	60	67	127	0.47244094488189
FBgn0044817	18	0	18	1
FBgn0044823	19	18	37	0.513513513513513
FBgn0044826	135	83	218	0.619266055045872
FBgn0044871	83	88	171	0.485380116959064
FBgn0044872	36	0	36	1
FBgn0045035	264	306	570	0.463157894736842
FBgn0045038	106	114	220	0.481818181818182
FBgn0045063	171	174	345	0.495652173913044
FBgn0045064	87	95	182	0.478021978021978
FBgn0045073	210	3	213	0.985915492957746
FBgn0045442	26	22	48	0.541666666666667
FBgn0045443	59	44	103	0.572815533980582
FBgn0045468	0	0	0	NA
FBgn0045469	97	87	184	0.527173913043478
FBgn0045470	109	75	184	0.592391304347826
FBgn0045471	106	90	196	0.540816326530612
FBgn0045473	21	33	54	0.388888888888889
FBgn0045474	78	89	167	0.467065868263473
FBgn0045476	0	0	0	NA
FBgn0045477	0	0	0	NA
FBgn0045478	0	0	0	NA
FBgn0045479	102	141	243	0.419753086419753
FBgn0045482	81	79	160	0.50625
FBgn0045483	102	109	211	0.483412322274882
FBgn0045485	67	49	116	0.577586206896552
FBgn0045486	66	70	136	0.485294117647059
FBgn0045487	85	63	148	0.574324324324324
FBgn0045495	424	398	822	0.515815085158151
FBgn0045497	93	76	169	0.550295857988166
FBgn0045498	97	102	199	0.487437185929648
FBgn0045500	81	101	182	0.445054945054945
FBgn0045501	117	87	204	0.573529411764706
FBgn0045502	0	0	0	NA
FBgn0045759	179	169	348	0.514367816091954
FBgn0045761	108	132	240	0.45
FBgn0045770	155	139	294	0.527210884353742
FBgn0045800	14	10	24	0.583333333333333
FBgn0045823	67	69	136	0.492647058823529
FBgn0045827	0	0	0	NA
FBgn0045842	322	292	614	0.52442996742671
FBgn0045843	10	19	29	0.344827586206897
FBgn0045852	333	337	670	0.497014925373134
FBgn0045862	99	100	199	0.49748743718593
FBgn0045866	53	53	106	0.5
FBgn0045980	155	182	337	0.459940652818991
FBgn0046113	284	294	578	0.491349480968858
FBgn0046114	21	26	47	0.446808510638298
FBgn0046214	67	55	122	0.549180327868853
FBgn0046222	24	12	36	0.666666666666667
FBgn0046225	97	109	206	0.470873786407767
FBgn0046247	123	103	226	0.544247787610619
FBgn0046253	244	260	504	0.484126984126984
FBgn0046258	92	105	197	0.467005076142132
FBgn0046294	38	39	77	0.493506493506494
FBgn0046296	27	26	53	0.509433962264151
FBgn0046297	45	31	76	0.592105263157895
FBgn0046301	15	10	25	0.6
FBgn0046302	118	128	246	0.479674796747967
FBgn0046323	0	0	0	NA
FBgn0046332	113	115	228	0.495614035087719
FBgn0046685	143	154	297	0.481481481481481
FBgn0046687	129	2	131	0.984732824427481
FBgn0046689	68	97	165	0.412121212121212
FBgn0046692	113	95	208	0.543269230769231
FBgn0046696	2	2	4	0.5
FBgn0046697	0	0	0	NA
FBgn0046698	0	0	0	NA
FBgn0046704	323	358	681	0.474302496328928
FBgn0046706	0	0	0	NA
FBgn0046756	27	24	51	0.529411764705882
FBgn0046763	95	103	198	0.47979797979798
FBgn0046776	86	63	149	0.577181208053691
FBgn0046793	110	82	192	0.572916666666667
FBgn0046873	34	36	70	0.485714285714286
FBgn0046874	0	0	0	NA
FBgn0046875	15	23	38	0.394736842105263
FBgn0046876	24	15	39	0.615384615384615
FBgn0046878	0	0	0	NA
FBgn0046879	84	79	163	0.515337423312883
FBgn0046880	43	49	92	0.467391304347826
FBgn0046885	125	131	256	0.48828125
FBgn0046886	135	102	237	0.569620253164557
FBgn0046887	81	87	168	0.482142857142857
FBgn0046888	63	70	133	0.473684210526316
FBgn0046999	41	23	64	0.640625
FBgn0047000	29	41	70	0.414285714285714
FBgn0047038	60	67	127	0.47244094488189
FBgn0047092	149	0	149	1
FBgn0047095	46	1	47	0.978723404255319
FBgn0047114	58	43	101	0.574257425742574
FBgn0047135	42	31	73	0.575342465753425
FBgn0047178	2	3	5	0.4
FBgn0047199	69	71	140	0.492857142857143
FBgn0047205	178	191	369	0.482384823848238
FBgn0047330	53	57	110	0.481818181818182
FBgn0047334	2	11	13	0.153846153846154
FBgn0047338	56	64	120	0.466666666666667
FBgn0047351	47	50	97	0.484536082474227
FBgn0050000	60	78	138	0.434782608695652
FBgn0050001	66	77	143	0.461538461538462
FBgn0050005	19	31	50	0.38
FBgn0050008	31	32	63	0.492063492063492
FBgn0050009	243	208	451	0.53880266075388
FBgn0050010	33	28	61	0.540983606557377
FBgn0050011	14	10	24	0.583333333333333
FBgn0050015	504	516	1020	0.494117647058824
FBgn0050016	26	17	43	0.604651162790698
FBgn0050018	177	165	342	0.517543859649123
FBgn0050020	175	191	366	0.478142076502732
FBgn0050021	202	199	401	0.503740648379052
FBgn0050022	123	117	240	0.5125
FBgn0050025	10	1	11	0.909090909090909
FBgn0050026	66	59	125	0.528
FBgn0050029	39	46	85	0.458823529411765
FBgn0050031	0	0	0	NA
FBgn0050033	50	45	95	0.526315789473684
FBgn0050035	212	185	397	0.534005037783375
FBgn0050036	64	66	130	0.492307692307692
FBgn0050037	47	36	83	0.566265060240964
FBgn0050039	77	58	135	0.57037037037037
FBgn0050042	100	86	186	0.537634408602151
FBgn0050043	222	256	478	0.464435146443515
FBgn0050044	122	155	277	0.44043321299639
FBgn0050045	32	37	69	0.463768115942029
FBgn0050046	195	189	384	0.5078125
FBgn0050047	188	171	359	0.523676880222841
FBgn0050048	302	279	581	0.519793459552496
FBgn0050049	238	212	450	0.528888888888889
FBgn0050050	67	64	131	0.511450381679389
FBgn0050051	43	39	82	0.524390243902439
FBgn0050052	57	64	121	0.471074380165289
FBgn0050053	84	58	142	0.591549295774648
FBgn0050054	130	122	252	0.515873015873016
FBgn0050055	43	45	88	0.488636363636364
FBgn0050056	8	7	15	0.533333333333333
FBgn0050058	0	0	0	NA
FBgn0050062	53	51	104	0.509615384615385
FBgn0050065	57	63	120	0.475
FBgn0050067	30	26	56	0.535714285714286
FBgn0050069	269	285	554	0.485559566787004
FBgn0050072	0	0	0	NA
FBgn0050073	0	0	0	NA
FBgn0050074	6	10	16	0.375
FBgn0050075	54	48	102	0.529411764705882
FBgn0050076	150	129	279	0.537634408602151
FBgn0050077	2	3	5	0.4
FBgn0050080	0	0	0	NA
FBgn0050081	115	120	235	0.48936170212766
FBgn0050082	56	52	108	0.518518518518518
FBgn0050083	96	93	189	0.507936507936508
FBgn0050085	238	274	512	0.46484375
FBgn0050087	0	0	0	NA
FBgn0050088	0	0	0	NA
FBgn0050089	253	292	545	0.464220183486239
FBgn0050090	43	55	98	0.438775510204082
FBgn0050091	51	48	99	0.515151515151515
FBgn0050093	21	28	49	0.428571428571429
FBgn0050094	64	69	133	0.481203007518797
FBgn0050095	106	112	218	0.486238532110092
FBgn0050096	32	19	51	0.627450980392157
FBgn0050098	96	112	208	0.461538461538462
FBgn0050099	41	33	74	0.554054054054054
FBgn0050100	0	0	0	NA
FBgn0050101	139	115	254	0.547244094488189
FBgn0050103	225	230	455	0.494505494505495
FBgn0050104	201	176	377	0.53315649867374
FBgn0050105	0	0	0	NA
FBgn0050106	257	258	515	0.499029126213592
FBgn0050108	28	29	57	0.491228070175439
FBgn0050109	47	49	96	0.489583333333333
FBgn0050110	204	212	416	0.490384615384615
FBgn0050114	88	65	153	0.57516339869281
FBgn0050115	434	428	862	0.503480278422274
FBgn0050120	0	0	0	NA
FBgn0050121	122	139	261	0.467432950191571
FBgn0050122	211	206	417	0.50599520383693
FBgn0050125	54	56	110	0.490909090909091
FBgn0050145	41	34	75	0.546666666666667
FBgn0050147	229	209	438	0.522831050228311
FBgn0050148	79	85	164	0.481707317073171
FBgn0050151	112	134	246	0.455284552845528
FBgn0050154	95	72	167	0.568862275449102
FBgn0050155	20	14	34	0.588235294117647
FBgn0050156	47	43	90	0.522222222222222
FBgn0050157	23	33	56	0.410714285714286
FBgn0050158	240	243	483	0.496894409937888
FBgn0050159	87	101	188	0.462765957446808
FBgn0050160	0	0	0	NA
FBgn0050161	19	27	46	0.41304347826087
FBgn0050163	9	13	22	0.409090909090909
FBgn0050169	133	136	269	0.494423791821561
FBgn0050172	38	49	87	0.436781609195402
FBgn0050177	118	97	215	0.548837209302326
FBgn0050178	14	27	41	0.341463414634146
FBgn0050181	134	149	283	0.473498233215548
FBgn0050183	301	306	607	0.495881383855025
FBgn0050184	37	32	69	0.536231884057971
FBgn0050185	35	43	78	0.448717948717949
FBgn0050187	80	54	134	0.597014925373134
FBgn0050192	29	36	65	0.446153846153846
FBgn0050195	66	66	132	0.5
FBgn0050196	40	51	91	0.43956043956044
FBgn0050197	55	34	89	0.617977528089888
FBgn0050198	0	4	4	0
FBgn0050199	6	10	16	0.375
FBgn0050200	4	4	8	0.5
FBgn0050201	14	28	42	0.333333333333333
FBgn0050202	15	19	34	0.441176470588235
FBgn0050203	237	237	474	0.5
FBgn0050206	19	15	34	0.558823529411765
FBgn0050208	2	3	5	0.4
FBgn0050209	1	0	1	1
FBgn0050211	10	14	24	0.416666666666667
FBgn0050212	26	21	47	0.553191489361702
FBgn0050215	14	9	23	0.608695652173913
FBgn0050218	19	11	30	0.633333333333333
FBgn0050220	22	21	43	0.511627906976744
FBgn0050222	160	130	290	0.551724137931034
FBgn0050223	23	23	46	0.5
FBgn0050225	12	14	26	0.461538461538462
FBgn0050227	3	10	13	0.230769230769231
FBgn0050229	16	24	40	0.4
FBgn0050231	6	4	10	0.6
FBgn0050232	24	14	38	0.631578947368421
FBgn0050234	10	25	35	0.285714285714286
FBgn0050235	25	14	39	0.641025641025641
FBgn0050237	24	30	54	0.444444444444444
FBgn0050238	13	21	34	0.382352941176471
FBgn0050239	12	25	37	0.324324324324324
FBgn0050240	23	23	46	0.5
FBgn0050241	32	23	55	0.581818181818182
FBgn0050249	4	11	15	0.266666666666667
FBgn0050250	14	19	33	0.424242424242424
FBgn0050251	4	2	6	0.666666666666667
FBgn0050254	0	2	2	0
FBgn0050257	26	27	53	0.490566037735849
FBgn0050259	119	126	245	0.485714285714286
FBgn0050263	462	515	977	0.472876151484135
FBgn0050265	199	135	334	0.595808383233533
FBgn0050267	32	36	68	0.470588235294118
FBgn0050268	294	275	569	0.516695957820738
FBgn0050269	0	0	0	NA
FBgn0050271	169	176	345	0.489855072463768
FBgn0050272	124	120	244	0.508196721311475
FBgn0050273	0	0	0	NA
FBgn0050274	106	131	237	0.447257383966245
FBgn0050275	208	185	393	0.529262086513995
FBgn0050277	147	133	280	0.525
FBgn0050278	71	83	154	0.461038961038961
FBgn0050280	90	95	185	0.486486486486487
FBgn0050281	87	74	161	0.540372670807453
FBgn0050284	26	23	49	0.530612244897959
FBgn0050285	32	47	79	0.40506329113924
FBgn0050286	84	106	190	0.442105263157895
FBgn0050287	8	31	39	0.205128205128205
FBgn0050288	57	53	110	0.518181818181818
FBgn0050289	106	115	221	0.479638009049774
FBgn0050290	0	0	0	NA
FBgn0050291	90	95	185	0.486486486486487
FBgn0050293	140	130	270	0.518518518518518
FBgn0050295	263	285	548	0.47992700729927
FBgn0050296	406	367	773	0.52522639068564
FBgn0050297	0	0	0	NA
FBgn0050298	2	2	4	0.5
FBgn0050299	0	0	0	NA
FBgn0050316	23	11	34	0.676470588235294
FBgn0050323	72	80	152	0.473684210526316
FBgn0050324	13	14	27	0.481481481481481
FBgn0050325	215	195	410	0.524390243902439
FBgn0050326	17	20	37	0.459459459459459
FBgn0050333	5	2	7	0.714285714285714
FBgn0050334	19	20	39	0.487179487179487
FBgn0050338	62	41	103	0.601941747572815
FBgn0050339	42	37	79	0.531645569620253
FBgn0050340	90	75	165	0.545454545454545
FBgn0050342	0	2	2	0
FBgn0050343	15	23	38	0.394736842105263
FBgn0050344	91	96	187	0.486631016042781
FBgn0050345	59	69	128	0.4609375
FBgn0050349	58	62	120	0.483333333333333
FBgn0050350	26	26	52	0.5
FBgn0050354	30	23	53	0.566037735849057
FBgn0050355	14	11	25	0.56
FBgn0050356	2	1	3	0.666666666666667
FBgn0050357	36	34	70	0.514285714285714
FBgn0050359	46	24	70	0.657142857142857
FBgn0050360	88	44	132	0.666666666666667
FBgn0050361	339	358	697	0.486370157819225
FBgn0050362	53	50	103	0.514563106796116
FBgn0050363	0	0	0	NA
FBgn0050364	0	0	0	NA
FBgn0050365	0	0	0	NA
FBgn0050366	0	0	0	NA
FBgn0050369	11	11	22	0.5
FBgn0050371	95	115	210	0.452380952380952
FBgn0050372	99	94	193	0.512953367875648
FBgn0050373	20	16	36	0.555555555555556
FBgn0050374	0	0	0	NA
FBgn0050375	68	66	134	0.507462686567164
FBgn0050376	11	20	31	0.354838709677419
FBgn0050377	249	245	494	0.504048582995951
FBgn0050378	37	23	60	0.616666666666667
FBgn0050379	41	46	87	0.471264367816092
FBgn0050380	16	8	24	0.666666666666667
FBgn0050381	24	20	44	0.545454545454545
FBgn0050382	0	0	0	NA
FBgn0050383	51	55	106	0.481132075471698
FBgn0050384	38	39	77	0.493506493506494
FBgn0050385	76	68	144	0.527777777777778
FBgn0050389	300	307	607	0.494233937397035
FBgn0050390	0	0	0	NA
FBgn0050391	99	105	204	0.485294117647059
FBgn0050392	2	3	5	0.4
FBgn0050393	53	38	91	0.582417582417582
FBgn0050394	151	168	319	0.473354231974922
FBgn0050395	432	447	879	0.491467576791809
FBgn0050398	48	55	103	0.466019417475728
FBgn0050401	73	68	141	0.517730496453901
FBgn0050403	76	61	137	0.554744525547445
FBgn0050404	138	99	237	0.582278481012658
FBgn0050406	24	27	51	0.470588235294118
FBgn0050407	28	18	46	0.608695652173913
FBgn0050409	73	56	129	0.565891472868217
FBgn0050410	24	31	55	0.436363636363636
FBgn0050411	92	126	218	0.422018348623853
FBgn0050412	93	78	171	0.543859649122807
FBgn0050413	21	17	38	0.552631578947368
FBgn0050414	45	48	93	0.483870967741935
FBgn0050416	112	113	225	0.497777777777778
FBgn0050417	30	27	57	0.526315789473684
FBgn0050418	181	174	355	0.509859154929577
FBgn0050419	144	139	283	0.508833922261484
FBgn0050421	142	139	281	0.505338078291815
FBgn0050423	18	16	34	0.529411764705882
FBgn0050424	10	9	19	0.526315789473684
FBgn0050428	0	0	0	NA
FBgn0050429	62	62	124	0.5
FBgn0050430	14	12	26	0.538461538461538
FBgn0050431	72	56	128	0.5625
FBgn0050432	5	8	13	0.384615384615385
FBgn0050438	135	138	273	0.494505494505495
FBgn0050440	169	162	331	0.510574018126888
FBgn0050441	10	11	21	0.476190476190476
FBgn0050443	51	33	84	0.607142857142857
FBgn0050446	81	62	143	0.566433566433566
FBgn0050447	108	95	203	0.532019704433498
FBgn0050449	19	13	32	0.59375
FBgn0050452	10	7	17	0.588235294117647
FBgn0050454	3	3	6	0.5
FBgn0050456	226	241	467	0.483940042826552
FBgn0050457	59	63	122	0.483606557377049
FBgn0050458	27	22	49	0.551020408163265
FBgn0050460	306	308	614	0.498371335504886
FBgn0050461	0	0	0	NA
FBgn0050462	3	0	3	1
FBgn0050463	431	477	908	0.474669603524229
FBgn0050464	114	130	244	0.467213114754098
FBgn0050466	66	107	173	0.38150289017341
FBgn0050467	90	78	168	0.535714285714286
FBgn0050468	114	120	234	0.487179487179487
FBgn0050469	117	115	232	0.504310344827586
FBgn0050471	220	201	421	0.522565320665083
FBgn0050472	58	51	109	0.532110091743119
FBgn0050476	22	29	51	0.431372549019608
FBgn0050479	13	13	26	0.5
FBgn0050480	0	0	0	NA
FBgn0050481	0	0	0	NA
FBgn0050484	203	189	392	0.517857142857143
FBgn0050485	139	137	276	0.503623188405797
FBgn0050486	0	0	0	NA
FBgn0050487	20	19	39	0.512820512820513
FBgn0050488	78	87	165	0.472727272727273
FBgn0050489	202	254	456	0.442982456140351
FBgn0050491	10	7	17	0.588235294117647
FBgn0050493	81	86	167	0.48502994011976
FBgn0050495	28	25	53	0.528301886792453
FBgn0050496	31	31	62	0.5
FBgn0050499	20	16	36	0.555555555555556
FBgn0050502	60	47	107	0.560747663551402
FBgn0050503	0	0	0	NA
FBgn0050506	23	31	54	0.425925925925926
FBgn0050509	10	13	23	0.434782608695652
FBgn0051002	108	102	210	0.514285714285714
FBgn0051004	412	397	809	0.509270704573548
FBgn0051005	285	227	512	0.556640625
FBgn0051007	56	67	123	0.455284552845528
FBgn0051008	71	59	130	0.546153846153846
FBgn0051010	82	65	147	0.557823129251701
FBgn0051013	181	176	357	0.507002801120448
FBgn0051014	180	171	351	0.512820512820513
FBgn0051015	176	208	384	0.458333333333333
FBgn0051016	338	354	692	0.488439306358382
FBgn0051017	176	152	328	0.536585365853659
FBgn0051019	176	193	369	0.476964769647696
FBgn0051021	132	123	255	0.517647058823529
FBgn0051023	19	30	49	0.387755102040816
FBgn0051025	200	212	412	0.485436893203884
FBgn0051028	181	175	356	0.508426966292135
FBgn0051029	168	164	332	0.506024096385542
FBgn0051030	83	109	192	0.432291666666667
FBgn0051032	58	72	130	0.446153846153846
FBgn0051036	291	271	562	0.51779359430605
FBgn0051038	419	375	794	0.527707808564232
FBgn0051040	82	99	181	0.453038674033149
FBgn0051041	46	87	133	0.345864661654135
FBgn0051044	184	208	392	0.469387755102041
FBgn0051050	56	62	118	0.474576271186441
FBgn0051051	42	41	83	0.506024096385542
FBgn0051053	27	29	56	0.482142857142857
FBgn0051054	0	0	0	NA
FBgn0051055	88	90	178	0.49438202247191
FBgn0051064	371	412	783	0.473818646232439
FBgn0051065	92	73	165	0.557575757575758
FBgn0051068	176	162	338	0.520710059171598
FBgn0051070	22	15	37	0.594594594594595
FBgn0051071	3	3	6	0.5
FBgn0051072	254	259	513	0.495126705653021
FBgn0051075	142	178	320	0.44375
FBgn0051076	77	88	165	0.466666666666667
FBgn0051077	248	244	492	0.504065040650406
FBgn0051080	53	54	107	0.495327102803738
FBgn0051081	99	85	184	0.53804347826087
FBgn0051086	0	0	0	NA
FBgn0051087	100	103	203	0.492610837438424
FBgn0051088	0	0	0	NA
FBgn0051089	43	53	96	0.447916666666667
FBgn0051091	151	150	301	0.501661129568106
FBgn0051092	380	404	784	0.48469387755102
FBgn0051093	0	5	5	0
FBgn0051097	143	152	295	0.484745762711864
FBgn0051098	66	49	115	0.573913043478261
FBgn0051099	130	124	254	0.511811023622047
FBgn0051100	111	111	222	0.5
FBgn0051102	163	168	331	0.492447129909366
FBgn0051103	45	36	81	0.555555555555556
FBgn0051104	91	88	179	0.508379888268156
FBgn0051105	120	115	235	0.51063829787234
FBgn0051106	151	143	294	0.513605442176871
FBgn0051108	128	140	268	0.477611940298507
FBgn0051109	38	37	75	0.506666666666667
FBgn0051111	54	44	98	0.551020408163265
FBgn0051115	63	55	118	0.533898305084746
FBgn0051116	289	321	610	0.473770491803279
FBgn0051118	30	25	55	0.545454545454545
FBgn0051119	72	68	140	0.514285714285714
FBgn0051121	238	232	470	0.506382978723404
FBgn0051122	204	192	396	0.515151515151515
FBgn0051125	42	41	83	0.506024096385542
FBgn0051126	35	37	72	0.486111111111111
FBgn0051128	57	68	125	0.456
FBgn0051130	25	20	45	0.555555555555556
FBgn0051131	0	0	0	NA
FBgn0051133	89	75	164	0.542682926829268
FBgn0051139	13	24	37	0.351351351351351
FBgn0051140	491	492	983	0.499491353001017
FBgn0051141	22	27	49	0.448979591836735
FBgn0051143	9	6	15	0.6
FBgn0051144	0	0	0	NA
FBgn0051145	275	302	577	0.476603119584055
FBgn0051146	260	243	503	0.516898608349901
FBgn0051148	52	44	96	0.541666666666667
FBgn0051151	190	159	349	0.544412607449857
FBgn0051155	10	12	22	0.454545454545455
FBgn0051156	176	174	350	0.502857142857143
FBgn0051157	37	44	81	0.45679012345679
FBgn0051158	475	486	961	0.494276795005203
FBgn0051159	134	133	267	0.50187265917603
FBgn0051161	59	62	121	0.487603305785124
FBgn0051162	0	0	0	NA
FBgn0051163	484	514	998	0.48496993987976
FBgn0051164	165	169	334	0.494011976047904
FBgn0051165	11	13	24	0.458333333333333
FBgn0051166	4	9	13	0.307692307692308
FBgn0051167	9	15	24	0.375
FBgn0051174	89	61	150	0.593333333333333
FBgn0051176	177	208	385	0.45974025974026
FBgn0051183	287	261	548	0.523722627737226
FBgn0051184	31	20	51	0.607843137254902
FBgn0051189	53	48	101	0.524752475247525
FBgn0051191	184	167	351	0.524216524216524
FBgn0051195	152	151	303	0.501650165016502
FBgn0051198	211	166	377	0.559681697612732
FBgn0051199	95	96	191	0.49738219895288
FBgn0051200	91	80	171	0.532163742690059
FBgn0051201	187	165	352	0.53125
FBgn0051202	74	77	151	0.490066225165563
FBgn0051204	72	96	168	0.428571428571429
FBgn0051205	97	105	202	0.48019801980198
FBgn0051206	95	84	179	0.53072625698324
FBgn0051207	42	55	97	0.43298969072165
FBgn0051211	137	157	294	0.465986394557823
FBgn0051213	246	248	494	0.497975708502024
FBgn0051215	23	18	41	0.560975609756098
FBgn0051216	208	173	381	0.545931758530184
FBgn0051217	129	96	225	0.573333333333333
FBgn0051219	50	36	86	0.581395348837209
FBgn0051220	138	131	269	0.513011152416357
FBgn0051221	342	373	715	0.478321678321678
FBgn0051223	50	44	94	0.531914893617021
FBgn0051224	311	306	617	0.504051863857374
FBgn0051225	141	137	278	0.507194244604317
FBgn0051226	32	38	70	0.457142857142857
FBgn0051228	11	12	23	0.478260869565217
FBgn0051229	22	27	49	0.448979591836735
FBgn0051230	46	37	83	0.55421686746988
FBgn0051231	138	126	264	0.522727272727273
FBgn0051233	159	231	390	0.407692307692308
FBgn0051242	13	6	19	0.684210526315789
FBgn0051244	84	80	164	0.51219512195122
FBgn0051245	60	78	138	0.434782608695652
FBgn0051248	34	41	75	0.453333333333333
FBgn0051249	68	74	142	0.47887323943662
FBgn0051251	74	65	139	0.532374100719424
FBgn0051253	0	0	0	NA
FBgn0051259	80	72	152	0.526315789473684
FBgn0051262	216	218	434	0.497695852534562
FBgn0051265	56	64	120	0.466666666666667
FBgn0051266	58	84	142	0.408450704225352
FBgn0051267	108	85	193	0.559585492227979
FBgn0051268	7	11	18	0.388888888888889
FBgn0051269	12	18	30	0.4
FBgn0051272	90	77	167	0.538922155688623
FBgn0051274	2	0	2	1
FBgn0051278	22	23	45	0.488888888888889
FBgn0051279	85	82	167	0.508982035928144
FBgn0051281	111	109	220	0.504545454545455
FBgn0051282	7	5	12	0.583333333333333
FBgn0051286	40	51	91	0.43956043956044
FBgn0051287	44	30	74	0.594594594594595
FBgn0051288	138	103	241	0.572614107883817
FBgn0051292	0	0	0	NA
FBgn0051294	50	45	95	0.526315789473684
FBgn0051296	17	32	49	0.346938775510204
FBgn0051300	69	55	124	0.556451612903226
FBgn0051301	7	6	13	0.538461538461538
FBgn0051313	0	0	0	NA
FBgn0051320	229	229	458	0.5
FBgn0051321	178	192	370	0.481081081081081
FBgn0051323	129	125	254	0.507874015748031
FBgn0051324	261	287	548	0.476277372262774
FBgn0051326	143	140	283	0.50530035335689
FBgn0051327	224	191	415	0.539759036144578
FBgn0051331	0	0	0	NA
FBgn0051333	25	22	47	0.531914893617021
FBgn0051334	27	24	51	0.529411764705882
FBgn0051337	52	41	93	0.559139784946237
FBgn0051342	196	208	404	0.485148514851485
FBgn0051343	202	233	435	0.464367816091954
FBgn0051344	11	12	23	0.478260869565217
FBgn0051345	106	90	196	0.540816326530612
FBgn0051347	19	18	37	0.513513513513513
FBgn0051352	3	6	9	0.333333333333333
FBgn0051354	1	0	1	1
FBgn0051356	14	20	34	0.411764705882353
FBgn0051357	11	16	27	0.407407407407407
FBgn0051358	12	17	29	0.413793103448276
FBgn0051360	25	28	53	0.471698113207547
FBgn0051361	233	232	465	0.501075268817204
FBgn0051363	124	129	253	0.490118577075099
FBgn0051365	134	146	280	0.478571428571429
FBgn0051368	142	126	268	0.529850746268657
FBgn0051370	89	99	188	0.473404255319149
FBgn0051371	203	176	379	0.535620052770449
FBgn0051373	49	37	86	0.569767441860465
FBgn0051374	6	11	17	0.352941176470588
FBgn0051380	88	92	180	0.488888888888889
FBgn0051382	10	3	13	0.769230769230769
FBgn0051383	20	21	41	0.48780487804878
FBgn0051386	202	199	401	0.503740648379052
FBgn0051388	95	98	193	0.492227979274611
FBgn0051390	36	25	61	0.590163934426229
FBgn0051391	67	53	120	0.558333333333333
FBgn0051404	52	66	118	0.440677966101695
FBgn0051406	51	55	106	0.481132075471698
FBgn0051407	9	3	12	0.75
FBgn0051410	0	0	0	NA
FBgn0051413	50	67	117	0.427350427350427
FBgn0051414	71	56	127	0.559055118110236
FBgn0051415	0	0	0	NA
FBgn0051416	0	0	0	NA
FBgn0051418	50	28	78	0.641025641025641
FBgn0051419	44	42	86	0.511627906976744
FBgn0051423	125	119	244	0.512295081967213
FBgn0051424	175	182	357	0.490196078431373
FBgn0051427	107	107	214	0.5
FBgn0051431	115	130	245	0.469387755102041
FBgn0051432	12	8	20	0.6
FBgn0051436	140	116	256	0.546875
FBgn0051437	45	32	77	0.584415584415584
FBgn0051438	60	50	110	0.545454545454545
FBgn0051439	67	49	116	0.577586206896552
FBgn0051441	58	60	118	0.491525423728814
FBgn0051445	288	307	595	0.484033613445378
FBgn0051446	65	69	134	0.485074626865672
FBgn0051450	20	29	49	0.408163265306122
FBgn0051451	24	24	48	0.5
FBgn0051453	51	49	100	0.51
FBgn0051454	65	54	119	0.546218487394958
FBgn0051457	96	84	180	0.533333333333333
FBgn0051459	102	97	199	0.512562814070352
FBgn0051460	4	3	7	0.571428571428571
FBgn0051463	27	35	62	0.435483870967742
FBgn0051464	15	13	28	0.535714285714286
FBgn0051465	0	0	0	NA
FBgn0051467	73	60	133	0.548872180451128
FBgn0051469	29	23	52	0.557692307692308
FBgn0051471	14	16	30	0.466666666666667
FBgn0051472	24	23	47	0.51063829787234
FBgn0051473	27	27	54	0.5
FBgn0051475	166	169	335	0.495522388059702
FBgn0051477	26	40	66	0.393939393939394
FBgn0051480	22	20	42	0.523809523809524
FBgn0051481	245	188	433	0.565819861431871
FBgn0051482	13	15	28	0.464285714285714
FBgn0051485	25	25	50	0.5
FBgn0051491	5	14	19	0.263157894736842
FBgn0051493	45	55	100	0.45
FBgn0051494	12	12	24	0.5
FBgn0051495	87	94	181	0.480662983425414
FBgn0051496	54	59	113	0.47787610619469
FBgn0051497	29	29	58	0.5
FBgn0051501	52	46	98	0.530612244897959
FBgn0051506	16	26	42	0.380952380952381
FBgn0051510	154	180	334	0.461077844311377
FBgn0051514	19	25	44	0.431818181818182
FBgn0051515	52	58	110	0.472727272727273
FBgn0051516	0	0	0	NA
FBgn0051518	27	26	53	0.509433962264151
FBgn0051522	65	65	130	0.5
FBgn0051523	93	91	184	0.505434782608696
FBgn0051524	209	185	394	0.530456852791878
FBgn0051525	4	14	18	0.222222222222222
FBgn0051526	29	37	66	0.439393939393939
FBgn0051528	11	10	21	0.523809523809524
FBgn0051533	176	190	366	0.480874316939891
FBgn0051538	64	59	123	0.520325203252033
FBgn0051542	0	0	0	NA
FBgn0051546	0	0	0	NA
FBgn0051547	131	132	263	0.498098859315589
FBgn0051548	19	10	29	0.655172413793103
FBgn0051549	19	18	37	0.513513513513513
FBgn0051550	62	55	117	0.52991452991453
FBgn0051551	48	26	74	0.648648648648649
FBgn0051559	36	35	71	0.507042253521127
FBgn0051560	77	74	151	0.509933774834437
FBgn0051561	64	57	121	0.528925619834711
FBgn0051562	15	22	37	0.405405405405405
FBgn0051568	11	5	16	0.6875
FBgn0051569	11	12	23	0.478260869565217
FBgn0051570	0	0	0	NA
FBgn0051573	17	15	32	0.53125
FBgn0051575	12	16	28	0.428571428571429
FBgn0051576	18	19	37	0.486486486486487
FBgn0051577	22	22	44	0.5
FBgn0051578	13	8	21	0.619047619047619
FBgn0051579	7	21	28	0.25
FBgn0051580	11	6	17	0.647058823529412
FBgn0051583	10	13	23	0.434782608695652
FBgn0051588	18	16	34	0.529411764705882
FBgn0051591	12	8	20	0.6
FBgn0051601	168	180	348	0.482758620689655
FBgn0051602	12	24	36	0.333333333333333
FBgn0051603	12	17	29	0.413793103448276
FBgn0051604	2	13	15	0.133333333333333
FBgn0051606	58	42	100	0.58
FBgn0051609	21	27	48	0.4375
FBgn0051611	0	0	0	NA
FBgn0051612	155	175	330	0.46969696969697
FBgn0051613	0	0	0	NA
FBgn0051614	2	7	9	0.222222222222222
FBgn0051615	3	6	9	0.333333333333333
FBgn0051616	0	0	0	NA
FBgn0051617	0	0	0	NA
FBgn0051618	0	0	0	NA
FBgn0051619	232	214	446	0.520179372197309
FBgn0051624	67	56	123	0.544715447154472
FBgn0051626	37	35	72	0.513888888888889
FBgn0051627	16	13	29	0.551724137931034
FBgn0051631	10	4	14	0.714285714285714
FBgn0051632	267	298	565	0.472566371681416
FBgn0051633	75	86	161	0.46583850931677
FBgn0051634	176	146	322	0.546583850931677
FBgn0051635	359	329	688	0.521802325581395
FBgn0051636	37	48	85	0.435294117647059
FBgn0051637	119	116	235	0.506382978723404
FBgn0051638	244	272	516	0.472868217054264
FBgn0051639	47	64	111	0.423423423423423
FBgn0051642	120	160	280	0.428571428571429
FBgn0051643	186	171	357	0.521008403361345
FBgn0051644	64	43	107	0.598130841121495
FBgn0051646	296	289	585	0.505982905982906
FBgn0051647	105	128	233	0.450643776824034
FBgn0051648	51	53	104	0.490384615384615
FBgn0051658	66	75	141	0.468085106382979
FBgn0051659	54	60	114	0.473684210526316
FBgn0051660	531	535	1066	0.49812382739212
FBgn0051661	83	76	159	0.522012578616352
FBgn0051663	295	321	616	0.478896103896104
FBgn0051664	38	42	80	0.475
FBgn0051665	244	244	488	0.5
FBgn0051668	187	223	410	0.45609756097561
FBgn0051669	10	21	31	0.32258064516129
FBgn0051673	92	79	171	0.538011695906433
FBgn0051674	28	29	57	0.491228070175439
FBgn0051675	88	82	170	0.517647058823529
FBgn0051676	92	88	180	0.511111111111111
FBgn0051677	45	33	78	0.576923076923077
FBgn0051678	181	179	360	0.502777777777778
FBgn0051679	37	42	79	0.468354430379747
FBgn0051680	32	24	56	0.571428571428571
FBgn0051681	58	47	105	0.552380952380952
FBgn0051682	63	64	127	0.496062992125984
FBgn0051683	6	2	8	0.75
FBgn0051687	112	76	188	0.595744680851064
FBgn0051690	165	175	340	0.485294117647059
FBgn0051693	50	40	90	0.555555555555556
FBgn0051694	106	103	209	0.507177033492823
FBgn0051697	4	3	7	0.571428571428571
FBgn0051698	29	30	59	0.491525423728814
FBgn0051700	57	86	143	0.398601398601399
FBgn0051702	25	28	53	0.471698113207547
FBgn0051703	44	51	95	0.463157894736842
FBgn0051704	31	20	51	0.607843137254902
FBgn0051706	156	157	313	0.498402555910543
FBgn0051708	318	294	612	0.519607843137255
FBgn0051709	71	84	155	0.458064516129032
FBgn0051710	196	160	356	0.550561797752809
FBgn0051712	67	50	117	0.572649572649573
FBgn0051713	0	0	0	NA
FBgn0051715	14	10	24	0.583333333333333
FBgn0051716	323	315	638	0.506269592476489
FBgn0051717	16	16	32	0.5
FBgn0051718	165	175	340	0.485294117647059
FBgn0051719	309	297	606	0.50990099009901
FBgn0051720	213	203	416	0.512019230769231
FBgn0051721	298	304	602	0.495016611295681
FBgn0051729	286	286	572	0.5
FBgn0051730	83	71	154	0.538961038961039
FBgn0051735	55	58	113	0.486725663716814
FBgn0051739	123	111	234	0.525641025641026
FBgn0051740	24	23	47	0.51063829787234
FBgn0051741	97	93	190	0.510526315789474
FBgn0051742	92	69	161	0.571428571428571
FBgn0051752	93	63	156	0.596153846153846
FBgn0051754	17	12	29	0.586206896551724
FBgn0051755	404	357	761	0.530880420499343
FBgn0051759	143	158	301	0.475083056478405
FBgn0051760	455	466	921	0.494028230184582
FBgn0051769	88	88	176	0.5
FBgn0051773	120	124	244	0.491803278688525
FBgn0051774	616	599	1215	0.506995884773663
FBgn0051776	169	156	325	0.52
FBgn0051777	32	11	43	0.744186046511628
FBgn0051778	27	17	44	0.613636363636364
FBgn0051779	59	67	126	0.468253968253968
FBgn0051780	0	0	0	NA
FBgn0051781	145	153	298	0.486577181208054
FBgn0051784	115	157	272	0.422794117647059
FBgn0051785	102	87	189	0.53968253968254
FBgn0051787	51	62	113	0.451327433628319
FBgn0051788	51	59	110	0.463636363636364
FBgn0051789	53	77	130	0.407692307692308
FBgn0051792	230	213	443	0.519187358916479
FBgn0051793	183	204	387	0.472868217054264
FBgn0051797	135	157	292	0.462328767123288
FBgn0051798	173	161	334	0.517964071856287
FBgn0051800	0	0	0	NA
FBgn0051802	22	35	57	0.385964912280702
FBgn0051803	27	29	56	0.482142857142857
FBgn0051804	96	94	190	0.505263157894737
FBgn0051805	22	26	48	0.458333333333333
FBgn0051806	17	23	40	0.425
FBgn0051807	0	0	0	NA
FBgn0051809	41	37	78	0.525641025641026
FBgn0051810	51	46	97	0.525773195876289
FBgn0051812	34	55	89	0.382022471910112
FBgn0051813	6	14	20	0.3
FBgn0051814	409	430	839	0.487485101311085
FBgn0051815	136	144	280	0.485714285714286
FBgn0051816	94	81	175	0.537142857142857
FBgn0051820	47	35	82	0.573170731707317
FBgn0051821	71	48	119	0.596638655462185
FBgn0051822	83	83	166	0.5
FBgn0051823	124	110	234	0.52991452991453
FBgn0051824	26	28	54	0.481481481481481
FBgn0051826	116	107	223	0.520179372197309
FBgn0051827	0	0	0	NA
FBgn0051832	59	81	140	0.421428571428571
FBgn0051835	0	0	0	NA
FBgn0051840	35	43	78	0.448717948717949
FBgn0051845	44	42	86	0.511627906976744
FBgn0051848	56	54	110	0.509090909090909
FBgn0051849	84	88	172	0.488372093023256
FBgn0051851	61	76	137	0.445255474452555
FBgn0051852	46	51	97	0.474226804123711
FBgn0051855	11	6	17	0.647058823529412
FBgn0051858	85	81	166	0.512048192771084
FBgn0051860	152	171	323	0.470588235294118
FBgn0051861	38	38	76	0.5
FBgn0051862	87	104	191	0.455497382198953
FBgn0051864	35	47	82	0.426829268292683
FBgn0051865	0	0	0	NA
FBgn0051866	1	32	33	0.0303030303030303
FBgn0051867	71	76	147	0.482993197278912
FBgn0051869	230	241	471	0.488322717622081
FBgn0051870	97	72	169	0.57396449704142
FBgn0051871	157	147	304	0.516447368421053
FBgn0051872	250	262	512	0.48828125
FBgn0051874	106	93	199	0.532663316582915
FBgn0051875	71	54	125	0.568
FBgn0051876	53	51	104	0.509615384615385
FBgn0051882	84	71	155	0.541935483870968
FBgn0051885	23	25	48	0.479166666666667
FBgn0051888	1	1	2	0.5
FBgn0051889	26	29	55	0.472727272727273
FBgn0051890	12	3	15	0.8
FBgn0051892	18	12	30	0.6
FBgn0051895	3	9	12	0.25
FBgn0051896	26	22	48	0.541666666666667
FBgn0051897	233	188	421	0.553444180522565
FBgn0051898	78	76	154	0.506493506493506
FBgn0051901	103	95	198	0.52020202020202
FBgn0051902	103	131	234	0.44017094017094
FBgn0051907	38	51	89	0.426966292134831
FBgn0051908	115	112	227	0.506607929515419
FBgn0051909	27	26	53	0.509433962264151
FBgn0051910	59	40	99	0.595959595959596
FBgn0051912	37	15	52	0.711538461538462
FBgn0051913	66	73	139	0.474820143884892
FBgn0051914	21	25	46	0.456521739130435
FBgn0051915	169	214	383	0.441253263707572
FBgn0051921	87	101	188	0.462765957446808
FBgn0051922	11	11	22	0.5
FBgn0051924	46	36	82	0.560975609756098
FBgn0051926	106	126	232	0.456896551724138
FBgn0051928	99	97	196	0.505102040816326
FBgn0051933	43	56	99	0.434343434343434
FBgn0051935	206	234	440	0.468181818181818
FBgn0051939	8	9	17	0.470588235294118
FBgn0051940	2	10	12	0.166666666666667
FBgn0051942	20	29	49	0.408163265306122
FBgn0051943	17	9	26	0.653846153846154
FBgn0051944	25	24	49	0.510204081632653
FBgn0051946	0	0	0	NA
FBgn0051948	53	53	106	0.5
FBgn0051949	57	46	103	0.553398058252427
FBgn0051950	26	40	66	0.393939393939394
FBgn0051952	55	67	122	0.450819672131148
FBgn0051953	0	0	0	NA
FBgn0051954	39	38	77	0.506493506493506
FBgn0051955	37	33	70	0.528571428571429
FBgn0051956	163	132	295	0.552542372881356
FBgn0051957	52	52	104	0.5
FBgn0051958	41	22	63	0.650793650793651
FBgn0051960	43	65	108	0.398148148148148
FBgn0051961	68	79	147	0.462585034013605
FBgn0051963	14	6	20	0.7
FBgn0051971	25	20	45	0.555555555555556
FBgn0051973	198	164	362	0.546961325966851
FBgn0051974	9	8	17	0.529411764705882
FBgn0051975	0	0	0	NA
FBgn0051976	0	0	0	NA
FBgn0051988	46	41	87	0.528735632183908
FBgn0051989	233	225	458	0.508733624454148
FBgn0051992	26	20	46	0.565217391304348
FBgn0051997	0	0	0	NA
FBgn0051998	57	55	112	0.508928571428571
FBgn0051999	57	52	109	0.522935779816514
FBgn0052000	115	109	224	0.513392857142857
FBgn0052006	37	42	79	0.468354430379747
FBgn0052009	54	51	105	0.514285714285714
FBgn0052010	41	12	53	0.773584905660377
FBgn0052011	53	44	97	0.54639175257732
FBgn0052016	49	44	93	0.526881720430108
FBgn0052017	81	113	194	0.417525773195876
FBgn0052022	11	13	24	0.458333333333333
FBgn0052023	41	33	74	0.554054054054054
FBgn0052024	80	69	149	0.536912751677852
FBgn0052026	101	95	196	0.51530612244898
FBgn0052027	8	4	12	0.666666666666667
FBgn0052029	45	51	96	0.46875
FBgn0052034	18	11	29	0.620689655172414
FBgn0052036	74	71	145	0.510344827586207
FBgn0052037	95	91	186	0.510752688172043
FBgn0052039	62	58	120	0.516666666666667
FBgn0052040	97	70	167	0.580838323353293
FBgn0052053	131	145	276	0.47463768115942
FBgn0052054	140	134	274	0.510948905109489
FBgn0052055	156	157	313	0.498402555910543
FBgn0052056	224	225	449	0.498886414253898
FBgn0052057	215	207	422	0.509478672985782
FBgn0052058	118	107	225	0.524444444444444
FBgn0052061	92	63	155	0.593548387096774
FBgn0052062	545	584	1129	0.482728077945084
FBgn0052064	129	112	241	0.535269709543568
FBgn0052066	141	117	258	0.546511627906977
FBgn0052068	59	73	132	0.446969696969697
FBgn0052069	30	27	57	0.526315789473684
FBgn0052071	44	41	85	0.517647058823529
FBgn0052072	90	94	184	0.489130434782609
FBgn0052073	60	51	111	0.540540540540541
FBgn0052074	56	51	107	0.523364485981308
FBgn0052075	101	92	193	0.523316062176166
FBgn0052076	75	93	168	0.446428571428571
FBgn0052079	150	146	296	0.506756756756757
FBgn0052081	122	123	245	0.497959183673469
FBgn0052082	322	340	662	0.486404833836858
FBgn0052085	212	212	424	0.5
FBgn0052086	108	97	205	0.526829268292683
FBgn0052087	46	54	100	0.46
FBgn0052088	235	204	439	0.535307517084282
FBgn0052091	234	237	471	0.496815286624204
FBgn0052093	20	27	47	0.425531914893617
FBgn0052095	80	76	156	0.512820512820513
FBgn0052099	106	85	191	0.554973821989529
FBgn0052100	91	70	161	0.565217391304348
FBgn0052102	39	42	81	0.481481481481481
FBgn0052103	267	236	503	0.530815109343936
FBgn0052104	336	314	650	0.516923076923077
FBgn0052105	192	161	353	0.543909348441926
FBgn0052106	396	394	790	0.50126582278481
FBgn0052107	317	381	698	0.454154727793696
FBgn0052109	95	99	194	0.489690721649485
FBgn0052110	29	34	63	0.46031746031746
FBgn0052111	421	393	814	0.517199017199017
FBgn0052112	193	180	373	0.517426273458445
FBgn0052113	831	837	1668	0.498201438848921
FBgn0052115	106	104	210	0.504761904761905
FBgn0052117	29	34	63	0.46031746031746
FBgn0052119	129	142	271	0.476014760147601
FBgn0052121	102	86	188	0.542553191489362
FBgn0052123	14	12	26	0.538461538461538
FBgn0052126	26	13	39	0.666666666666667
FBgn0052127	20	14	34	0.588235294117647
FBgn0052128	27	20	47	0.574468085106383
FBgn0052129	11	7	18	0.611111111111111
FBgn0052133	236	294	530	0.445283018867925
FBgn0052137	218	219	437	0.498855835240275
FBgn0052141	18	8	26	0.692307692307692
FBgn0052150	87	97	184	0.472826086956522
FBgn0052152	0	0	0	NA
FBgn0052153	14	28	42	0.333333333333333
FBgn0052160	131	136	267	0.49063670411985
FBgn0052161	14	14	28	0.5
FBgn0052163	0	0	0	NA
FBgn0052170	77	78	155	0.496774193548387
FBgn0052173	12	24	36	0.333333333333333
FBgn0052174	19	25	44	0.431818181818182
FBgn0052176	101	96	197	0.512690355329949
FBgn0052177	57	56	113	0.504424778761062
FBgn0052179	11	14	25	0.44
FBgn0052181	225	238	463	0.485961123110151
FBgn0052182	59	48	107	0.551401869158878
FBgn0052183	221	199	420	0.526190476190476
FBgn0052185	45	47	92	0.489130434782609
FBgn0052187	89	81	170	0.523529411764706
FBgn0052188	8	28	36	0.222222222222222
FBgn0052189	0	17	17	0
FBgn0052190	37	59	96	0.385416666666667
FBgn0052191	72	88	160	0.45
FBgn0052192	124	94	218	0.568807339449541
FBgn0052194	87	65	152	0.572368421052632
FBgn0052195	364	325	689	0.528301886792453
FBgn0052196	63	56	119	0.529411764705882
FBgn0052198	45	60	105	0.428571428571429
FBgn0052199	179	175	354	0.505649717514124
FBgn0052200	0	0	0	NA
FBgn0052201	187	150	337	0.554896142433234
FBgn0052202	30	26	56	0.535714285714286
FBgn0052203	59	70	129	0.457364341085271
FBgn0052204	304	295	599	0.507512520868113
FBgn0052205	83	100	183	0.453551912568306
FBgn0052206	351	377	728	0.482142857142857
FBgn0052207	14	24	38	0.368421052631579
FBgn0052208	21	10	31	0.67741935483871
FBgn0052212	1	3	4	0.25
FBgn0052213	8	2	10	0.8
FBgn0052214	36	26	62	0.580645161290323
FBgn0052218	43	47	90	0.477777777777778
FBgn0052219	60	55	115	0.521739130434783
FBgn0052220	29	35	64	0.453125
FBgn0052221	26	30	56	0.464285714285714
FBgn0052224	0	0	0	NA
FBgn0052225	55	74	129	0.426356589147287
FBgn0052226	48	33	81	0.592592592592593
FBgn0052227	72	55	127	0.566929133858268
FBgn0052228	0	0	0	NA
FBgn0052230	13	9	22	0.590909090909091
FBgn0052232	113	99	212	0.533018867924528
FBgn0052237	99	111	210	0.471428571428571
FBgn0052238	134	112	246	0.544715447154472
FBgn0052240	83	67	150	0.553333333333333
FBgn0052241	60	66	126	0.476190476190476
FBgn0052243	131	144	275	0.476363636363636
FBgn0052246	39	33	72	0.541666666666667
FBgn0052248	43	57	100	0.43
FBgn0052249	64	60	124	0.516129032258065
FBgn0052250	82	84	166	0.493975903614458
FBgn0052251	325	334	659	0.493171471927162
FBgn0052252	1	7	8	0.125
FBgn0052255	142	140	282	0.50354609929078
FBgn0052259	35	44	79	0.443037974683544
FBgn0052260	239	214	453	0.527593818984547
FBgn0052262	64	61	125	0.512
FBgn0052263	82	70	152	0.539473684210526
FBgn0052264	858	864	1722	0.498257839721254
FBgn0052266	81	87	168	0.482142857142857
FBgn0052267	50	60	110	0.454545454545455
FBgn0052268	33	36	69	0.478260869565217
FBgn0052269	0	0	0	NA
FBgn0052270	0	0	0	NA
FBgn0052271	39	47	86	0.453488372093023
FBgn0052272	18	16	34	0.529411764705882
FBgn0052273	19	24	43	0.441860465116279
FBgn0052274	33	30	63	0.523809523809524
FBgn0052277	53	58	111	0.477477477477477
FBgn0052278	15	16	31	0.483870967741935
FBgn0052279	47	46	93	0.505376344086022
FBgn0052280	60	71	131	0.458015267175573
FBgn0052281	58	59	117	0.495726495726496
FBgn0052282	17	28	45	0.377777777777778
FBgn0052283	26	23	49	0.530612244897959
FBgn0052284	44	51	95	0.463157894736842
FBgn0052285	10	9	19	0.526315789473684
FBgn0052286	11	17	28	0.392857142857143
FBgn0052287	11	20	31	0.354838709677419
FBgn0052288	16	9	25	0.64
FBgn0052289	10	15	25	0.4
FBgn0052296	568	540	1108	0.512635379061372
FBgn0052298	0	0	0	NA
FBgn0052299	0	0	0	NA
FBgn0052301	178	206	384	0.463541666666667
FBgn0052302	8	6	14	0.571428571428571
FBgn0052303	0	0	0	NA
FBgn0052304	0	4	4	0
FBgn0052305	289	288	577	0.500866551126516
FBgn0052311	697	779	1476	0.472222222222222
FBgn0052312	10	9	19	0.526315789473684
FBgn0052313	61	59	120	0.508333333333333
FBgn0052318	0	0	0	NA
FBgn0052319	101	72	173	0.583815028901734
FBgn0052320	213	223	436	0.488532110091743
FBgn0052324	3	1	4	0.75
FBgn0052328	0	0	0	NA
FBgn0052329	1	12	13	0.0769230769230769
FBgn0052330	1	3	4	0.25
FBgn0052333	32	33	65	0.492307692307692
FBgn0052343	103	98	201	0.512437810945274
FBgn0052344	104	116	220	0.472727272727273
FBgn0052350	79	66	145	0.544827586206897
FBgn0052351	112	127	239	0.468619246861925
FBgn0052354	120	138	258	0.465116279069767
FBgn0052357	2	0	2	1
FBgn0052358	6	9	15	0.4
FBgn0052359	4	5	9	0.444444444444444
FBgn0052360	9	7	16	0.5625
FBgn0052361	14	8	22	0.636363636363636
FBgn0052362	9	8	17	0.529411764705882
FBgn0052363	7	11	18	0.388888888888889
FBgn0052364	31	38	69	0.449275362318841
FBgn0052365	182	157	339	0.536873156342183
FBgn0052368	45	59	104	0.432692307692308
FBgn0052369	301	295	596	0.50503355704698
FBgn0052370	11	18	29	0.379310344827586
FBgn0052371	56	54	110	0.509090909090909
FBgn0052373	225	224	449	0.501113585746102
FBgn0052374	77	48	125	0.616
FBgn0052376	21	33	54	0.388888888888889
FBgn0052379	121	136	257	0.470817120622568
FBgn0052380	130	133	263	0.494296577946768
FBgn0052382	98	89	187	0.524064171122995
FBgn0052383	69	54	123	0.560975609756098
FBgn0052391	0	0	0	NA
FBgn0052392	162	133	295	0.549152542372881
FBgn0052396	87	75	162	0.537037037037037
FBgn0052404	52	66	118	0.440677966101695
FBgn0052405	99	87	186	0.532258064516129
FBgn0052406	257	234	491	0.523421588594705
FBgn0052407	112	94	206	0.543689320388349
FBgn0052409	60	43	103	0.58252427184466
FBgn0052412	67	58	125	0.536
FBgn0052413	96	98	194	0.494845360824742
FBgn0052418	15	13	28	0.535714285714286
FBgn0052420	19	5	24	0.791666666666667
FBgn0052421	8	5	13	0.615384615384615
FBgn0052423	585	611	1196	0.489130434782609
FBgn0052425	69	56	125	0.552
FBgn0052428	34	41	75	0.453333333333333
FBgn0052432	188	193	381	0.493438320209974
FBgn0052436	53	55	108	0.490740740740741
FBgn0052437	82	89	171	0.47953216374269
FBgn0052438	84	86	170	0.494117647058824
FBgn0052440	44	49	93	0.473118279569892
FBgn0052441	34	39	73	0.465753424657534
FBgn0052442	0	0	0	NA
FBgn0052445	19	23	42	0.452380952380952
FBgn0052446	26	21	47	0.553191489361702
FBgn0052447	62	55	117	0.52991452991453
FBgn0052448	28	1	29	0.96551724137931
FBgn0052449	29	19	48	0.604166666666667
FBgn0052450	13	18	31	0.419354838709677
FBgn0052451	136	158	294	0.462585034013605
FBgn0052452	65	56	121	0.537190082644628
FBgn0052453	23	32	55	0.418181818181818
FBgn0052457	71	63	134	0.529850746268657
FBgn0052459	52	51	103	0.504854368932039
FBgn0052460	33	26	59	0.559322033898305
FBgn0052461	22	23	45	0.488888888888889
FBgn0052462	0	0	0	NA
FBgn0052463	60	69	129	0.465116279069767
FBgn0052473	258	262	520	0.496153846153846
FBgn0052475	164	100	264	0.621212121212121
FBgn0052476	26	31	57	0.456140350877193
FBgn0052479	541	585	1126	0.480461811722913
FBgn0052480	17	22	39	0.435897435897436
FBgn0052481	21	16	37	0.567567567567568
FBgn0052482	27	21	48	0.5625
FBgn0052483	123	126	249	0.493975903614458
FBgn0052484	48	79	127	0.377952755905512
FBgn0052485	80	82	162	0.493827160493827
FBgn0052487	56	66	122	0.459016393442623
FBgn0052488	95	85	180	0.527777777777778
FBgn0052493	17	2	19	0.894736842105263
FBgn0052495	12	0	12	1
FBgn0052496	0	0	0	NA
FBgn0052499	164	0	164	1
FBgn0052506	346	2	348	0.994252873563218
FBgn0052507	27	0	27	1
FBgn0052511	43	0	43	1
FBgn0052512	111	2	113	0.982300884955752
FBgn0052518	31	0	31	1
FBgn0052520	15	0	15	1
FBgn0052521	264	1	265	0.99622641509434
FBgn0052523	81	0	81	1
FBgn0052525	18	0	18	1
FBgn0052528	32	1	33	0.96969696969697
FBgn0052529	645	4	649	0.993836671802773
FBgn0052532	246	2	248	0.991935483870968
FBgn0052533	202	0	202	1
FBgn0052536	25	0	25	1
FBgn0052537	76	0	76	1
FBgn0052544	37	0	37	1
FBgn0052546	25	0	25	1
FBgn0052547	158	1	159	0.993710691823899
FBgn0052548	75	0	75	1
FBgn0052549	276	11	287	0.961672473867596
FBgn0052551	31	0	31	1
FBgn0052553	55	0	55	1
FBgn0052554	28	0	28	1
FBgn0052557	128	1	129	0.992248062015504
FBgn0052563	69	1	70	0.985714285714286
FBgn0052564	65	0	65	1
FBgn0052568	50	0	50	1
FBgn0052569	40	2	42	0.952380952380952
FBgn0052570	84	1	85	0.988235294117647
FBgn0052571	71	2	73	0.972602739726027
FBgn0052572	116	0	116	1
FBgn0052573	0	0	0	NA
FBgn0052574	83	0	83	1
FBgn0052576	11	0	11	1
FBgn0052579	81	1	82	0.98780487804878
FBgn0052580	921	174	1095	0.841095890410959
FBgn0052581	0	0	0	NA
FBgn0052582	35	0	35	1
FBgn0052588	52	0	52	1
FBgn0052590	63	0	63	1
FBgn0052591	133	0	133	1
FBgn0052594	218	4	222	0.981981981981982
FBgn0052598	24	0	24	1
FBgn0052600	314	2	316	0.993670886075949
FBgn0052601	26	0	26	1
FBgn0052602	150	60	210	0.714285714285714
FBgn0052603	74	0	74	1
FBgn0052625	29	0	29	1
FBgn0052626	467	1	468	0.997863247863248
FBgn0052631	115	0	115	1
FBgn0052633	128	0	128	1
FBgn0052636	141	0	141	1
FBgn0052638	92	1	93	0.989247311827957
FBgn0052639	87	0	87	1
FBgn0052640	20	1	21	0.952380952380952
FBgn0052641	28	1	29	0.96551724137931
FBgn0052642	117	9	126	0.928571428571429
FBgn0052643	57	0	57	1
FBgn0052644	223	1	224	0.995535714285714
FBgn0052645	133	1	134	0.992537313432836
FBgn0052647	361	0	361	1
FBgn0052649	116	0	116	1
FBgn0052650	79	0	79	1
FBgn0052651	120	1	121	0.991735537190083
FBgn0052652	111	0	111	1
FBgn0052654	590	1	591	0.998307952622673
FBgn0052655	103	0	103	1
FBgn0052656	138	7	145	0.951724137931034
FBgn0052657	26	0	26	1
FBgn0052660	0	0	0	NA
FBgn0052666	193	1	194	0.994845360824742
FBgn0052667	0	0	0	NA
FBgn0052668	204	2	206	0.990291262135922
FBgn0052669	75	0	75	1
FBgn0052670	57	0	57	1
FBgn0052671	3	3	6	0.5
FBgn0052672	117	0	117	1
FBgn0052673	15	0	15	1
FBgn0052675	154	0	154	1
FBgn0052676	269	3	272	0.988970588235294
FBgn0052677	492	0	492	1
FBgn0052679	51	0	51	1
FBgn0052681	291	1	292	0.996575342465753
FBgn0052683	276	1	277	0.996389891696751
FBgn0052685	315	4	319	0.987460815047022
FBgn0052686	160	1	161	0.993788819875776
FBgn0052687	155	2	157	0.987261146496815
FBgn0052690	20	0	20	1
FBgn0052693	103	0	103	1
FBgn0052694	406	1	407	0.997542997542998
FBgn0052695	168	0	168	1
FBgn0052698	564	1	565	0.998230088495575
FBgn0052699	211	1	212	0.995283018867924
FBgn0052702	631	3	634	0.995268138801262
FBgn0052703	172	2	174	0.988505747126437
FBgn0052704	179	2	181	0.988950276243094
FBgn0052706	23	0	23	1
FBgn0052707	107	1	108	0.990740740740741
FBgn0052708	28	0	28	1
FBgn0052712	47	0	47	1
FBgn0052713	43	0	43	1
FBgn0052718	76	2	78	0.974358974358974
FBgn0052719	213	1	214	0.995327102803738
FBgn0052720	58	0	58	1
FBgn0052726	41	1	42	0.976190476190476
FBgn0052732	92	1	93	0.989247311827957
FBgn0052733	16	0	16	1
FBgn0052736	0	0	0	NA
FBgn0052740	27	0	27	1
FBgn0052745	16	0	16	1
FBgn0052748	20	0	20	1
FBgn0052750	25	0	25	1
FBgn0052751	84	0	84	1
FBgn0052755	70	0	70	1
FBgn0052756	22	0	22	1
FBgn0052758	292	0	292	1
FBgn0052761	7	0	7	1
FBgn0052762	106	0	106	1
FBgn0052767	384	5	389	0.987146529562982
FBgn0052772	177	1	178	0.99438202247191
FBgn0052773	217	1	218	0.995412844036697
FBgn0052774	161	7	168	0.958333333333333
FBgn0052783	14	0	14	1
FBgn0052785	29	0	29	1
FBgn0052786	0	0	0	NA
FBgn0052791	541	3	544	0.994485294117647
FBgn0052792	150	0	150	1
FBgn0052793	138	1	139	0.992805755395683
FBgn0052797	52	0	52	1
FBgn0052801	0	0	0	NA
FBgn0052803	36	1	37	0.972972972972973
FBgn0052806	49	0	49	1
FBgn0052808	24	0	24	1
FBgn0052811	10	0	10	1
FBgn0052813	136	0	136	1
FBgn0052814	75	0	75	1
FBgn0052815	128	0	128	1
FBgn0052816	74	0	74	1
FBgn0052817	1	3	4	0.25
FBgn0052819	0	2	2	0
FBgn0052820	9	0	9	1
FBgn0052821	0	0	0	NA
FBgn0052823	0	0	0	NA
FBgn0052826	12	0	12	1
FBgn0052829	52	48	100	0.52
FBgn0052831	49	38	87	0.563218390804598
FBgn0052832	38	31	69	0.550724637681159
FBgn0052833	38	43	81	0.469135802469136
FBgn0052834	94	103	197	0.477157360406091
FBgn0052835	99	82	181	0.546961325966851
FBgn0052843	268	295	563	0.476021314387211
FBgn0052845	13	6	19	0.684210526315789
FBgn0052846	137	119	256	0.53515625
FBgn0052847	43	30	73	0.589041095890411
FBgn0052850	27	21	48	0.5625
FBgn0052855	85	118	203	0.41871921182266
FBgn0052856	38	33	71	0.535211267605634
FBgn0052857	0	0	0	NA
FBgn0052865	72	10	82	0.878048780487805
FBgn0052939	0	0	0	NA
FBgn0052944	28	41	69	0.405797101449275
FBgn0052945	4	3	7	0.571428571428571
FBgn0052971	89	76	165	0.539393939393939
FBgn0052982	359	326	685	0.524087591240876
FBgn0052983	0	0	0	NA
FBgn0052984	95	118	213	0.446009389671362
FBgn0052985	131	156	287	0.456445993031359
FBgn0052986	0	0	0	NA
FBgn0052987	0	0	0	NA
FBgn0052988	0	0	0	NA
FBgn0053002	81	106	187	0.433155080213904
FBgn0053003	132	122	254	0.519685039370079
FBgn0053012	184	195	379	0.485488126649077
FBgn0053013	214	198	412	0.519417475728155
FBgn0053017	388	360	748	0.518716577540107
FBgn0053051	72	49	121	0.59504132231405
FBgn0053052	64	66	130	0.492307692307692
FBgn0053054	0	0	0	NA
FBgn0053056	9	20	29	0.310344827586207
FBgn0053057	0	0	0	NA
FBgn0053060	37	48	85	0.435294117647059
FBgn0053061	93	101	194	0.479381443298969
FBgn0053062	59	70	129	0.457364341085271
FBgn0053080	272	0	272	1
FBgn0053082	48	0	48	1
FBgn0053087	604	569	1173	0.514919011082694
FBgn0053092	0	0	0	NA
FBgn0053093	92	93	185	0.497297297297297
FBgn0053094	134	139	273	0.490842490842491
FBgn0053095	0	0	0	NA
FBgn0053096	10	15	25	0.4
FBgn0053098	74	68	142	0.52112676056338
FBgn0053099	106	112	218	0.486238532110092
FBgn0053100	271	264	535	0.506542056074766
FBgn0053105	0	0	0	NA
FBgn0053107	95	79	174	0.545977011494253
FBgn0053108	7	1	8	0.875
FBgn0053109	118	111	229	0.51528384279476
FBgn0053110	137	158	295	0.464406779661017
FBgn0053111	159	162	321	0.495327102803738
FBgn0053113	366	321	687	0.532751091703057
FBgn0053116	87	122	209	0.416267942583732
FBgn0053117	42	40	82	0.51219512195122
FBgn0053120	95	93	188	0.50531914893617
FBgn0053121	109	126	235	0.463829787234043
FBgn0053124	189	212	401	0.471321695760599
FBgn0053125	318	327	645	0.493023255813954
FBgn0053126	130	136	266	0.488721804511278
FBgn0053127	30	41	71	0.422535211267606
FBgn0053128	92	98	190	0.484210526315789
FBgn0053129	278	248	526	0.52851711026616
FBgn0053136	123	99	222	0.554054054054054
FBgn0053137	65	47	112	0.580357142857143
FBgn0053138	179	190	369	0.485094850948509
FBgn0053140	28	29	57	0.491228070175439
FBgn0053143	420	428	848	0.495283018867925
FBgn0053144	274	275	549	0.499089253187614
FBgn0053145	111	102	213	0.52112676056338
FBgn0053147	339	385	724	0.468232044198895
FBgn0053155	0	3	3	0
FBgn0053156	274	273	547	0.50091407678245
FBgn0053158	256	275	531	0.48210922787194
FBgn0053159	40	48	88	0.454545454545455
FBgn0053160	70	68	138	0.507246376811594
FBgn0053169	6	9	15	0.4
FBgn0053170	31	29	60	0.516666666666667
FBgn0053172	208	0	208	1
FBgn0053177	76	0	76	1
FBgn0053178	8	0	8	1
FBgn0053179	153	165	318	0.481132075471698
FBgn0053180	211	1	212	0.995283018867924
FBgn0053181	307	3	310	0.990322580645161
FBgn0053182	76	72	148	0.513513513513513
FBgn0053189	51	48	99	0.515151515151515
FBgn0053191	14	6	20	0.7
FBgn0053192	20	23	43	0.465116279069767
FBgn0053193	132	117	249	0.530120481927711
FBgn0053194	52	64	116	0.448275862068966
FBgn0053196	3701	3892	7593	0.48742262610299
FBgn0053198	62	51	113	0.548672566371681
FBgn0053199	14	31	45	0.311111111111111
FBgn0053200	19	28	47	0.404255319148936
FBgn0053202	219	217	436	0.502293577981651
FBgn0053203	217	228	445	0.487640449438202
FBgn0053207	188	197	385	0.488311688311688
FBgn0053208	126	126	252	0.5
FBgn0053213	73	66	139	0.525179856115108
FBgn0053217	63	75	138	0.456521739130435
FBgn0053218	48	0	48	1
FBgn0053221	55	0	55	1
FBgn0053222	33	0	33	1
FBgn0053223	75	0	75	1
FBgn0053225	68	92	160	0.425
FBgn0053229	0	0	0	NA
FBgn0053230	125	117	242	0.516528925619835
FBgn0053233	164	126	290	0.56551724137931
FBgn0053234	89	87	176	0.505681818181818
FBgn0053236	48	5	53	0.905660377358491
FBgn0053237	0	0	0	NA
FBgn0053238	0	0	0	NA
FBgn0053239	0	0	0	NA
FBgn0053240	0	0	0	NA
FBgn0053241	2	0	2	1
FBgn0053242	0	0	0	NA
FBgn0053243	0	0	0	NA
FBgn0053244	0	0	0	NA
FBgn0053245	0	0	0	NA
FBgn0053246	0	0	0	NA
FBgn0053247	3	0	3	1
FBgn0053252	42	0	42	1
FBgn0053255	0	0	0	NA
FBgn0053257	30	53	83	0.36144578313253
FBgn0053258	93	128	221	0.420814479638009
FBgn0053260	63	51	114	0.552631578947368
FBgn0053262	78	73	151	0.516556291390728
FBgn0053263	91	85	176	0.517045454545455
FBgn0053265	94	164	258	0.364341085271318
FBgn0053267	37	41	78	0.474358974358974
FBgn0053269	49	35	84	0.583333333333333
FBgn0053270	50	35	85	0.588235294117647
FBgn0053271	42	43	85	0.494117647058824
FBgn0053272	23	32	55	0.418181818181818
FBgn0053276	64	42	106	0.60377358490566
FBgn0053278	103	77	180	0.572222222222222
FBgn0053281	62	61	123	0.504065040650406
FBgn0053282	137	132	269	0.509293680297398
FBgn0053283	41	51	92	0.445652173913043
FBgn0053284	23	36	59	0.389830508474576
FBgn0053285	14	26	40	0.35
FBgn0053286	117	108	225	0.52
FBgn0053287	51	68	119	0.428571428571429
FBgn0053288	85	101	186	0.456989247311828
FBgn0053289	54	51	105	0.514285714285714
FBgn0053290	33	42	75	0.44
FBgn0053293	26	31	57	0.456140350877193
FBgn0053294	66	70	136	0.485294117647059
FBgn0053296	339	188	527	0.64326375711575
FBgn0053299	72	73	145	0.496551724137931
FBgn0053300	85	67	152	0.559210526315789
FBgn0053301	121	114	235	0.514893617021277
FBgn0053302	111	116	227	0.488986784140969
FBgn0053303	140	145	285	0.491228070175439
FBgn0053306	58	94	152	0.381578947368421
FBgn0053307	122	95	217	0.56221198156682
FBgn0053309	52	63	115	0.452173913043478
FBgn0053310	177	155	332	0.533132530120482
FBgn0053315	43	20	63	0.682539682539683
FBgn0053317	24	18	42	0.571428571428571
FBgn0053318	47	48	95	0.494736842105263
FBgn0053319	6	4	10	0.6
FBgn0053322	110	79	189	0.582010582010582
FBgn0053325	32	26	58	0.551724137931034
FBgn0053329	53	54	107	0.495327102803738
FBgn0053333	3	11	14	0.214285714285714
FBgn0053337	19	20	39	0.487179487179487
FBgn0053339	99	87	186	0.532258064516129
FBgn0053340	28	29	57	0.491228070175439
FBgn0053341	66	93	159	0.415094339622642
FBgn0053346	63	67	130	0.484615384615385
FBgn0053348	26	40	66	0.393939393939394
FBgn0053349	47	38	85	0.552941176470588
FBgn0053353	1	4	5	0.2
FBgn0053354	0	0	0	NA
FBgn0053355	0	0	0	NA
FBgn0053356	0	0	0	NA
FBgn0053357	0	0	0	NA
FBgn0053358	0	0	0	NA
FBgn0053359	0	0	0	NA
FBgn0053360	0	0	0	NA
FBgn0053361	0	0	0	NA
FBgn0053362	3	0	3	1
FBgn0053363	0	0	0	NA
FBgn0053364	0	0	0	NA
FBgn0053365	0	0	0	NA
FBgn0053366	0	0	0	NA
FBgn0053367	0	0	0	NA
FBgn0053368	0	0	0	NA
FBgn0053369	0	1	1	0
FBgn0053370	0	1	1	0
FBgn0053371	0	0	0	NA
FBgn0053372	0	0	0	NA
FBgn0053373	0	0	0	NA
FBgn0053374	0	0	0	NA
FBgn0053375	0	0	0	NA
FBgn0053376	0	0	0	NA
FBgn0053377	0	0	0	NA
FBgn0053378	0	0	0	NA
FBgn0053379	0	0	0	NA
FBgn0053380	0	0	0	NA
FBgn0053381	0	0	0	NA
FBgn0053382	0	0	0	NA
FBgn0053383	0	0	0	NA
FBgn0053384	0	0	0	NA
FBgn0053385	0	0	0	NA
FBgn0053386	0	0	0	NA
FBgn0053387	0	0	0	NA
FBgn0053388	0	0	0	NA
FBgn0053389	0	0	0	NA
FBgn0053390	0	1	1	0
FBgn0053391	0	0	0	NA
FBgn0053392	0	0	0	NA
FBgn0053393	0	0	0	NA
FBgn0053394	0	0	0	NA
FBgn0053395	0	0	0	NA
FBgn0053396	0	0	0	NA
FBgn0053397	0	0	0	NA
FBgn0053398	0	0	0	NA
FBgn0053399	0	0	0	NA
FBgn0053400	0	0	0	NA
FBgn0053401	0	0	0	NA
FBgn0053402	0	0	0	NA
FBgn0053403	0	0	0	NA
FBgn0053404	0	0	0	NA
FBgn0053405	0	0	0	NA
FBgn0053406	0	0	0	NA
FBgn0053407	0	0	0	NA
FBgn0053408	0	0	0	NA
FBgn0053409	0	0	0	NA
FBgn0053410	0	0	0	NA
FBgn0053411	0	0	0	NA
FBgn0053412	0	0	0	NA
FBgn0053413	0	0	0	NA
FBgn0053414	0	0	0	NA
FBgn0053415	0	0	0	NA
FBgn0053416	0	0	0	NA
FBgn0053417	0	0	0	NA
FBgn0053418	0	0	0	NA
FBgn0053419	0	0	0	NA
FBgn0053420	0	0	0	NA
FBgn0053421	0	0	0	NA
FBgn0053422	0	0	0	NA
FBgn0053423	0	0	0	NA
FBgn0053424	0	0	0	NA
FBgn0053425	0	0	0	NA
FBgn0053426	0	0	0	NA
FBgn0053427	0	0	0	NA
FBgn0053428	0	0	0	NA
FBgn0053429	0	0	0	NA
FBgn0053430	0	0	0	NA
FBgn0053431	0	0	0	NA
FBgn0053432	0	0	0	NA
FBgn0053433	0	0	0	NA
FBgn0053434	0	0	0	NA
FBgn0053435	0	0	0	NA
FBgn0053436	2	14	16	0.125
FBgn0053437	2	3	5	0.4
FBgn0053438	0	0	0	NA
FBgn0053439	0	0	0	NA
FBgn0053440	57	64	121	0.471074380165289
FBgn0053441	0	0	0	NA
FBgn0053442	0	0	0	NA
FBgn0053443	0	0	0	NA
FBgn0053444	0	0	0	NA
FBgn0053445	0	0	0	NA
FBgn0053446	0	0	0	NA
FBgn0053447	0	0	0	NA
FBgn0053448	0	0	0	NA
FBgn0053449	0	0	0	NA
FBgn0053450	0	0	0	NA
FBgn0053451	0	2	2	0
FBgn0053452	9	3	12	0.75
FBgn0053453	56	62	118	0.474576271186441
FBgn0053454	37	32	69	0.536231884057971
FBgn0053458	100	105	205	0.48780487804878
FBgn0053459	133	99	232	0.573275862068966
FBgn0053460	44	76	120	0.366666666666667
FBgn0053461	55	54	109	0.504587155963303
FBgn0053462	57	44	101	0.564356435643564
FBgn0053463	30	26	56	0.535714285714286
FBgn0053465	164	178	342	0.47953216374269
FBgn0053467	66	69	135	0.488888888888889
FBgn0053468	31	43	74	0.418918918918919
FBgn0053469	12	15	27	0.444444444444444
FBgn0053470	0	0	0	NA
FBgn0053471	88	70	158	0.556962025316456
FBgn0053474	29	34	63	0.46031746031746
FBgn0053475	45	31	76	0.592105263157895
FBgn0053476	34	47	81	0.419753086419753
FBgn0053477	46	36	82	0.560975609756098
FBgn0053481	6	8	14	0.428571428571429
FBgn0053483	94	95	189	0.497354497354497
FBgn0053489	131	128	259	0.505791505791506
FBgn0053490	111	140	251	0.442231075697211
FBgn0053491	4	0	4	1
FBgn0053493	28	26	54	0.518518518518518
FBgn0053494	105	91	196	0.535714285714286
FBgn0053497	0	2	2	0
FBgn0053500	20	20	40	0.5
FBgn0053502	0	0	0	NA
FBgn0053503	0	4	4	0
FBgn0053504	32	18	50	0.64
FBgn0053505	137	147	284	0.482394366197183
FBgn0053506	88	77	165	0.533333333333333
FBgn0053508	85	80	165	0.515151515151515
FBgn0053509	89	66	155	0.574193548387097
FBgn0053510	95	88	183	0.519125683060109
FBgn0053511	67	74	141	0.475177304964539
FBgn0053512	134	144	278	0.482014388489209
FBgn0053513	261	1	262	0.99618320610687
FBgn0053514	45	62	107	0.420560747663551
FBgn0053516	255	237	492	0.518292682926829
FBgn0053517	343	3	346	0.991329479768786
FBgn0053519	934	1013	1947	0.479712378017463
FBgn0053523	267	279	546	0.489010989010989
FBgn0053526	270	272	542	0.498154981549816
FBgn0053527	15	23	38	0.394736842105263
FBgn0053530	54	41	95	0.568421052631579
FBgn0053531	447	466	913	0.489594742606791
FBgn0053532	1	0	1	1
FBgn0053533	37	29	66	0.560606060606061
FBgn0053534	17	24	41	0.414634146341463
FBgn0053535	22	15	37	0.594594594594595
FBgn0053536	16	21	37	0.432432432432432
FBgn0053537	16	18	34	0.470588235294118
FBgn0053538	22	19	41	0.536585365853659
FBgn0053539	1	4	5	0.2
FBgn0053542	125	2	127	0.984251968503937
FBgn0053543	119	130	249	0.477911646586345
FBgn0053544	71	55	126	0.563492063492063
FBgn0053547	805	845	1650	0.487878787878788
FBgn0053548	106	1	107	0.990654205607477
FBgn0053551	0	0	0	NA
FBgn0053552	22	28	50	0.44
FBgn0053554	491	526	1017	0.482792527040315
FBgn0053556	263	244	507	0.518737672583826
FBgn0053557	40	0	40	1
FBgn0053558	201	170	371	0.54177897574124
FBgn0053626	51	36	87	0.586206896551724
FBgn0053627	57	37	94	0.606382978723404
FBgn0053629	19	20	39	0.487179487179487
FBgn0053630	43	53	96	0.447916666666667
FBgn0053631	16	19	35	0.457142857142857
FBgn0053632	6	9	15	0.4
FBgn0053635	15	11	26	0.576923076923077
FBgn0053639	258	2	260	0.992307692307692
FBgn0053640	81	81	162	0.5
FBgn0053641	73	73	146	0.5
FBgn0053642	84	80	164	0.51219512195122
FBgn0053643	48	59	107	0.448598130841121
FBgn0053644	45	47	92	0.489130434782609
FBgn0053645	28	37	65	0.430769230769231
FBgn0053647	66	68	134	0.492537313432836
FBgn0053648	61	68	129	0.472868217054264
FBgn0053653	179	137	316	0.566455696202532
FBgn0053654	59	39	98	0.602040816326531
FBgn0053658	49	52	101	0.485148514851485
FBgn0053664	38	0	38	1
FBgn0053665	0	2	2	0
FBgn0053666	53	1	54	0.981481481481482
FBgn0053667	2	5	7	0.285714285714286
FBgn0053668	33	0	33	1
FBgn0053669	2	0	2	1
FBgn0053673	62	78	140	0.442857142857143
FBgn0053679	26	14	40	0.65
FBgn0053680	65	69	134	0.485074626865672
FBgn0053687	76	76	152	0.5
FBgn0053688	66	57	123	0.536585365853659
FBgn0053689	42	58	100	0.42
FBgn0053690	38	37	75	0.506666666666667
FBgn0053696	253	269	522	0.484674329501916
FBgn0053700	137	133	270	0.507407407407407
FBgn0053701	37	43	80	0.4625
FBgn0053702	44	73	117	0.376068376068376
FBgn0053703	38	26	64	0.59375
FBgn0053704	90	61	151	0.596026490066225
FBgn0053710	48	52	100	0.48
FBgn0053721	78	85	163	0.478527607361963
FBgn0053723	48	48	96	0.5
FBgn0053725	122	91	213	0.572769953051643
FBgn0053727	0	0	0	NA
FBgn0053728	0	0	0	NA
FBgn0053729	0	0	0	NA
FBgn0053730	0	0	0	NA
FBgn0053731	0	0	0	NA
FBgn0053732	0	0	0	NA
FBgn0053733	0	0	0	NA
FBgn0053734	0	0	0	NA
FBgn0053735	0	0	0	NA
FBgn0053736	0	0	0	NA
FBgn0053737	0	0	0	NA
FBgn0053738	0	0	0	NA
FBgn0053739	0	0	0	NA
FBgn0053740	0	0	0	NA
FBgn0053741	0	0	0	NA
FBgn0053742	0	0	0	NA
FBgn0053743	0	0	0	NA
FBgn0053744	0	0	0	NA
FBgn0053745	0	0	0	NA
FBgn0053746	0	0	0	NA
FBgn0053752	60	72	132	0.454545454545455
FBgn0053757	43	65	108	0.398148148148148
FBgn0053758	49	42	91	0.538461538461538
FBgn0053764	51	50	101	0.504950495049505
FBgn0053766	1	0	1	1
FBgn0053767	1	1	2	0.5
FBgn0053768	36	43	79	0.455696202531646
FBgn0053769	1	3	4	0.25
FBgn0053770	16	16	32	0.5
FBgn0053771	23	35	58	0.396551724137931
FBgn0053772	48	31	79	0.607594936708861
FBgn0053773	62	57	119	0.521008403361345
FBgn0053774	0	0	0	NA
FBgn0053775	27	21	48	0.5625
FBgn0053777	62	77	139	0.446043165467626
FBgn0053783	11	10	21	0.523809523809524
FBgn0053784	2	1	3	0.666666666666667
FBgn0053792	88	93	181	0.486187845303867
FBgn0053795	19	10	29	0.655172413793103
FBgn0053796	14	19	33	0.424242424242424
FBgn0053797	6	4	10	0.6
FBgn0053798	72	59	131	0.549618320610687
FBgn0053801	0	0	0	NA
FBgn0053802	0	0	0	NA
FBgn0053803	0	0	0	NA
FBgn0053804	222	159	381	0.582677165354331
FBgn0053805	0	0	0	NA
FBgn0053806	3	0	3	1
FBgn0053807	0	0	0	NA
FBgn0053808	0	0	0	NA
FBgn0053809	0	0	0	NA
FBgn0053810	0	0	0	NA
FBgn0053811	0	0	0	NA
FBgn0053812	0	0	0	NA
FBgn0053813	0	0	0	NA
FBgn0053814	0	0	0	NA
FBgn0053815	0	0	0	NA
FBgn0053816	0	0	0	NA
FBgn0053817	0	0	0	NA
FBgn0053818	0	0	0	NA
FBgn0053819	0	0	0	NA
FBgn0053820	0	0	0	NA
FBgn0053821	0	0	0	NA
FBgn0053822	0	0	0	NA
FBgn0053823	0	0	0	NA
FBgn0053824	0	0	0	NA
FBgn0053825	0	0	0	NA
FBgn0053826	0	0	0	NA
FBgn0053827	0	0	0	NA
FBgn0053828	0	0	0	NA
FBgn0053829	0	0	0	NA
FBgn0053830	0	0	0	NA
FBgn0053831	0	0	0	NA
FBgn0053832	0	0	0	NA
FBgn0053833	0	0	0	NA
FBgn0053834	0	0	0	NA
FBgn0053835	0	0	0	NA
FBgn0053836	0	0	0	NA
FBgn0053837	0	0	0	NA
FBgn0053838	0	0	0	NA
FBgn0053839	0	0	0	NA
FBgn0053840	0	0	0	NA
FBgn0053841	0	0	0	NA
FBgn0053842	0	0	0	NA
FBgn0053843	0	0	0	NA
FBgn0053844	0	0	0	NA
FBgn0053845	0	0	0	NA
FBgn0053846	0	0	0	NA
FBgn0053847	0	0	0	NA
FBgn0053848	0	0	0	NA
FBgn0053849	0	0	0	NA
FBgn0053850	0	0	0	NA
FBgn0053851	0	0	0	NA
FBgn0053852	0	0	0	NA
FBgn0053853	0	0	0	NA
FBgn0053854	0	0	0	NA
FBgn0053855	0	0	0	NA
FBgn0053856	0	0	0	NA
FBgn0053857	0	0	0	NA
FBgn0053858	0	0	0	NA
FBgn0053859	0	0	0	NA
FBgn0053860	0	0	0	NA
FBgn0053861	0	0	0	NA
FBgn0053862	0	0	0	NA
FBgn0053863	0	0	0	NA
FBgn0053864	0	0	0	NA
FBgn0053865	0	0	0	NA
FBgn0053866	0	0	0	NA
FBgn0053867	0	0	0	NA
FBgn0053868	0	0	0	NA
FBgn0053869	0	0	0	NA
FBgn0053870	0	0	0	NA
FBgn0053871	0	0	0	NA
FBgn0053872	0	0	0	NA
FBgn0053873	0	0	0	NA
FBgn0053874	0	0	0	NA
FBgn0053875	0	0	0	NA
FBgn0053876	0	0	0	NA
FBgn0053877	0	0	0	NA
FBgn0053878	0	0	0	NA
FBgn0053879	0	0	0	NA
FBgn0053880	0	0	0	NA
FBgn0053881	0	0	0	NA
FBgn0053882	0	0	0	NA
FBgn0053883	0	0	0	NA
FBgn0053884	0	0	0	NA
FBgn0053885	0	0	0	NA
FBgn0053886	0	0	0	NA
FBgn0053887	0	0	0	NA
FBgn0053888	0	0	0	NA
FBgn0053889	0	0	0	NA
FBgn0053890	0	0	0	NA
FBgn0053891	0	0	0	NA
FBgn0053892	0	0	0	NA
FBgn0053893	0	0	0	NA
FBgn0053894	0	0	0	NA
FBgn0053895	0	0	0	NA
FBgn0053896	0	0	0	NA
FBgn0053897	0	0	0	NA
FBgn0053898	0	0	0	NA
FBgn0053899	0	0	0	NA
FBgn0053900	0	0	0	NA
FBgn0053901	0	0	0	NA
FBgn0053902	0	0	0	NA
FBgn0053903	0	0	0	NA
FBgn0053904	0	0	0	NA
FBgn0053905	0	0	0	NA
FBgn0053906	0	0	0	NA
FBgn0053907	0	0	0	NA
FBgn0053908	0	0	0	NA
FBgn0053909	0	0	0	NA
FBgn0053910	0	0	0	NA
FBgn0053912	43	39	82	0.524390243902439
FBgn0053914	93	124	217	0.428571428571429
FBgn0053919	52	49	101	0.514851485148515
FBgn0053920	55	71	126	0.436507936507937
FBgn0053922	93	69	162	0.574074074074074
FBgn0053923	66	88	154	0.428571428571429
FBgn0053926	104	101	205	0.507317073170732
FBgn0053927	0	0	0	NA
FBgn0053928	76	73	149	0.51006711409396
FBgn0053929	67	73	140	0.478571428571429
FBgn0053958	237	224	461	0.51409978308026
FBgn0053963	46	0	46	1
FBgn0053964	0	0	0	NA
FBgn0053965	86	77	163	0.52760736196319
FBgn0053966	81	66	147	0.551020408163265
FBgn0053969	0	0	0	NA
FBgn0053970	288	297	585	0.492307692307692
FBgn0053971	67	68	135	0.496296296296296
FBgn0053977	10	7	17	0.588235294117647
FBgn0053978	184	200	384	0.479166666666667
FBgn0053983	47	46	93	0.505376344086022
FBgn0053985	0	0	0	NA
FBgn0053986	5	8	13	0.384615384615385
FBgn0053987	22	10	32	0.6875
FBgn0053988	106	109	215	0.493023255813954
FBgn0053993	202	194	396	0.51010101010101
FBgn0053995	0	0	0	NA
FBgn0053998	47	41	88	0.534090909090909
FBgn0054001	32	28	60	0.533333333333333
FBgn0054002	60	46	106	0.566037735849057
FBgn0054003	53	65	118	0.449152542372881
FBgn0054005	58	64	122	0.475409836065574
FBgn0054006	107	114	221	0.484162895927602
FBgn0054007	61	57	118	0.516949152542373
FBgn0054008	36	44	80	0.45
FBgn0054010	79	77	156	0.506410256410256
FBgn0054011	102	95	197	0.517766497461929
FBgn0054012	55	51	106	0.518867924528302
FBgn0054015	34	2	36	0.944444444444444
FBgn0054021	14	9	23	0.608695652173913
FBgn0054024	61	73	134	0.455223880597015
FBgn0054025	93	89	182	0.510989010989011
FBgn0054026	94	0	94	1
FBgn0054027	366	347	713	0.513323983169706
FBgn0054028	51	2	53	0.962264150943396
FBgn0054029	42	55	97	0.43298969072165
FBgn0054030	129	104	233	0.553648068669528
FBgn0054031	46	30	76	0.605263157894737
FBgn0054033	42	49	91	0.461538461538462
FBgn0054034	102	97	199	0.512562814070352
FBgn0054038	5	9	14	0.357142857142857
FBgn0054039	46	65	111	0.414414414414414
FBgn0054040	98	117	215	0.455813953488372
FBgn0054041	187	213	400	0.4675
FBgn0054043	113	124	237	0.476793248945148
FBgn0054044	30	29	59	0.508474576271186
FBgn0054045	64	95	159	0.40251572327044
FBgn0054046	14	12	26	0.538461538461538
FBgn0054047	90	108	198	0.454545454545455
FBgn0054049	96	92	188	0.51063829787234
FBgn0054051	21	21	42	0.5
FBgn0054052	50	0	50	1
FBgn0054054	71	68	139	0.510791366906475
FBgn0054056	111	84	195	0.569230769230769
FBgn0054057	124	101	225	0.551111111111111
FBgn0058002	20	58	78	0.256410256410256
FBgn0058005	36	37	73	0.493150684931507
FBgn0058006	78	63	141	0.553191489361702
FBgn0058045	11	9	20	0.55
FBgn0058053	0	0	0	NA
FBgn0058064	0	0	0	NA
FBgn0058068	31	14	45	0.688888888888889
FBgn0058100	27	19	46	0.58695652173913
FBgn0058160	110	104	214	0.514018691588785
FBgn0058172	55	45	100	0.55
FBgn0058178	78	80	158	0.493670886075949
FBgn0058182	15	15	30	0.5
FBgn0058191	49	36	85	0.576470588235294
FBgn0058198	0	0	0	NA
FBgn0058263	87	77	164	0.530487804878049
FBgn0058298	38	49	87	0.436781609195402
FBgn0058354	74	62	136	0.544117647058823
FBgn0058439	20	10	30	0.666666666666667
FBgn0058441	0	0	0	NA
FBgn0058461	0	0	0	NA
FBgn0058469	0	0	0	NA
FBgn0058470	3	10	13	0.230769230769231
FBgn0060291	1	4	5	0.2
FBgn0060292	0	3	3	0
FBgn0060296	60	68	128	0.46875
FBgn0061188	42	51	93	0.451612903225806
FBgn0061196	76	0	76	1
FBgn0061197	131	157	288	0.454861111111111
FBgn0061198	23	15	38	0.605263157894737
FBgn0061200	213	0	213	1
FBgn0061209	0	0	0	NA
FBgn0061356	95	84	179	0.53072625698324
FBgn0061359	0	0	0	NA
FBgn0061360	0	0	0	NA
FBgn0061361	0	0	0	NA
FBgn0061362	0	0	0	NA
FBgn0061435	57	59	116	0.491379310344828
FBgn0061469	148	176	324	0.45679012345679
FBgn0061476	112	136	248	0.451612903225806
FBgn0061492	115	82	197	0.583756345177665
FBgn0061515	37	28	65	0.569230769230769
FBgn0062411	67	61	128	0.5234375
FBgn0062412	30	23	53	0.566037735849057
FBgn0062413	234	0	234	1
FBgn0062440	15	17	32	0.46875
FBgn0062442	30	40	70	0.428571428571429
FBgn0062449	222	228	450	0.493333333333333
FBgn0062517	1	0	1	1
FBgn0062565	32	4	36	0.888888888888889
FBgn0062928	21	21	42	0.5
FBgn0062961	55	77	132	0.416666666666667
FBgn0062978	49	42	91	0.538461538461538
FBgn0063083	47	50	97	0.484536082474227
FBgn0063127	21	30	51	0.411764705882353
FBgn0063261	26	29	55	0.472727272727273
FBgn0063298	2	0	2	1
FBgn0063368	0	0	0	NA
FBgn0063373	0	0	0	NA
FBgn0063374	0	2	2	0
FBgn0063375	0	2	2	0
FBgn0063376	2	0	2	1
FBgn0063377	0	0	0	NA
FBgn0063378	0	0	0	NA
FBgn0063379	0	0	0	NA
FBgn0063380	0	1	1	0
FBgn0063381	1	0	1	1
FBgn0063382	0	0	0	NA
FBgn0063383	0	1	1	0
FBgn0063384	0	0	0	NA
FBgn0063385	8	1	9	0.888888888888889
FBgn0063386	0	1	1	0
FBgn0063387	0	0	0	NA
FBgn0063388	0	0	0	NA
FBgn0063389	0	0	0	NA
FBgn0063391	0	2	2	0
FBgn0063392	0	1	1	0
FBgn0063449	25	28	53	0.471698113207547
FBgn0063485	0	0	0	NA
FBgn0063491	47	32	79	0.594936708860759
FBgn0063492	77	81	158	0.487341772151899
FBgn0063493	49	41	90	0.544444444444444
FBgn0063494	28	41	69	0.405797101449275
FBgn0063495	60	79	139	0.431654676258993
FBgn0063496	79	76	155	0.509677419354839
FBgn0063497	68	69	137	0.496350364963504
FBgn0063498	68	73	141	0.482269503546099
FBgn0063499	88	111	199	0.442211055276382
FBgn0063649	257	277	534	0.4812734082397
FBgn0063667	89	95	184	0.483695652173913
FBgn0063670	47	40	87	0.540229885057471
FBgn0063923	0	0	0	NA
FBgn0063924	0	0	0	NA
FBgn0064115	0	0	0	NA
FBgn0064116	0	0	0	NA
FBgn0064117	0	0	0	NA
FBgn0064119	0	0	0	NA
FBgn0064123	0	0	0	NA
FBgn0064126	0	0	0	NA
FBgn0064225	141	144	285	0.494736842105263
FBgn0064227	2	2	4	0.5
FBgn0064237	113	116	229	0.493449781659389
FBgn0064766	238	237	475	0.501052631578947
FBgn0064912	73	78	151	0.483443708609272
FBgn0065032	28	0	28	1
FBgn0065035	74	0	74	1
FBgn0065046	22	0	22	1
FBgn0065047	8	9	17	0.470588235294118
FBgn0065048	21	55	76	0.276315789473684
FBgn0065051	1	1	2	0.5
FBgn0065053	0	1	1	0
FBgn0065055	4	12	16	0.25
FBgn0065057	4	0	4	1
FBgn0065058	2	6	8	0.25
FBgn0065059	0	0	0	NA
FBgn0065064	0	0	0	NA
FBgn0065066	1	3	4	0.25
FBgn0065070	0	0	0	NA
FBgn0065071	16	0	16	1
FBgn0065073	11	16	27	0.407407407407407
FBgn0065076	3	5	8	0.375
FBgn0065080	0	0	0	NA
FBgn0065081	0	0	0	NA
FBgn0065083	0	0	0	NA
FBgn0065084	0	0	0	NA
FBgn0065087	0	0	0	NA
FBgn0065088	0	0	0	NA
FBgn0065092	0	0	0	NA
FBgn0065094	0	0	0	NA
FBgn0065095	0	0	0	NA
FBgn0065096	0	0	0	NA
FBgn0065097	0	0	0	NA
FBgn0065098	31	31	62	0.5
FBgn0065099	24	33	57	0.421052631578947
FBgn0065100	0	0	0	NA
FBgn0065101	0	0	0	NA
FBgn0065102	0	0	0	NA
FBgn0065104	0	0	0	NA
FBgn0065105	3	2	5	0.6
FBgn0065107	0	0	0	NA
FBgn0065108	0	0	0	NA
FBgn0065109	0	0	0	NA
FBgn0065110	159	193	352	0.451704545454545
FBgn0066084	18	14	32	0.5625
FBgn0066101	465	478	943	0.493107104984093
FBgn0066114	0	0	0	NA
FBgn0066292	27	22	49	0.551020408163265
FBgn0066293	48	41	89	0.539325842696629
FBgn0066303	0	0	0	NA
FBgn0066304	0	0	0	NA
FBgn0066365	251	240	491	0.511201629327902
FBgn0067052	3	0	3	1
FBgn0067102	156	148	304	0.513157894736842
FBgn0067311	70	51	121	0.578512396694215
FBgn0067312	17	36	53	0.320754716981132
FBgn0067317	16	23	39	0.41025641025641
FBgn0067407	37	30	67	0.552238805970149
FBgn0067622	0	0	0	NA
FBgn0067628	20	22	42	0.476190476190476
FBgn0067629	28	14	42	0.666666666666667
FBgn0067779	42	36	78	0.538461538461538
FBgn0067782	0	0	0	NA
FBgn0067783	97	82	179	0.541899441340782
FBgn0067861	32	1	33	0.96969696969697
FBgn0067864	77	68	145	0.531034482758621
FBgn0067903	0	0	0	NA
FBgn0067905	21	27	48	0.4375
FBgn0069056	29	29	58	0.5
FBgn0069242	0	0	0	NA
FBgn0069354	78	68	146	0.534246575342466
FBgn0069913	64	49	113	0.566371681415929
FBgn0069923	26	27	53	0.490566037735849
FBgn0069938	40	6	46	0.869565217391304
FBgn0069969	45	34	79	0.569620253164557
FBgn0069973	91	1	92	0.989130434782609
FBgn0082582	496	495	991	0.50050454086781
FBgn0082585	192	176	368	0.521739130434783
FBgn0082598	107	102	209	0.511961722488038
FBgn0082831	222	185	407	0.545454545454545
FBgn0082919	0	0	0	NA
FBgn0082922	0	0	0	NA
FBgn0082923	10	12	22	0.454545454545455
FBgn0082924	0	0	0	NA
FBgn0082925	0	1	1	0
FBgn0082926	0	1	1	0
FBgn0082927	0	0	0	NA
FBgn0082928	0	0	0	NA
FBgn0082929	0	0	0	NA
FBgn0082930	1	1	2	0.5
FBgn0082931	0	0	0	NA
FBgn0082932	0	0	0	NA
FBgn0082933	0	0	0	NA
FBgn0082934	0	0	0	NA
FBgn0082935	0	0	0	NA
FBgn0082936	0	0	0	NA
FBgn0082937	0	0	0	NA
FBgn0082938	0	0	0	NA
FBgn0082939	0	2	2	0
FBgn0082940	4	1	5	0.8
FBgn0082941	1	0	1	1
FBgn0082942	0	0	0	NA
FBgn0082943	0	0	0	NA
FBgn0082944	0	0	0	NA
FBgn0082945	0	0	0	NA
FBgn0082946	0	0	0	NA
FBgn0082947	0	1	1	0
FBgn0082948	1	1	2	0.5
FBgn0082949	0	3	3	0
FBgn0082950	0	0	0	NA
FBgn0082951	3	0	3	1
FBgn0082952	1	0	1	1
FBgn0082953	11	7	18	0.611111111111111
FBgn0082954	0	0	0	NA
FBgn0082957	1	1	2	0.5
FBgn0082958	1	3	4	0.25
FBgn0082959	10	4	14	0.714285714285714
FBgn0082960	5	3	8	0.625
FBgn0082961	0	0	0	NA
FBgn0082962	0	0	0	NA
FBgn0082963	0	0	0	NA
FBgn0082966	0	2	2	0
FBgn0082967	12	13	25	0.48
FBgn0082968	0	0	0	NA
FBgn0082969	0	0	0	NA
FBgn0082970	0	0	0	NA
FBgn0082971	0	0	0	NA
FBgn0082972	5	4	9	0.555555555555556
FBgn0082973	0	1	1	0
FBgn0082974	1	3	4	0.25
FBgn0082975	5	2	7	0.714285714285714
FBgn0082976	0	1	1	0
FBgn0082978	0	0	0	NA
FBgn0082979	0	0	0	NA
FBgn0082980	0	0	0	NA
FBgn0082981	1	0	1	1
FBgn0082983	0	0	0	NA
FBgn0082986	2	2	4	0.5
FBgn0082987	0	0	0	NA
FBgn0082988	0	0	0	NA
FBgn0082989	7	8	15	0.466666666666667
FBgn0082990	17	12	29	0.586206896551724
FBgn0082993	0	3	3	0
FBgn0082994	0	0	0	NA
FBgn0082995	0	0	0	NA
FBgn0082997	10	0	10	1
FBgn0082998	4	0	4	1
FBgn0082999	0	0	0	NA
FBgn0083000	0	0	0	NA
FBgn0083001	0	0	0	NA
FBgn0083003	0	0	0	NA
FBgn0083004	0	1	1	0
FBgn0083005	0	1	1	0
FBgn0083006	10	6	16	0.625
FBgn0083007	0	0	0	NA
FBgn0083008	0	0	0	NA
FBgn0083009	0	0	0	NA
FBgn0083010	0	0	0	NA
FBgn0083011	0	0	0	NA
FBgn0083012	3	0	3	1
FBgn0083013	1	0	1	1
FBgn0083014	0	0	0	NA
FBgn0083015	2	1	3	0.666666666666667
FBgn0083016	0	0	0	NA
FBgn0083017	0	0	0	NA
FBgn0083018	0	0	0	NA
FBgn0083020	1	0	1	1
FBgn0083021	2	0	2	1
FBgn0083022	1	1	2	0.5
FBgn0083023	0	0	0	NA
FBgn0083024	0	0	0	NA
FBgn0083025	0	0	0	NA
FBgn0083026	0	0	0	NA
FBgn0083027	7	0	7	1
FBgn0083028	14	15	29	0.482758620689655
FBgn0083029	0	1	1	0
FBgn0083030	0	0	0	NA
FBgn0083031	2	0	2	1
FBgn0083032	12	16	28	0.428571428571429
FBgn0083033	0	1	1	0
FBgn0083034	0	0	0	NA
FBgn0083035	0	0	0	NA
FBgn0083036	0	0	0	NA
FBgn0083037	0	0	0	NA
FBgn0083038	0	0	0	NA
FBgn0083039	19	27	46	0.41304347826087
FBgn0083040	1	0	1	1
FBgn0083041	0	0	0	NA
FBgn0083042	0	0	0	NA
FBgn0083044	5	4	9	0.555555555555556
FBgn0083045	2	5	7	0.285714285714286
FBgn0083046	5	4	9	0.555555555555556
FBgn0083047	1	1	2	0.5
FBgn0083048	1	1	2	0.5
FBgn0083049	0	0	0	NA
FBgn0083050	0	1	1	0
FBgn0083053	0	0	0	NA
FBgn0083054	0	1	1	0
FBgn0083055	4	4	8	0.5
FBgn0083057	0	0	0	NA
FBgn0083058	0	2	2	0
FBgn0083068	1	0	1	1
FBgn0083120	8	17	25	0.32
FBgn0083121	0	0	0	NA
FBgn0083123	32	32	64	0.5
FBgn0083124	1	1	2	0.5
FBgn0083141	82	98	180	0.455555555555556
FBgn0083167	54	0	54	1
FBgn0083228	291	3	294	0.989795918367347
FBgn0083936	43	38	81	0.530864197530864
FBgn0083938	62	52	114	0.543859649122807
FBgn0083940	224	4	228	0.982456140350877
FBgn0083941	12	9	21	0.571428571428571
FBgn0083942	0	0	0	NA
FBgn0083943	30	44	74	0.405405405405405
FBgn0083945	365	353	718	0.508356545961003
FBgn0083946	224	200	424	0.528301886792453
FBgn0083949	222	216	438	0.506849315068493
FBgn0083950	421	414	835	0.504191616766467
FBgn0083951	61	76	137	0.445255474452555
FBgn0083952	0	0	0	NA
FBgn0083953	14	11	25	0.56
FBgn0083956	508	2	510	0.996078431372549
FBgn0083960	319	315	634	0.503154574132492
FBgn0083961	41	37	78	0.525641025641026
FBgn0083962	401	347	748	0.536096256684492
FBgn0083963	224	221	445	0.503370786516854
FBgn0083965	33	36	69	0.478260869565217
FBgn0083966	60	59	119	0.504201680672269
FBgn0083967	0	0	0	NA
FBgn0083968	34	41	75	0.453333333333333
FBgn0083969	196	193	389	0.503856041131105
FBgn0083970	6	6	12	0.5
FBgn0083971	0	0	0	NA
FBgn0083972	38	29	67	0.567164179104478
FBgn0083973	30	42	72	0.416666666666667
FBgn0083974	82	70	152	0.539473684210526
FBgn0083975	419	401	820	0.510975609756098
FBgn0083976	0	0	0	NA
FBgn0083977	144	167	311	0.463022508038585
FBgn0083978	144	109	253	0.569169960474308
FBgn0083979	124	2	126	0.984126984126984
FBgn0083981	272	2	274	0.992700729927007
FBgn0083983	25	22	47	0.531914893617021
FBgn0083984	0	0	0	NA
FBgn0083985	53	61	114	0.464912280701754
FBgn0083986	31	42	73	0.424657534246575
FBgn0083987	0	3	3	0
FBgn0083988	0	0	0	NA
FBgn0083989	0	0	0	NA
FBgn0083990	24	15	39	0.615384615384615
FBgn0083991	219	172	391	0.560102301790281
FBgn0083992	0	0	0	NA
FBgn0083994	42	0	42	1
FBgn0084001	88	107	195	0.451282051282051
FBgn0084008	50	69	119	0.420168067226891
FBgn0084017	0	0	0	NA
FBgn0084049	48	41	89	0.539325842696629
FBgn0085188	79	96	175	0.451428571428571
FBgn0085190	100	73	173	0.578034682080925
FBgn0085191	10	15	25	0.4
FBgn0085192	0	0	0	NA
FBgn0085193	0	0	0	NA
FBgn0085194	71	51	122	0.581967213114754
FBgn0085195	34	29	63	0.53968253968254
FBgn0085196	27	22	49	0.551020408163265
FBgn0085197	30	21	51	0.588235294117647
FBgn0085198	28	25	53	0.528301886792453
FBgn0085199	17	17	34	0.5
FBgn0085200	37	50	87	0.425287356321839
FBgn0085201	34	35	69	0.492753623188406
FBgn0085202	70	54	124	0.564516129032258
FBgn0085203	30	23	53	0.566037735849057
FBgn0085204	13	15	28	0.464285714285714
FBgn0085205	70	56	126	0.555555555555556
FBgn0085206	0	0	0	NA
FBgn0085207	0	0	0	NA
FBgn0085208	0	0	0	NA
FBgn0085209	13	26	39	0.333333333333333
FBgn0085210	62	76	138	0.449275362318841
FBgn0085211	39	14	53	0.735849056603774
FBgn0085212	50	45	95	0.526315789473684
FBgn0085213	72	48	120	0.6
FBgn0085214	0	0	0	NA
FBgn0085217	83	42	125	0.664
FBgn0085218	27	27	54	0.5
FBgn0085219	24	15	39	0.615384615384615
FBgn0085220	32	33	65	0.492307692307692
FBgn0085222	85	72	157	0.54140127388535
FBgn0085223	36	36	72	0.5
FBgn0085224	84	92	176	0.477272727272727
FBgn0085225	43	54	97	0.443298969072165
FBgn0085227	54	51	105	0.514285714285714
FBgn0085228	51	57	108	0.472222222222222
FBgn0085229	7	3	10	0.7
FBgn0085230	116	114	230	0.504347826086956
FBgn0085231	91	97	188	0.484042553191489
FBgn0085232	31	45	76	0.407894736842105
FBgn0085233	27	37	64	0.421875
FBgn0085234	43	54	97	0.443298969072165
FBgn0085235	86	83	169	0.50887573964497
FBgn0085236	0	1	1	0
FBgn0085237	38	27	65	0.584615384615385
FBgn0085239	63	64	127	0.496062992125984
FBgn0085240	0	0	0	NA
FBgn0085241	48	40	88	0.545454545454545
FBgn0085242	61	57	118	0.516949152542373
FBgn0085243	10	9	19	0.526315789473684
FBgn0085244	42	31	73	0.575342465753425
FBgn0085245	50	55	105	0.476190476190476
FBgn0085246	31	55	86	0.36046511627907
FBgn0085248	16	10	26	0.615384615384615
FBgn0085249	99	92	191	0.518324607329843
FBgn0085250	91	113	204	0.446078431372549
FBgn0085252	11	13	24	0.458333333333333
FBgn0085253	59	45	104	0.567307692307692
FBgn0085254	49	49	98	0.5
FBgn0085256	38	25	63	0.603174603174603
FBgn0085257	36	30	66	0.545454545454545
FBgn0085259	43	65	108	0.398148148148148
FBgn0085260	28	32	60	0.466666666666667
FBgn0085261	1	0	1	1
FBgn0085263	0	0	0	NA
FBgn0085264	0	0	0	NA
FBgn0085265	106	78	184	0.576086956521739
FBgn0085267	69	66	135	0.511111111111111
FBgn0085271	31	50	81	0.382716049382716
FBgn0085273	42	45	87	0.482758620689655
FBgn0085274	53	57	110	0.481818181818182
FBgn0085276	11	18	29	0.379310344827586
FBgn0085277	36	46	82	0.439024390243902
FBgn0085279	29	24	53	0.547169811320755
FBgn0085280	148	144	292	0.506849315068493
FBgn0085282	12	8	20	0.6
FBgn0085283	74	96	170	0.435294117647059
FBgn0085284	2	8	10	0.2
FBgn0085285	73	63	136	0.536764705882353
FBgn0085287	42	53	95	0.442105263157895
FBgn0085288	131	132	263	0.498098859315589
FBgn0085289	38	43	81	0.469135802469136
FBgn0085290	0	0	0	NA
FBgn0085291	0	0	0	NA
FBgn0085292	0	0	0	NA
FBgn0085294	66	61	127	0.519685039370079
FBgn0085295	22	25	47	0.468085106382979
FBgn0085296	37	62	99	0.373737373737374
FBgn0085297	28	21	49	0.571428571428571
FBgn0085298	47	56	103	0.456310679611651
FBgn0085300	53	39	92	0.576086956521739
FBgn0085302	0	0	0	NA
FBgn0085303	51	41	92	0.554347826086957
FBgn0085305	50	55	105	0.476190476190476
FBgn0085306	0	0	0	NA
FBgn0085307	42	38	80	0.525
FBgn0085308	21	15	36	0.583333333333333
FBgn0085309	20	22	42	0.476190476190476
FBgn0085310	37	40	77	0.480519480519481
FBgn0085311	27	53	80	0.3375
FBgn0085312	58	58	116	0.5
FBgn0085313	54	71	125	0.432
FBgn0085314	171	166	337	0.507418397626113
FBgn0085315	23	26	49	0.469387755102041
FBgn0085316	27	20	47	0.574468085106383
FBgn0085317	30	31	61	0.491803278688525
FBgn0085318	18	11	29	0.620689655172414
FBgn0085319	60	78	138	0.434782608695652
FBgn0085320	27	27	54	0.5
FBgn0085321	54	49	103	0.524271844660194
FBgn0085322	2	0	2	1
FBgn0085324	57	82	139	0.410071942446043
FBgn0085325	36	33	69	0.521739130434783
FBgn0085326	55	33	88	0.625
FBgn0085327	39	34	73	0.534246575342466
FBgn0085328	108	105	213	0.507042253521127
FBgn0085329	38	54	92	0.41304347826087
FBgn0085330	14	7	21	0.666666666666667
FBgn0085331	0	0	0	NA
FBgn0085332	46	40	86	0.534883720930233
FBgn0085334	0	0	0	NA
FBgn0085336	34	18	52	0.653846153846154
FBgn0085337	34	30	64	0.53125
FBgn0085339	7	21	28	0.25
FBgn0085340	54	0	54	1
FBgn0085341	1	0	1	1
FBgn0085342	0	0	0	NA
FBgn0085343	0	0	0	NA
FBgn0085344	0	0	0	NA
FBgn0085345	12	20	32	0.375
FBgn0085346	0	0	0	NA
FBgn0085349	56	0	56	1
FBgn0085350	69	0	69	1
FBgn0085351	28	0	28	1
FBgn0085352	67	2	69	0.971014492753623
FBgn0085353	59	1	60	0.983333333333333
FBgn0085354	75	2	77	0.974025974025974
FBgn0085356	68	0	68	1
FBgn0085357	44	0	44	1
FBgn0085358	67	0	67	1
FBgn0085359	28	0	28	1
FBgn0085360	90	0	90	1
FBgn0085361	20	2	22	0.909090909090909
FBgn0085362	111	3	114	0.973684210526316
FBgn0085366	50	0	50	1
FBgn0085367	41	0	41	1
FBgn0085369	261	300	561	0.46524064171123
FBgn0085370	569	612	1181	0.481795088907705
FBgn0085371	158	163	321	0.492211838006231
FBgn0085374	172	183	355	0.484507042253521
FBgn0085376	388	376	764	0.507853403141361
FBgn0085377	94	0	94	1
FBgn0085380	297	291	588	0.505102040816326
FBgn0085382	307	293	600	0.511666666666667
FBgn0085383	104	90	194	0.536082474226804
FBgn0085384	378	364	742	0.509433962264151
FBgn0085385	549	509	1058	0.51890359168242
FBgn0085386	81	94	175	0.462857142857143
FBgn0085387	817	8	825	0.99030303030303
FBgn0085390	379	385	764	0.496073298429319
FBgn0085391	549	571	1120	0.490178571428571
FBgn0085395	505	535	1040	0.485576923076923
FBgn0085396	178	153	331	0.537764350453172
FBgn0085397	461	472	933	0.494105037513398
FBgn0085398	207	230	437	0.473684210526316
FBgn0085399	391	362	753	0.51925630810093
FBgn0085400	532	464	996	0.534136546184739
FBgn0085404	171	164	335	0.51044776119403
FBgn0085405	174	135	309	0.563106796116505
FBgn0085407	485	453	938	0.517057569296375
FBgn0085408	401	413	814	0.492628992628993
FBgn0085409	429	397	826	0.519370460048426
FBgn0085410	319	317	636	0.501572327044025
FBgn0085411	177	179	356	0.497191011235955
FBgn0085412	641	581	1222	0.524549918166939
FBgn0085413	356	343	699	0.509298998569385
FBgn0085414	148	137	285	0.519298245614035
FBgn0085415	160	191	351	0.455840455840456
FBgn0085417	49	47	96	0.510416666666667
FBgn0085419	374	350	724	0.516574585635359
FBgn0085420	126	128	254	0.496062992125984
FBgn0085421	459	387	846	0.542553191489362
FBgn0085422	307	301	608	0.504934210526316
FBgn0085423	255	262	517	0.493230174081238
FBgn0085424	390	367	757	0.515191545574637
FBgn0085425	323	334	657	0.491628614916286
FBgn0085426	358	400	758	0.472295514511873
FBgn0085427	526	524	1050	0.500952380952381
FBgn0085428	479	430	909	0.526952695269527
FBgn0085430	560	4	564	0.99290780141844
FBgn0085431	152	146	298	0.51006711409396
FBgn0085432	280	275	555	0.504504504504504
FBgn0085433	6	11	17	0.352941176470588
FBgn0085434	321	318	639	0.502347417840376
FBgn0085436	238	236	474	0.50210970464135
FBgn0085437	524	3	527	0.994307400379507
FBgn0085438	0	0	0	NA
FBgn0085440	178	0	178	1
FBgn0085442	153	139	292	0.523972602739726
FBgn0085443	755	5	760	0.993421052631579
FBgn0085444	267	274	541	0.493530499075786
FBgn0085446	1182	8	1190	0.99327731092437
FBgn0085447	318	299	617	0.515397082658023
FBgn0085450	312	366	678	0.460176991150442
FBgn0085451	422	7	429	0.983682983682984
FBgn0085452	0	0	0	NA
FBgn0085453	34	48	82	0.414634146341463
FBgn0085454	9	13	22	0.409090909090909
FBgn0085455	65	84	149	0.436241610738255
FBgn0085456	69	62	131	0.526717557251908
FBgn0085457	88	92	180	0.488888888888889
FBgn0085458	41	37	78	0.525641025641026
FBgn0085459	54	58	112	0.482142857142857
FBgn0085460	123	161	284	0.433098591549296
FBgn0085461	71	58	129	0.550387596899225
FBgn0085462	58	44	102	0.568627450980392
FBgn0085464	70	0	70	1
FBgn0085465	80	78	158	0.506329113924051
FBgn0085466	55	46	101	0.544554455445545
FBgn0085468	45	42	87	0.517241379310345
FBgn0085470	0	0	0	NA
FBgn0085471	14	21	35	0.4
FBgn0085472	58	51	109	0.532110091743119
FBgn0085473	86	82	168	0.511904761904762
FBgn0085474	23	25	48	0.479166666666667
FBgn0085475	19	12	31	0.612903225806452
FBgn0085476	122	129	251	0.48605577689243
FBgn0085477	103	122	225	0.457777777777778
FBgn0085478	412	4	416	0.990384615384615
FBgn0085479	99	0	99	1
FBgn0085480	110	102	212	0.518867924528302
FBgn0085481	66	52	118	0.559322033898305
FBgn0085482	27	27	54	0.5
FBgn0085483	12	8	20	0.6
FBgn0085484	104	115	219	0.474885844748858
FBgn0085485	11	16	27	0.407407407407407
FBgn0085486	97	123	220	0.440909090909091
FBgn0085487	63	58	121	0.520661157024793
FBgn0085488	139	131	270	0.514814814814815
FBgn0085489	55	34	89	0.617977528089888
FBgn0085491	95	91	186	0.510752688172043
FBgn0085494	0	0	0	NA
FBgn0085500	0	0	0	NA
FBgn0085505	0	0	0	NA
FBgn0085506	0	0	0	NA
FBgn0085511	0	0	0	NA
FBgn0085512	0	0	0	NA
FBgn0085520	0	0	0	NA
FBgn0085521	0	0	0	NA
FBgn0085523	0	0	0	NA
FBgn0085540	0	0	0	NA
FBgn0085569	0	0	0	NA
FBgn0085570	14	11	25	0.56
FBgn0085582	14	14	28	0.5
FBgn0085599	1	0	1	1
FBgn0085612	9	8	17	0.529411764705882
FBgn0085638	15	2	17	0.882352941176471
FBgn0085644	0	0	0	NA
FBgn0085664	0	0	0	NA
FBgn0085673	0	0	0	NA
FBgn0085692	0	0	0	NA
FBgn0085693	14	0	14	1
FBgn0085732	16	13	29	0.551724137931034
FBgn0085734	49	55	104	0.471153846153846
FBgn0085736	7	24	31	0.225806451612903
FBgn0085753	52	5	57	0.912280701754386
FBgn0085765	0	0	0	NA
FBgn0085771	25	5	30	0.833333333333333
FBgn0085784	10	13	23	0.434782608695652
FBgn0085786	35	37	72	0.486111111111111
FBgn0085788	0	1	1	0
FBgn0085789	1	0	1	1
FBgn0085790	0	0	0	NA
FBgn0085791	0	0	0	NA
FBgn0085792	0	1	1	0
FBgn0085802	0	0	0	NA
FBgn0085804	18	16	34	0.529411764705882
FBgn0085810	0	0	0	NA
FBgn0085812	22	15	37	0.594594594594595
FBgn0085813	15	0	15	1
FBgn0085819	0	0	0	NA
FBgn0085831	0	0	0	NA
FBgn0086021	0	0	0	NA
FBgn0086022	6	5	11	0.545454545454545
FBgn0086023	0	1	1	0
FBgn0086024	4	2	6	0.666666666666667
FBgn0086025	2	1	3	0.666666666666667
FBgn0086026	0	0	0	NA
FBgn0086027	7	12	19	0.368421052631579
FBgn0086028	4	5	9	0.444444444444444
FBgn0086029	4	6	10	0.4
FBgn0086030	30	34	64	0.46875
FBgn0086031	8	9	17	0.470588235294118
FBgn0086032	24	32	56	0.428571428571429
FBgn0086033	21	10	31	0.67741935483871
FBgn0086034	0	0	0	NA
FBgn0086035	1	0	1	1
FBgn0086036	8	4	12	0.666666666666667
FBgn0086037	25	24	49	0.510204081632653
FBgn0086038	30	23	53	0.566037735849057
FBgn0086039	0	2	2	0
FBgn0086040	29	17	46	0.630434782608696
FBgn0086041	0	0	0	NA
FBgn0086042	0	0	0	NA
FBgn0086043	16	0	16	1
FBgn0086044	22	0	22	1
FBgn0086045	22	0	22	1
FBgn0086046	9	0	9	1
FBgn0086047	22	0	22	1
FBgn0086048	5	0	5	1
FBgn0086049	0	0	0	NA
FBgn0086051	0	0	0	NA
FBgn0086052	0	4	4	0
FBgn0086053	9	13	22	0.409090909090909
FBgn0086054	0	0	0	NA
FBgn0086055	0	0	0	NA
FBgn0086056	0	0	0	NA
FBgn0086057	0	0	0	NA
FBgn0086058	14	15	29	0.482758620689655
FBgn0086059	15	9	24	0.625
FBgn0086060	12	20	32	0.375
FBgn0086061	9	13	22	0.409090909090909
FBgn0086062	1	0	1	1
FBgn0086063	1	0	1	1
FBgn0086064	0	0	0	NA
FBgn0086065	0	2	2	0
FBgn0086066	0	0	0	NA
FBgn0086067	0	2	2	0
FBgn0086068	0	0	0	NA
FBgn0086069	0	0	0	NA
FBgn0086070	0	0	0	NA
FBgn0086071	0	0	0	NA
FBgn0086072	0	0	0	NA
FBgn0086073	30	32	62	0.483870967741935
FBgn0086074	0	6	6	0
FBgn0086075	0	0	0	NA
FBgn0086076	23	14	37	0.621621621621622
FBgn0086077	11	16	27	0.407407407407407
FBgn0086078	0	0	0	NA
FBgn0086079	10	7	17	0.588235294117647
FBgn0086080	0	0	0	NA
FBgn0086081	36	35	71	0.507042253521127
FBgn0086082	0	0	0	NA
FBgn0086129	170	139	309	0.550161812297735
FBgn0086130	33	38	71	0.464788732394366
FBgn0086134	74	80	154	0.480519480519481
FBgn0086200	90	105	195	0.461538461538462
FBgn0086251	105	91	196	0.535714285714286
FBgn0086253	29	28	57	0.508771929824561
FBgn0086254	147	158	305	0.481967213114754
FBgn0086265	143	162	305	0.468852459016393
FBgn0086266	20	30	50	0.4
FBgn0086346	140	127	267	0.524344569288389
FBgn0086347	305	273	578	0.527681660899654
FBgn0086348	47	52	99	0.474747474747475
FBgn0086350	70	69	139	0.503597122302158
FBgn0086355	94	98	192	0.489583333333333
FBgn0086356	145	125	270	0.537037037037037
FBgn0086357	96	98	194	0.494845360824742
FBgn0086358	242	247	489	0.494887525562372
FBgn0086359	122	105	227	0.537444933920705
FBgn0086361	151	166	317	0.476340694006309
FBgn0086362	97	94	191	0.507853403141361
FBgn0086365	172	202	374	0.459893048128342
FBgn0086367	193	1	194	0.994845360824742
FBgn0086368	62	2	64	0.96875
FBgn0086370	143	130	273	0.523809523809524
FBgn0086371	124	113	237	0.523206751054852
FBgn0086372	119	117	236	0.504237288135593
FBgn0086378	18	68	86	0.209302325581395
FBgn0086384	184	1	185	0.994594594594595
FBgn0086408	342	348	690	0.495652173913044
FBgn0086442	116	84	200	0.58
FBgn0086443	122	121	243	0.502057613168724
FBgn0086444	103	101	204	0.504901960784314
FBgn0086445	110	121	231	0.476190476190476
FBgn0086446	41	34	75	0.546666666666667
FBgn0086447	44	42	86	0.511627906976744
FBgn0086448	162	0	162	1
FBgn0086450	212	0	212	1
FBgn0086451	473	464	937	0.504802561366062
FBgn0086472	64	66	130	0.492307692307692
FBgn0086519	15	26	41	0.365853658536585
FBgn0086532	0	0	0	NA
FBgn0086533	0	0	0	NA
FBgn0086558	53	1	54	0.981481481481482
FBgn0086600	0	2	2	0
FBgn0086601	0	0	0	NA
FBgn0086602	13	0	13	1
FBgn0086603	0	0	0	NA
FBgn0086604	496	546	1042	0.476007677543186
FBgn0086605	26	30	56	0.464285714285714
FBgn0086608	0	0	0	NA
FBgn0086610	37	44	81	0.45679012345679
FBgn0086611	15	27	42	0.357142857142857
FBgn0086613	374	384	758	0.493403693931398
FBgn0086655	269	256	525	0.512380952380952
FBgn0086656	35	23	58	0.603448275862069
FBgn0086657	53	56	109	0.486238532110092
FBgn0086658	0	0	0	NA
FBgn0086659	11	14	25	0.44
FBgn0086660	0	0	0	NA
FBgn0086661	4	0	4	1
FBgn0086662	2	4	6	0.333333333333333
FBgn0086663	0	4	4	0
FBgn0086664	0	0	0	NA
FBgn0086665	8	2	10	0.8
FBgn0086666	18	0	18	1
FBgn0086667	25	0	25	1
FBgn0086668	11	0	11	1
FBgn0086669	7	4	11	0.636363636363636
FBgn0086670	12	13	25	0.48
FBgn0086671	1	0	1	1
FBgn0086672	0	0	0	NA
FBgn0086673	175	178	353	0.495750708215297
FBgn0086674	156	1	157	0.993630573248408
FBgn0086675	425	4	429	0.990675990675991
FBgn0086676	340	305	645	0.527131782945736
FBgn0086677	431	399	830	0.519277108433735
FBgn0086679	59	63	122	0.483606557377049
FBgn0086680	245	210	455	0.538461538461538
FBgn0086681	113	97	210	0.538095238095238
FBgn0086683	49	26	75	0.653333333333333
FBgn0086686	10	12	22	0.454545454545455
FBgn0086687	112	86	198	0.565656565656566
FBgn0086690	707	714	1421	0.497536945812808
FBgn0086691	88	93	181	0.486187845303867
FBgn0086693	251	2	253	0.992094861660079
FBgn0086694	183	183	366	0.5
FBgn0086695	51	49	100	0.51
FBgn0086698	258	247	505	0.510891089108911
FBgn0086704	203	156	359	0.565459610027855
FBgn0086706	156	158	314	0.496815286624204
FBgn0086707	204	183	387	0.527131782945736
FBgn0086708	132	101	233	0.566523605150215
FBgn0086710	27	16	43	0.627906976744186
FBgn0086711	342	323	665	0.514285714285714
FBgn0086712	116	111	227	0.511013215859031
FBgn0086757	167	147	314	0.531847133757962
FBgn0086758	609	648	1257	0.484486873508353
FBgn0086768	44	33	77	0.571428571428571
FBgn0086778	480	6	486	0.987654320987654
FBgn0086779	174	167	341	0.510263929618768
FBgn0086782	233	1	234	0.995726495726496
FBgn0086784	131	130	261	0.501915708812261
FBgn0086785	34	32	66	0.515151515151515
FBgn0086855	25	36	61	0.409836065573771
FBgn0086856	29	24	53	0.547169811320755
FBgn0086895	125	85	210	0.595238095238095
FBgn0086898	119	101	220	0.540909090909091
FBgn0086900	0	0	0	NA
FBgn0086904	97	82	179	0.541899441340782
FBgn0086906	2993	2937	5930	0.504721753794266
FBgn0086907	20	32	52	0.384615384615385
FBgn0086908	2	7	9	0.222222222222222
FBgn0086909	130	132	262	0.49618320610687
FBgn0086912	65	54	119	0.546218487394958
FBgn0086913	113	123	236	0.478813559322034
FBgn0086915	15	26	41	0.365853658536585
FBgn0086916	177	155	332	0.533132530120482
FBgn0086917	16	15	31	0.516129032258065
FBgn0087002	106	140	246	0.430894308943089
FBgn0087005	0	0	0	NA
FBgn0087007	508	479	987	0.514690982776089
FBgn0087008	360	4	364	0.989010989010989
FBgn0087011	69	104	173	0.398843930635838
FBgn0087012	74	77	151	0.490066225165563
FBgn0087013	27	29	56	0.482142857142857
FBgn0087021	57	68	125	0.456
FBgn0087035	44	34	78	0.564102564102564
FBgn0087039	65	55	120	0.541666666666667
FBgn0087040	171	151	322	0.531055900621118
FBgn0087041	0	0	0	NA
FBgn0243486	281	330	611	0.459901800327332
FBgn0243511	194	171	365	0.531506849315069
FBgn0243512	31	29	60	0.516666666666667
FBgn0243513	18	22	40	0.45
FBgn0243514	133	171	304	0.4375
FBgn0243516	349	381	730	0.478082191780822
FBgn0243586	71	70	141	0.50354609929078
FBgn0250731	0	0	0	NA
FBgn0250732	117	140	257	0.455252918287938
FBgn0250746	26	24	50	0.52
FBgn0250753	49	48	97	0.505154639175258
FBgn0250754	238	254	492	0.483739837398374
FBgn0250755	77	84	161	0.478260869565217
FBgn0250757	732	754	1486	0.492597577388964
FBgn0250785	180	179	359	0.501392757660167
FBgn0250786	263	287	550	0.478181818181818
FBgn0250788	373	0	373	1
FBgn0250789	175	147	322	0.543478260869565
FBgn0250791	87	74	161	0.540372670807453
FBgn0250814	4	6	10	0.4
FBgn0250815	83	63	146	0.568493150684932
FBgn0250816	168	135	303	0.554455445544555
FBgn0250817	33	36	69	0.478260869565217
FBgn0250819	61	50	111	0.54954954954955
FBgn0250820	120	113	233	0.515021459227468
FBgn0250821	0	0	0	NA
FBgn0250822	8	10	18	0.444444444444444
FBgn0250823	395	362	757	0.521796565389696
FBgn0250824	3	6	9	0.333333333333333
FBgn0250825	15	20	35	0.428571428571429
FBgn0250826	63	68	131	0.480916030534351
FBgn0250827	36	26	62	0.580645161290323
FBgn0250830	71	57	128	0.5546875
FBgn0250831	55	56	111	0.495495495495495
FBgn0250832	23	30	53	0.433962264150943
FBgn0250833	103	121	224	0.459821428571429
FBgn0250834	77	97	174	0.442528735632184
FBgn0250835	84	86	170	0.494117647058824
FBgn0250836	62	64	126	0.492063492063492
FBgn0250837	0	0	0	NA
FBgn0250838	0	0	0	NA
FBgn0250839	25	26	51	0.490196078431373
FBgn0250841	106	90	196	0.540816326530612
FBgn0250842	98	71	169	0.579881656804734
FBgn0250843	29	31	60	0.483333333333333
FBgn0250844	107	107	214	0.5
FBgn0250845	19	32	51	0.372549019607843
FBgn0250846	73	77	150	0.486666666666667
FBgn0250847	110	107	217	0.506912442396313
FBgn0250848	128	131	259	0.494208494208494
FBgn0250849	0	0	0	NA
FBgn0250850	317	318	635	0.499212598425197
FBgn0250851	0	0	0	NA
FBgn0250862	130	0	130	1
FBgn0250867	242	248	490	0.493877551020408
FBgn0250868	2	6	8	0.25
FBgn0250869	63	1	64	0.984375
FBgn0250871	239	1	240	0.995833333333333
FBgn0250874	65	0	65	1
FBgn0250903	0	0	0	NA
FBgn0250904	45	0	45	1
FBgn0250906	67	62	129	0.51937984496124
FBgn0250907	88	103	191	0.460732984293194
FBgn0250908	482	412	894	0.539149888143177
FBgn0250910	261	193	454	0.57488986784141
FBgn0250911	0	0	0	NA
FBgn0259098	55	0	55	1
FBgn0259099	229	250	479	0.478079331941545
FBgn0259101	258	2	260	0.992307692307692
FBgn0259108	545	8	553	0.985533453887884
FBgn0259110	450	3	453	0.993377483443709
FBgn0259111	611	590	1201	0.508742714404663
FBgn0259112	44	41	85	0.517647058823529
FBgn0259113	273	308	581	0.469879518072289
FBgn0259139	53	78	131	0.404580152671756
FBgn0259140	701	622	1323	0.529856386999244
FBgn0259143	253	3	256	0.98828125
FBgn0259145	375	405	780	0.480769230769231
FBgn0259146	336	371	707	0.475247524752475
FBgn0259148	93	79	172	0.540697674418605
FBgn0259149	190	3	193	0.984455958549223
FBgn0259150	420	3	423	0.99290780141844
FBgn0259151	169	141	310	0.545161290322581
FBgn0259152	100	77	177	0.564971751412429
FBgn0259162	273	1	274	0.996350364963504
FBgn0259163	678	639	1317	0.514806378132118
FBgn0259164	178	169	347	0.512968299711816
FBgn0259166	327	1	328	0.996951219512195
FBgn0259167	129	137	266	0.484962406015038
FBgn0259168	272	2	274	0.992700729927007
FBgn0259170	417	1	418	0.997607655502392
FBgn0259171	740	2	742	0.997304582210243
FBgn0259173	447	420	867	0.515570934256055
FBgn0259174	327	319	646	0.506191950464396
FBgn0259175	201	217	418	0.480861244019139
FBgn0259176	698	635	1333	0.523630907726932
FBgn0259178	248	235	483	0.513457556935818
FBgn0259179	93	102	195	0.476923076923077
FBgn0259183	63	60	123	0.51219512195122
FBgn0259184	60	47	107	0.560747663551402
FBgn0259185	85	97	182	0.467032967032967
FBgn0259186	58	52	110	0.527272727272727
FBgn0259187	78	95	173	0.450867052023121
FBgn0259188	178	1	179	0.994413407821229
FBgn0259189	82	0	82	1
FBgn0259190	160	0	160	1
FBgn0259192	35	24	59	0.593220338983051
FBgn0259193	143	117	260	0.55
FBgn0259194	147	146	293	0.501706484641638
FBgn0259195	38	2	40	0.95
FBgn0259196	49	1	50	0.98
FBgn0259198	43	0	43	1
FBgn0259199	0	0	0	NA
FBgn0259200	0	0	0	NA
FBgn0259201	0	0	0	NA
FBgn0259202	0	0	0	NA
FBgn0259203	0	0	0	NA
FBgn0259204	0	0	0	NA
FBgn0259209	224	171	395	0.567088607594937
FBgn0259210	267	233	500	0.534
FBgn0259211	642	669	1311	0.489702517162471
FBgn0259212	155	148	303	0.511551155115512
FBgn0259213	451	456	907	0.497243660418964
FBgn0259214	122	81	203	0.600985221674877
FBgn0259215	75	90	165	0.454545454545455
FBgn0259216	172	135	307	0.560260586319218
FBgn0259219	210	241	451	0.465631929046563
FBgn0259221	715	694	1409	0.507452093683463
FBgn0259222	209	222	431	0.48491879350348
FBgn0259223	91	1	92	0.989130434782609
FBgn0259224	411	411	822	0.5
FBgn0259226	304	260	564	0.539007092198582
FBgn0259227	301	335	636	0.473270440251572
FBgn0259228	460	6	466	0.987124463519313
FBgn0259229	269	304	573	0.469458987783595
FBgn0259230	48	35	83	0.578313253012048
FBgn0259231	155	1	156	0.993589743589744
FBgn0259233	322	344	666	0.483483483483483
FBgn0259234	554	570	1124	0.49288256227758
FBgn0259236	131	111	242	0.541322314049587
FBgn0259237	239	243	482	0.495850622406639
FBgn0259238	117	121	238	0.491596638655462
FBgn0259239	22	18	40	0.55
FBgn0259241	259	0	259	1
FBgn0259242	410	4	414	0.990338164251208
FBgn0259243	210	245	455	0.461538461538462
FBgn0259244	406	451	857	0.473745624270712
FBgn0259245	297	9	306	0.970588235294118
FBgn0259246	737	739	1476	0.499322493224932
FBgn0259481	290	308	598	0.48494983277592
FBgn0259482	74	74	148	0.5
FBgn0259483	36	31	67	0.537313432835821
FBgn0259676	13	7	20	0.65
FBgn0259677	482	2	484	0.995867768595041
FBgn0259678	399	439	838	0.476133651551313
FBgn0259680	703	7	710	0.990140845070423
FBgn0259682	241	234	475	0.507368421052632
FBgn0259683	138	167	305	0.452459016393443
FBgn0259685	389	383	772	0.503886010362694
FBgn0259697	37	26	63	0.587301587301587
FBgn0259699	0	0	0	NA
FBgn0259700	13	0	13	1
FBgn0259701	33	16	49	0.673469387755102
FBgn0259702	119	100	219	0.54337899543379
FBgn0259703	77	62	139	0.553956834532374
FBgn0259704	45	58	103	0.436893203883495
FBgn0259705	30	23	53	0.566037735849057
FBgn0259707	12	10	22	0.545454545454545
FBgn0259708	0	0	0	NA
FBgn0259709	0	0	0	NA
FBgn0259710	15	26	41	0.365853658536585
FBgn0259711	65	48	113	0.575221238938053
FBgn0259712	254	288	542	0.468634686346863
FBgn0259713	45	55	100	0.45
FBgn0259714	256	297	553	0.462929475587703
FBgn0259715	114	139	253	0.450592885375494
FBgn0259716	93	89	182	0.510989010989011
FBgn0259717	0	0	0	NA
FBgn0259718	0	0	0	NA
FBgn0259720	0	0	0	NA
FBgn0259721	0	0	0	NA
FBgn0259722	5	1	6	0.833333333333333
FBgn0259725	0	0	0	NA
FBgn0259726	0	0	0	NA
FBgn0259727	0	0	0	NA
FBgn0259728	0	0	0	NA
FBgn0259729	45	49	94	0.478723404255319
FBgn0259730	0	0	0	NA
FBgn0259731	0	0	0	NA
FBgn0259732	0	0	0	NA
FBgn0259733	0	0	0	NA
FBgn0259734	478	5	483	0.989648033126294
FBgn0259735	374	361	735	0.508843537414966
FBgn0259736	392	450	842	0.465558194774347
FBgn0259737	31	26	57	0.543859649122807
FBgn0259738	9	14	23	0.391304347826087
FBgn0259739	115	114	229	0.502183406113537
FBgn0259740	50	36	86	0.581395348837209
FBgn0259741	20	2	22	0.909090909090909
FBgn0259742	96	99	195	0.492307692307692
FBgn0259745	187	177	364	0.513736263736264
FBgn0259748	35	38	73	0.479452054794521
FBgn0259749	194	186	380	0.510526315789474
FBgn0259785	72	72	144	0.5
FBgn0259789	428	2	430	0.995348837209302
FBgn0259791	98	104	202	0.485148514851485
FBgn0259794	48	43	91	0.527472527472527
FBgn0259795	104	121	225	0.462222222222222
FBgn0259817	0	0	0	NA
FBgn0259818	53	44	97	0.54639175257732
FBgn0259821	75	68	143	0.524475524475524
FBgn0259822	472	428	900	0.524444444444444
FBgn0259823	280	302	582	0.481099656357388
FBgn0259824	138	158	296	0.466216216216216
FBgn0259831	25	27	52	0.480769230769231
FBgn0259832	30	33	63	0.476190476190476
FBgn0259834	203	1	204	0.995098039215686
FBgn0259837	0	0	0	NA
FBgn0259838	0	0	0	NA
FBgn0259839	0	0	0	NA
FBgn0259840	0	0	0	NA
FBgn0259841	0	0	0	NA
FBgn0259842	0	0	0	NA
FBgn0259843	0	0	0	NA
FBgn0259845	0	0	0	NA
FBgn0259846	0	0	0	NA
FBgn0259847	0	0	0	NA
FBgn0259848	0	0	0	NA
FBgn0259849	0	0	0	NA
FBgn0259850	0	0	0	NA
FBgn0259851	0	0	0	NA
FBgn0259852	0	0	0	NA
FBgn0259853	0	0	0	NA
FBgn0259855	0	0	0	NA
FBgn0259856	0	0	0	NA
FBgn0259857	0	0	0	NA
FBgn0259858	0	0	0	NA
FBgn0259859	0	0	0	NA
FBgn0259860	0	0	0	NA
FBgn0259861	0	0	0	NA
FBgn0259862	0	0	0	NA
FBgn0259863	0	0	0	NA
FBgn0259864	0	0	0	NA
FBgn0259869	0	0	0	NA
FBgn0259870	0	0	0	NA
FBgn0259875	0	0	0	NA
FBgn0259876	159	154	313	0.507987220447284
FBgn0259878	164	156	320	0.5125
FBgn0259896	247	240	487	0.507186858316222
FBgn0259916	85	103	188	0.452127659574468
FBgn0259917	36	38	74	0.486486486486487
FBgn0259918	30	1	31	0.967741935483871
FBgn0259922	68	73	141	0.482269503546099
FBgn0259923	286	0	286	1
FBgn0259926	68	0	68	1
FBgn0259927	234	0	234	1
FBgn0259932	0	0	0	NA
FBgn0259933	0	0	0	NA
FBgn0259935	300	270	570	0.526315789473684
FBgn0259936	26	26	52	0.5
FBgn0259937	70	74	144	0.486111111111111
FBgn0259938	148	148	296	0.5
FBgn0259949	34	21	55	0.618181818181818
FBgn0259950	57	63	120	0.475
FBgn0259951	36	44	80	0.45
FBgn0259952	47	47	94	0.5
FBgn0259953	35	46	81	0.432098765432099
FBgn0259954	35	44	79	0.443037974683544
FBgn0259955	48	25	73	0.657534246575342
FBgn0259956	23	34	57	0.403508771929825
FBgn0259957	27	39	66	0.409090909090909
FBgn0259958	23	28	51	0.450980392156863
FBgn0259959	32	25	57	0.56140350877193
FBgn0259960	55	47	102	0.53921568627451
FBgn0259961	14	16	30	0.466666666666667
FBgn0259962	39	35	74	0.527027027027027
FBgn0259963	32	32	64	0.5
FBgn0259964	34	44	78	0.435897435897436
FBgn0259965	62	67	129	0.48062015503876
FBgn0259966	50	51	101	0.495049504950495
FBgn0259967	98	91	189	0.518518518518518
FBgn0259968	51	50	101	0.504950495049505
FBgn0259969	6	5	11	0.545454545454545
FBgn0259970	28	25	53	0.528301886792453
FBgn0259971	21	16	37	0.567567567567568
FBgn0259972	20	25	45	0.444444444444444
FBgn0259973	0	0	0	NA
FBgn0259974	0	0	0	NA
FBgn0259975	61	51	112	0.544642857142857
FBgn0259977	63	57	120	0.525
FBgn0259978	109	112	221	0.493212669683258
FBgn0259979	84	65	149	0.563758389261745
FBgn0259982	62	45	107	0.579439252336449
FBgn0259984	404	374	778	0.519280205655527
FBgn0259985	127	106	233	0.545064377682403
FBgn0259986	219	218	437	0.501144164759725
FBgn0259989	7	8	15	0.466666666666667
FBgn0259990	0	0	0	NA
FBgn0259991	0	0	0	NA
FBgn0259992	41	30	71	0.577464788732394
FBgn0259993	12	0	12	1
FBgn0259994	540	2	542	0.996309963099631
FBgn0259996	53	41	94	0.563829787234043
FBgn0259998	74	69	143	0.517482517482518
FBgn0260000	22	53	75	0.293333333333333
FBgn0260002	0	0	0	NA
FBgn0260003	1527	1524	3051	0.500491642084562
FBgn0260004	208	197	405	0.51358024691358
FBgn0260005	104	114	218	0.477064220183486
FBgn0260006	260	0	260	1
FBgn0260007	33	52	85	0.388235294117647
FBgn0260008	67	51	118	0.567796610169492
FBgn0260011	99	70	169	0.585798816568047
FBgn0260012	257	292	549	0.468123861566485
FBgn0260026	82	88	170	0.482352941176471
FBgn0260027	52	40	92	0.565217391304348
FBgn0260049	126	135	261	0.482758620689655
FBgn0260222	0	0	0	NA
FBgn0260223	0	0	0	NA
FBgn0260224	0	0	0	NA
FBgn0260225	0	0	0	NA
FBgn0260226	38	20	58	0.655172413793103
FBgn0260228	0	0	0	NA
FBgn0260229	0	0	0	NA
FBgn0260230	0	0	0	NA
FBgn0260231	0	0	0	NA
FBgn0260233	0	0	0	NA
FBgn0260234	0	0	0	NA
FBgn0260237	0	0	0	NA
FBgn0260238	0	0	0	NA
FBgn0260243	56	65	121	0.462809917355372
FBgn0260386	39	43	82	0.475609756097561
FBgn0260388	141	142	283	0.498233215547703
FBgn0260390	0	0	0	NA
FBgn0260392	0	0	0	NA
FBgn0260393	45	43	88	0.511363636363636
FBgn0260396	51	54	105	0.485714285714286
FBgn0260397	86	113	199	0.4321608040201
FBgn0260398	0	0	0	NA
FBgn0260399	201	208	409	0.491442542787286
FBgn0260400	134	2	136	0.985294117647059
FBgn0260401	0	0	0	NA
FBgn0260407	36	46	82	0.439024390243902
FBgn0260428	47	50	97	0.484536082474227
FBgn0260429	171	144	315	0.542857142857143
FBgn0260430	48	83	131	0.366412213740458
FBgn0260431	22	20	42	0.523809523809524
FBgn0260434	0	0	0	NA
FBgn0260435	0	1	1	0
FBgn0260436	0	0	0	NA
FBgn0260437	73	73	146	0.5
FBgn0260439	227	239	466	0.487124463519313
FBgn0260440	161	141	302	0.533112582781457
FBgn0260442	903	901	1804	0.500554323725055
FBgn0260444	89	89	178	0.5
FBgn0260446	372	384	756	0.492063492063492
FBgn0260447	0	5	5	0
FBgn0260450	131	0	131	1
FBgn0260451	0	0	0	NA
FBgn0260452	39	53	92	0.423913043478261
FBgn0260453	0	0	0	NA
FBgn0260454	0	0	0	NA
FBgn0260455	0	0	0	NA
FBgn0260456	48	37	85	0.564705882352941
FBgn0260458	0	0	0	NA
FBgn0260459	77	85	162	0.475308641975309
FBgn0260461	0	0	0	NA
FBgn0260462	51	49	100	0.51
FBgn0260463	0	0	0	NA
FBgn0260464	0	0	0	NA
FBgn0260466	0	0	0	NA
FBgn0260467	0	0	0	NA
FBgn0260468	0	0	0	NA
FBgn0260469	0	0	0	NA
FBgn0260470	0	0	0	NA
FBgn0260474	95	102	197	0.482233502538071
FBgn0260475	1	0	1	1
FBgn0260477	50	49	99	0.505050505050505
FBgn0260479	0	0	0	NA
FBgn0260480	34	45	79	0.430379746835443
FBgn0260481	42	43	85	0.494117647058824
FBgn0260482	115	1	116	0.991379310344828
FBgn0260484	38	3	41	0.926829268292683
FBgn0260486	674	664	1338	0.503736920777279
FBgn0260487	342	346	688	0.497093023255814
FBgn0260499	287	285	572	0.501748251748252
FBgn0260632	305	297	602	0.506644518272425
FBgn0260634	249	257	506	0.492094861660079
FBgn0260635	141	151	292	0.482876712328767
FBgn0260639	72	102	174	0.413793103448276
FBgn0260642	217	210	427	0.508196721311475
FBgn0260643	79	72	151	0.52317880794702
FBgn0260644	37	22	59	0.627118644067797
FBgn0260645	0	0	0	NA
FBgn0260646	36	45	81	0.444444444444444
FBgn0260648	7	10	17	0.411764705882353
FBgn0260653	143	157	300	0.476666666666667
FBgn0260655	78	84	162	0.481481481481481
FBgn0260657	380	415	795	0.477987421383648
FBgn0260658	619	10	629	0.984101748807631
FBgn0260659	59	42	101	0.584158415841584
FBgn0260660	632	530	1162	0.543889845094664
FBgn0260713	0	0	0	NA
FBgn0260718	25	20	45	0.555555555555556
FBgn0260719	12	20	32	0.375
FBgn0260720	53	44	97	0.54639175257732
FBgn0260721	50	40	90	0.555555555555556
FBgn0260722	88	83	171	0.514619883040936
FBgn0260741	65	50	115	0.565217391304348
FBgn0260742	106	95	201	0.527363184079602
FBgn0260743	76	62	138	0.550724637681159
FBgn0260744	32	37	69	0.463768115942029
FBgn0260745	197	228	425	0.463529411764706
FBgn0260746	159	136	295	0.538983050847458
FBgn0260747	120	0	120	1
FBgn0260748	277	0	277	1
FBgn0260749	374	376	750	0.498666666666667
FBgn0260750	118	87	205	0.575609756097561
FBgn0260753	374	1	375	0.997333333333333
FBgn0260755	115	125	240	0.479166666666667
FBgn0260756	57	67	124	0.459677419354839
FBgn0260758	14	28	42	0.333333333333333
FBgn0260759	0	0	0	NA
FBgn0260760	0	0	0	NA
FBgn0260761	0	0	0	NA
FBgn0260762	0	0	0	NA
FBgn0260763	87	91	178	0.48876404494382
FBgn0260764	73	70	143	0.510489510489511
FBgn0260766	59	69	128	0.4609375
FBgn0260767	0	0	0	NA
FBgn0260768	60	45	105	0.571428571428571
FBgn0260770	0	0	0	NA
FBgn0260771	96	1	97	0.989690721649485
FBgn0260775	0	0	0	NA
FBgn0260776	135	141	276	0.489130434782609
FBgn0260777	62	68	130	0.476923076923077
FBgn0260779	110	91	201	0.54726368159204
FBgn0260780	236	0	236	1
FBgn0260789	243	7	250	0.972
FBgn0260793	224	220	444	0.504504504504504
FBgn0260794	226	229	455	0.496703296703297
FBgn0260795	239	267	506	0.472332015810277
FBgn0260798	74	75	149	0.496644295302013
FBgn0260799	71	72	143	0.496503496503497
FBgn0260812	25	0	25	1
FBgn0260817	118	138	256	0.4609375
FBgn0260855	77	0	77	1
FBgn0260856	0	0	0	NA
FBgn0260857	22	39	61	0.360655737704918
FBgn0260858	19	0	19	1
FBgn0260859	4	5	9	0.444444444444444
FBgn0260860	103	106	209	0.492822966507177
FBgn0260861	33	40	73	0.452054794520548
FBgn0260862	57	61	118	0.483050847457627
FBgn0260866	196	191	387	0.506459948320413
FBgn0260867	32	1	33	0.96969696969697
FBgn0260868	26	0	26	1
FBgn0260869	56	13	69	0.811594202898551
FBgn0260870	28	0	28	1
FBgn0260871	18	0	18	1
FBgn0260873	63	0	63	1
FBgn0260874	45	48	93	0.483870967741935
FBgn0260932	38	43	81	0.469135802469136
FBgn0260933	347	353	700	0.495714285714286
FBgn0260934	436	460	896	0.486607142857143
FBgn0260935	175	204	379	0.461741424802111
FBgn0260936	139	161	300	0.463333333333333
FBgn0260938	378	2	380	0.994736842105263
FBgn0260940	65	49	114	0.570175438596491
FBgn0260941	561	574	1135	0.494273127753304
FBgn0260942	96	109	205	0.468292682926829
FBgn0260943	705	616	1321	0.533686601059803
FBgn0260944	40	42	82	0.48780487804878
FBgn0260945	222	184	406	0.54679802955665
FBgn0260953	0	0	0	NA
FBgn0260954	0	0	0	NA
FBgn0260955	36	27	63	0.571428571428571
FBgn0260959	271	257	528	0.513257575757576
FBgn0260960	131	164	295	0.444067796610169
FBgn0260962	113	114	227	0.497797356828194
FBgn0260964	452	417	869	0.520138089758343
FBgn0260965	754	751	1505	0.500996677740864
FBgn0260967	68	88	156	0.435897435897436
FBgn0260968	12	21	33	0.363636363636364
FBgn0260969	21	25	46	0.456521739130435
FBgn0260970	65	0	65	1
FBgn0260971	443	2	445	0.995505617977528
FBgn0260972	23	15	38	0.605263157894737
FBgn0260985	79	93	172	0.459302325581395
FBgn0260986	35	0	35	1
FBgn0260987	122	107	229	0.532751091703057
FBgn0260990	214	186	400	0.535
FBgn0260991	62	64	126	0.492063492063492
FBgn0260995	17	13	30	0.566666666666667
FBgn0260996	52	58	110	0.472727272727273
FBgn0260997	18	35	53	0.339622641509434
FBgn0261004	25	34	59	0.423728813559322
FBgn0261006	10	5	15	0.666666666666667
FBgn0261015	52	32	84	0.619047619047619
FBgn0261016	239	250	489	0.488752556237219
FBgn0261019	0	0	0	NA
FBgn0261020	126	150	276	0.456521739130435
FBgn0261041	519	506	1025	0.506341463414634
FBgn0261046	930	858	1788	0.520134228187919
FBgn0261049	21	9	30	0.7
FBgn0261053	339	332	671	0.50521609538003
FBgn0261054	88	85	173	0.508670520231214
FBgn0261055	27	25	52	0.519230769230769
FBgn0261057	38	43	81	0.469135802469136
FBgn0261058	54	46	100	0.54
FBgn0261059	9	4	13	0.692307692307692
FBgn0261060	56	40	96	0.583333333333333
FBgn0261061	19	18	37	0.513513513513513
FBgn0261064	88	64	152	0.578947368421053
FBgn0261065	158	133	291	0.542955326460481
FBgn0261067	44	52	96	0.458333333333333
FBgn0261068	41	38	79	0.518987341772152
FBgn0261085	301	0	301	1
FBgn0261086	10	8	18	0.555555555555556
FBgn0261089	255	268	523	0.487571701720841
FBgn0261090	342	320	662	0.516616314199396
FBgn0261108	0	0	0	NA
FBgn0261109	16	19	35	0.457142857142857
FBgn0261111	83	83	166	0.5
FBgn0261112	83	61	144	0.576388888888889
FBgn0261113	257	282	539	0.476808905380334
FBgn0261119	84	94	178	0.471910112359551
FBgn0261238	287	288	575	0.499130434782609
FBgn0261239	96	88	184	0.521739130434783
FBgn0261243	280	267	547	0.511882998171846
FBgn0261244	420	1	421	0.997624703087886
FBgn0261245	74	0	74	1
FBgn0261258	69	71	140	0.492857142857143
FBgn0261260	726	6	732	0.991803278688525
FBgn0261261	73	65	138	0.528985507246377
FBgn0261262	282	258	540	0.522222222222222
FBgn0261266	20	5	25	0.8
FBgn0261267	25	16	41	0.609756097560976
FBgn0261268	215	198	413	0.520581113801453
FBgn0261269	221	193	414	0.533816425120773
FBgn0261270	83	67	150	0.553333333333333
FBgn0261274	190	226	416	0.456730769230769
FBgn0261276	201	168	369	0.544715447154472
FBgn0261277	69	1	70	0.985714285714286
FBgn0261278	128	104	232	0.551724137931034
FBgn0261279	356	363	719	0.495132127955494
FBgn0261283	95	77	172	0.552325581395349
FBgn0261284	56	0	56	1
FBgn0261285	244	212	456	0.535087719298246
FBgn0261286	199	166	365	0.545205479452055
FBgn0261287	210	163	373	0.563002680965147
FBgn0261289	44	33	77	0.571428571428571
FBgn0261290	23	11	34	0.676470588235294
FBgn0261291	65	43	108	0.601851851851852
FBgn0261292	82	92	174	0.471264367816092
FBgn0261293	88	95	183	0.480874316939891
FBgn0261294	43	33	76	0.565789473684211
FBgn0261341	117	136	253	0.462450592885375
FBgn0261349	92	73	165	0.557575757575758
FBgn0261353	0	0	0	NA
FBgn0261356	82	96	178	0.460674157303371
FBgn0261357	0	0	0	NA
FBgn0261358	0	0	0	NA
FBgn0261360	0	0	0	NA
FBgn0261361	0	0	0	NA
FBgn0261363	171	173	344	0.497093023255814
FBgn0261373	7	12	19	0.368421052631579
FBgn0261380	72	58	130	0.553846153846154
FBgn0261381	0	0	0	NA
FBgn0261383	231	2	233	0.991416309012876
FBgn0261385	72	68	140	0.514285714285714
FBgn0261386	0	0	0	NA
FBgn0261387	107	114	221	0.484162895927602
FBgn0261393	20	23	43	0.465116279069767
FBgn0261394	75	89	164	0.457317073170732
FBgn0261395	40	46	86	0.465116279069767
FBgn0261396	59	49	108	0.546296296296296
FBgn0261397	127	148	275	0.461818181818182
FBgn0261399	0	0	0	NA
FBgn0261401	158	185	343	0.46064139941691
FBgn0261402	132	124	256	0.515625
FBgn0261403	109	75	184	0.592391304347826
FBgn0261429	179	170	349	0.512893982808023
FBgn0261434	5	20	25	0.2
FBgn0261436	43	30	73	0.589041095890411
FBgn0261437	73	69	142	0.514084507042254
FBgn0261439	231	176	407	0.567567567567568
FBgn0261444	491	3	494	0.993927125506073
FBgn0261445	138	162	300	0.46
FBgn0261446	13	0	13	1
FBgn0261452	0	0	0	NA
FBgn0261453	0	0	0	NA
FBgn0261454	0	0	0	NA
FBgn0261455	1	0	1	1
FBgn0261456	167	167	334	0.5
FBgn0261458	184	200	384	0.479166666666667
FBgn0261461	409	0	409	1
FBgn0261477	163	141	304	0.536184210526316
FBgn0261479	1	0	1	1
FBgn0261501	27	28	55	0.490909090909091
FBgn0261502	40	31	71	0.563380281690141
FBgn0261503	69	77	146	0.472602739726027
FBgn0261504	0	0	0	NA
FBgn0261505	0	0	0	NA
FBgn0261506	38	40	78	0.487179487179487
FBgn0261507	10	14	24	0.416666666666667
FBgn0261508	6	2	8	0.75
FBgn0261509	547	571	1118	0.489266547406082
FBgn0261514	194	184	378	0.513227513227513
FBgn0261522	28	0	28	1
FBgn0261523	64	70	134	0.477611940298507
FBgn0261524	98	1	99	0.98989898989899
FBgn0261526	299	287	586	0.510238907849829
FBgn0261529	382	373	755	0.505960264900662
FBgn0261530	164	186	350	0.468571428571429
FBgn0261531	3	4	7	0.428571428571429
FBgn0261532	125	159	284	0.440140845070423
FBgn0261534	36	29	65	0.553846153846154
FBgn0261535	158	137	295	0.535593220338983
FBgn0261536	0	0	0	NA
FBgn0261537	0	0	0	NA
FBgn0261538	0	0	0	NA
FBgn0261545	264	277	541	0.487985212569316
FBgn0261547	499	489	988	0.505060728744939
FBgn0261549	911	6	917	0.993456924754635
FBgn0261550	257	227	484	0.53099173553719
FBgn0261552	349	363	712	0.490168539325843
FBgn0261553	500	528	1028	0.486381322957198
FBgn0261554	259	268	527	0.49146110056926
FBgn0261555	376	361	737	0.510176390773406
FBgn0261556	383	383	766	0.5
FBgn0261560	75	84	159	0.471698113207547
FBgn0261561	6	3	9	0.666666666666667
FBgn0261562	108	98	206	0.524271844660194
FBgn0261563	870	927	1797	0.484140233722871
FBgn0261564	249	255	504	0.494047619047619
FBgn0261565	848	842	1690	0.501775147928994
FBgn0261566	40	26	66	0.606060606060606
FBgn0261567	48	48	96	0.5
FBgn0261568	11	15	26	0.423076923076923
FBgn0261570	533	5	538	0.990706319702602
FBgn0261571	254	229	483	0.525879917184265
FBgn0261573	387	2	389	0.994858611825193
FBgn0261574	243	275	518	0.469111969111969
FBgn0261575	48	48	96	0.5
FBgn0261580	0	0	0	NA
FBgn0261581	29	24	53	0.547169811320755
FBgn0261582	70	81	151	0.463576158940397
FBgn0261583	26	32	58	0.448275862068966
FBgn0261584	79	103	182	0.434065934065934
FBgn0261586	21	15	36	0.583333333333333
FBgn0261587	45	50	95	0.473684210526316
FBgn0261588	225	236	461	0.488069414316703
FBgn0261592	48	0	48	1
FBgn0261596	25	23	48	0.520833333333333
FBgn0261597	168	182	350	0.48
FBgn0261599	20	15	35	0.571428571428571
FBgn0261602	105	102	207	0.507246376811594
FBgn0261608	38	39	77	0.493506493506494
FBgn0261609	53	0	53	1
FBgn0261610	258	2	260	0.992307692307692
FBgn0261611	215	171	386	0.55699481865285
FBgn0261612	443	440	883	0.501698754246886
FBgn0261614	40	60	100	0.4
FBgn0261615	38	0	38	1
FBgn0261616	88	0	88	1
FBgn0261617	539	3	542	0.994464944649446
FBgn0261618	450	438	888	0.506756756756757
FBgn0261624	85	0	85	1
FBgn0261625	382	338	720	0.530555555555556
FBgn0261627	53	48	101	0.524752475247525
FBgn0261628	90	104	194	0.463917525773196
FBgn0261630	83	109	192	0.432291666666667
FBgn0261631	35	43	78	0.448717948717949
FBgn0261632	41	51	92	0.445652173913043
FBgn0261633	60	46	106	0.566037735849057
FBgn0261634	15	23	38	0.394736842105263
FBgn0261635	67	56	123	0.544715447154472
FBgn0261636	43	44	87	0.494252873563218
FBgn0261638	90	84	174	0.517241379310345
FBgn0261639	0	0	0	NA
FBgn0261640	0	0	0	NA
FBgn0261641	92	107	199	0.462311557788945
FBgn0261647	230	209	439	0.523917995444191
FBgn0261648	336	326	662	0.507552870090634
FBgn0261649	597	563	1160	0.514655172413793
FBgn0261671	548	588	1136	0.482394366197183
FBgn0261673	259	260	519	0.499036608863198
FBgn0261674	201	155	356	0.564606741573034
FBgn0261675	265	0	265	1
FBgn0261679	0	0	0	NA
FBgn0261680	0	0	0	NA
FBgn0261681	22	21	43	0.511627906976744
FBgn0261682	27	16	43	0.627906976744186
FBgn0261683	0	0	0	NA
FBgn0261686	43	33	76	0.565789473684211
FBgn0261697	0	0	0	NA
FBgn0261698	570	475	1045	0.545454545454545
FBgn0261700	56	55	111	0.504504504504504
FBgn0261702	0	0	0	NA
FBgn0261703	210	1	211	0.995260663507109
FBgn0261704	0	0	0	NA
FBgn0261705	207	194	401	0.516209476309227
FBgn0261706	16	12	28	0.571428571428571
FBgn0261707	68	58	126	0.53968253968254
FBgn0261709	24	15	39	0.615384615384615
FBgn0261710	381	4	385	0.98961038961039
FBgn0261714	188	175	363	0.517906336088154
FBgn0261722	164	177	341	0.480938416422287
FBgn0261723	193	199	392	0.49234693877551
FBgn0261786	183	213	396	0.462121212121212
FBgn0261787	170	165	335	0.507462686567164
FBgn0261788	1547	1441	2988	0.517737617135207
FBgn0261789	0	0	0	NA
FBgn0261790	13	14	27	0.481481481481481
FBgn0261791	62	0	62	1
FBgn0261792	75	73	148	0.506756756756757
FBgn0261793	357	4	361	0.988919667590028
FBgn0261794	283	300	583	0.485420240137221
FBgn0261797	653	664	1317	0.4958238420653
FBgn0261799	222	214	436	0.509174311926605
FBgn0261800	457	413	870	0.525287356321839
FBgn0261801	254	249	503	0.504970178926441
FBgn0261802	597	578	1175	0.508085106382979
FBgn0261803	158	0	158	1
FBgn0261804	330	347	677	0.487444608567208
FBgn0261805	71	59	130	0.546153846153846
FBgn0261806	64	64	128	0.5
FBgn0261807	46	52	98	0.469387755102041
FBgn0261808	177	186	363	0.487603305785124
FBgn0261811	384	2	386	0.994818652849741
FBgn0261813	0	0	0	NA
FBgn0261814	10	10	20	0.5
FBgn0261816	72	79	151	0.47682119205298
FBgn0261817	20	17	37	0.540540540540541
FBgn0261822	556	575	1131	0.491600353669319
FBgn0261823	307	302	609	0.504105090311987
FBgn0261830	73	61	134	0.544776119402985
FBgn0261831	56	59	115	0.48695652173913
FBgn0261832	29	32	61	0.475409836065574
FBgn0261833	67	65	132	0.507575757575758
FBgn0261834	50	0	50	1
FBgn0261835	77	1	78	0.987179487179487
FBgn0261836	4309	4232	8541	0.504507668891231
FBgn0261837	0	0	0	NA
FBgn0261838	0	0	0	NA
FBgn0261839	0	0	0	NA
FBgn0261840	0	0	0	NA
FBgn0261841	0	0	0	NA
FBgn0261842	0	0	0	NA
FBgn0261843	0	0	0	NA
FBgn0261844	0	0	0	NA
FBgn0261845	0	0	0	NA
FBgn0261846	3	1	4	0.75
FBgn0261847	33	34	67	0.492537313432836
FBgn0261848	59	0	59	1
FBgn0261849	24	0	24	1
FBgn0261850	205	211	416	0.492788461538462
FBgn0261853	78	106	184	0.423913043478261
FBgn0261854	477	486	963	0.495327102803738
FBgn0261856	0	0	0	NA
FBgn0261857	77	66	143	0.538461538461538
FBgn0261858	21	27	48	0.4375
FBgn0261859	199	221	420	0.473809523809524
FBgn0261860	79	56	135	0.585185185185185
FBgn0261861	97	89	186	0.521505376344086
FBgn0261862	211	202	413	0.51089588377724
FBgn0261871	239	264	503	0.475149105367793
FBgn0261872	273	277	550	0.496363636363636
FBgn0261873	783	5	788	0.993654822335025
FBgn0261881	53	34	87	0.609195402298851
FBgn0261885	478	491	969	0.493292053663571
FBgn0261924	8	16	24	0.333333333333333
FBgn0261925	46	51	97	0.474226804123711
FBgn0261927	55	0	55	1
FBgn0261928	175	193	368	0.47554347826087
FBgn0261929	158	178	336	0.470238095238095
FBgn0261930	169	1	170	0.994117647058824
FBgn0261931	471	2	473	0.995771670190275
FBgn0261932	78	70	148	0.527027027027027
FBgn0261933	71	70	141	0.50354609929078
FBgn0261934	481	453	934	0.514989293361884
FBgn0261938	274	305	579	0.473229706390328
FBgn0261952	71	43	114	0.62280701754386
FBgn0261953	78	78	156	0.5
FBgn0261954	299	1	300	0.996666666666667
FBgn0261955	134	0	134	1
FBgn0261963	243	225	468	0.519230769230769
FBgn0261973	0	0	0	NA
FBgn0261974	0	0	0	NA
FBgn0261975	25	27	52	0.480769230769231
FBgn0261976	59	60	119	0.495798319327731
FBgn0261983	146	150	296	0.493243243243243
FBgn0261984	218	238	456	0.478070175438596
FBgn0261985	196	192	388	0.505154639175258
FBgn0261986	151	170	321	0.470404984423676
FBgn0261987	269	249	518	0.519305019305019
FBgn0261988	157	147	304	0.516447368421053
FBgn0261989	179	182	361	0.49584487534626
FBgn0261990	42	41	83	0.506024096385542
FBgn0261991	55	65	120	0.458333333333333
FBgn0261992	68	62	130	0.523076923076923
FBgn0261993	40	40	80	0.5
FBgn0261994	40	35	75	0.533333333333333
FBgn0261995	69	78	147	0.469387755102041
FBgn0261996	57	40	97	0.587628865979381
FBgn0261997	11	5	16	0.6875
FBgn0261998	183	189	372	0.491935483870968
FBgn0261999	405	431	836	0.48444976076555
FBgn0262000	265	217	482	0.549792531120332
FBgn0262001	42	33	75	0.56
FBgn0262002	184	164	348	0.528735632183908
FBgn0262003	80	126	206	0.388349514563107
FBgn0262004	77	166	243	0.316872427983539
FBgn0262005	50	33	83	0.602409638554217
FBgn0262006	44	58	102	0.431372549019608
FBgn0262007	148	172	320	0.4625
FBgn0262008	98	98	196	0.5
FBgn0262009	73	72	145	0.503448275862069
FBgn0262010	35	43	78	0.448717948717949
FBgn0262017	70	65	135	0.518518518518518
FBgn0262018	485	523	1008	0.481150793650794
FBgn0262020	88	131	219	0.401826484018265
FBgn0262021	25	34	59	0.423728813559322
FBgn0262022	4	2	6	0.666666666666667
FBgn0262023	64	114	178	0.359550561797753
FBgn0262024	48	42	90	0.533333333333333
FBgn0262025	57	44	101	0.564356435643564
FBgn0262026	0	0	0	NA
FBgn0262027	27	31	58	0.46551724137931
FBgn0262028	126	136	262	0.480916030534351
FBgn0262029	345	337	682	0.505865102639296
FBgn0262030	132	123	255	0.517647058823529
FBgn0262031	0	0	0	NA
FBgn0262033	62	48	110	0.563636363636364
FBgn0262035	0	0	0	NA
FBgn0262036	50	37	87	0.574712643678161
FBgn0262057	18	23	41	0.439024390243902
FBgn0262081	166	203	369	0.449864498644986
FBgn0262097	133	153	286	0.465034965034965
FBgn0262098	43	55	98	0.438775510204082
FBgn0262099	48	35	83	0.578313253012048
FBgn0262100	36	39	75	0.48
FBgn0262101	76	0	76	1
FBgn0262102	55	66	121	0.454545454545455
FBgn0262103	357	354	711	0.50210970464135
FBgn0262104	0	0	0	NA
FBgn0262105	15	13	28	0.535714285714286
FBgn0262106	110	131	241	0.45643153526971
FBgn0262107	18	23	41	0.439024390243902
FBgn0262108	53	1	54	0.981481481481482
FBgn0262109	0	0	0	NA
FBgn0262111	641	7	648	0.989197530864197
FBgn0262112	82	92	174	0.471264367816092
FBgn0262114	168	146	314	0.535031847133758
FBgn0262115	42	41	83	0.506024096385542
FBgn0262116	47	52	99	0.474747474747475
FBgn0262117	68	71	139	0.489208633093525
FBgn0262123	15	12	27	0.555555555555556
FBgn0262124	105	102	207	0.507246376811594
FBgn0262125	31	23	54	0.574074074074074
FBgn0262126	200	216	416	0.480769230769231
FBgn0262127	193	208	401	0.481296758104738
FBgn0262139	294	322	616	0.477272727272727
FBgn0262140	36	37	73	0.493150684931507
FBgn0262141	35	44	79	0.443037974683544
FBgn0262142	9	13	22	0.409090909090909
FBgn0262143	46	32	78	0.58974358974359
FBgn0262144	36	42	78	0.461538461538462
FBgn0262146	74	64	138	0.536231884057971
FBgn0262148	126	118	244	0.516393442622951
FBgn0262149	39	38	77	0.506493506493506
FBgn0262150	118	106	224	0.526785714285714
FBgn0262160	238	263	501	0.475049900199601
FBgn0262163	44	0	44	1
FBgn0262166	112	88	200	0.56
FBgn0262167	264	247	511	0.516634050880626
FBgn0262169	112	92	204	0.549019607843137
FBgn0262170	47	64	111	0.423423423423423
FBgn0262172	4	3	7	0.571428571428571
FBgn0262174	0	0	0	NA
FBgn0262177	0	0	0	NA
FBgn0262178	6	0	6	1
FBgn0262180	0	1	1	0
FBgn0262181	20	0	20	1
FBgn0262182	3	1	4	0.75
FBgn0262185	0	0	0	NA
FBgn0262187	0	0	0	NA
FBgn0262189	0	0	0	NA
FBgn0262191	0	0	0	NA
FBgn0262194	0	0	0	NA
FBgn0262200	14	15	29	0.482758620689655
FBgn0262201	9	0	9	1
FBgn0262203	32	25	57	0.56140350877193
FBgn0262204	5	4	9	0.555555555555556
FBgn0262205	20	16	36	0.555555555555556
FBgn0262210	14	0	14	1
FBgn0262211	1	0	1	1
FBgn0262213	0	0	0	NA
FBgn0262214	0	0	0	NA
FBgn0262215	28	15	43	0.651162790697674
FBgn0262216	12	0	12	1
FBgn0262220	0	0	0	NA
FBgn0262222	20	0	20	1
FBgn0262223	15	12	27	0.555555555555556
FBgn0262227	13	10	23	0.565217391304348
FBgn0262228	0	0	0	NA
FBgn0262233	0	0	0	NA
FBgn0262235	4	0	4	1
FBgn0262237	27	0	27	1
FBgn0262239	0	0	0	NA
FBgn0262243	8	7	15	0.533333333333333
FBgn0262249	0	0	0	NA
FBgn0262251	2	0	2	1
FBgn0262252	6	20	26	0.230769230769231
FBgn0262256	6	11	17	0.352941176470588
FBgn0262260	6	2	8	0.75
FBgn0262263	14	0	14	1
FBgn0262266	0	0	0	NA
FBgn0262269	4	3	7	0.571428571428571
FBgn0262272	0	0	0	NA
FBgn0262275	0	0	0	NA
FBgn0262279	3	0	3	1
FBgn0262282	1	0	1	1
FBgn0262283	0	0	0	NA
FBgn0262286	0	0	0	NA
FBgn0262290	0	0	0	NA
FBgn0262291	12	10	22	0.545454545454545
FBgn0262293	0	0	0	NA
FBgn0262297	0	0	0	NA
FBgn0262300	0	0	0	NA
FBgn0262301	0	0	0	NA
FBgn0262302	0	0	0	NA
FBgn0262307	14	20	34	0.411764705882353
FBgn0262314	0	0	0	NA
FBgn0262315	13	6	19	0.684210526315789
FBgn0262316	2	1	3	0.666666666666667
FBgn0262317	0	1	1	0
FBgn0262319	0	0	0	NA
FBgn0262321	0	1	1	0
FBgn0262323	0	0	0	NA
FBgn0262327	28	28	56	0.5
FBgn0262330	8	3	11	0.727272727272727
FBgn0262331	2	0	2	1
FBgn0262332	0	0	0	NA
FBgn0262333	0	0	0	NA
FBgn0262334	0	0	0	NA
FBgn0262335	19	0	19	1
FBgn0262338	10	0	10	1
FBgn0262339	19	1	20	0.95
FBgn0262341	0	0	0	NA
FBgn0262351	55	57	112	0.491071428571429
FBgn0262352	110	126	236	0.466101694915254
FBgn0262353	22	26	48	0.458333333333333
FBgn0262354	47	59	106	0.443396226415094
FBgn0262355	57	63	120	0.475
FBgn0262356	56	54	110	0.509090909090909
FBgn0262357	69	78	147	0.469387755102041
FBgn0262358	75	47	122	0.614754098360656
FBgn0262359	36	34	70	0.514285714285714
FBgn0262360	31	42	73	0.424657534246575
FBgn0262361	47	47	94	0.5
FBgn0262362	36	69	105	0.342857142857143
FBgn0262363	57	48	105	0.542857142857143
FBgn0262364	24	43	67	0.358208955223881
FBgn0262365	52	51	103	0.504854368932039
FBgn0262366	170	176	346	0.491329479768786
FBgn0262367	0	0	0	NA
FBgn0262368	0	0	0	NA
FBgn0262369	28	0	28	1
FBgn0262370	9	16	25	0.36
FBgn0262371	14	15	29	0.482758620689655
FBgn0262372	0	0	0	NA
FBgn0262373	0	0	0	NA
FBgn0262374	0	0	0	NA
FBgn0262375	0	0	0	NA
FBgn0262376	5	3	8	0.625
FBgn0262377	8	9	17	0.470588235294118
FBgn0262378	0	0	0	NA
FBgn0262379	0	0	0	NA
FBgn0262380	0	0	0	NA
FBgn0262381	0	0	0	NA
FBgn0262382	0	0	0	NA
FBgn0262383	0	0	0	NA
FBgn0262384	0	0	0	NA
FBgn0262385	0	0	0	NA
FBgn0262386	0	1	1	0
FBgn0262387	4	4	8	0.5
FBgn0262388	0	0	0	NA
FBgn0262389	0	0	0	NA
FBgn0262390	18	0	18	1
FBgn0262391	0	0	0	NA
FBgn0262392	0	0	0	NA
FBgn0262393	0	2	2	0
FBgn0262395	15	0	15	1
FBgn0262396	2	4	6	0.333333333333333
FBgn0262397	0	0	0	NA
FBgn0262398	0	0	0	NA
FBgn0262400	16	20	36	0.444444444444444
FBgn0262401	20	29	49	0.408163265306122
FBgn0262402	2	1	3	0.666666666666667
FBgn0262403	0	0	0	NA
FBgn0262404	0	0	0	NA
FBgn0262405	11	19	30	0.366666666666667
FBgn0262406	0	0	0	NA
FBgn0262407	2	2	4	0.5
FBgn0262408	0	0	0	NA
FBgn0262409	2	0	2	1
FBgn0262410	0	0	0	NA
FBgn0262411	1	1	2	0.5
FBgn0262412	0	0	0	NA
FBgn0262413	4	6	10	0.4
FBgn0262414	0	0	0	NA
FBgn0262415	17	27	44	0.386363636363636
FBgn0262416	33	21	54	0.611111111111111
FBgn0262417	0	0	0	NA
FBgn0262418	0	0	0	NA
FBgn0262419	0	0	0	NA
FBgn0262420	5	2	7	0.714285714285714
FBgn0262421	0	0	0	NA
FBgn0262422	0	0	0	NA
FBgn0262424	0	0	0	NA
FBgn0262425	5	4	9	0.555555555555556
FBgn0262426	18	0	18	1
FBgn0262427	0	0	0	NA
FBgn0262428	0	0	0	NA
FBgn0262429	0	0	0	NA
FBgn0262430	0	0	0	NA
FBgn0262431	0	0	0	NA
FBgn0262432	0	0	0	NA
FBgn0262433	28	0	28	1
FBgn0262434	13	9	22	0.590909090909091
FBgn0262435	0	0	0	NA
FBgn0262436	0	0	0	NA
FBgn0262437	32	39	71	0.450704225352113
FBgn0262438	0	0	0	NA
FBgn0262440	33	18	51	0.647058823529412
FBgn0262441	0	0	0	NA
FBgn0262442	0	0	0	NA
FBgn0262443	0	0	0	NA
FBgn0262444	0	0	0	NA
FBgn0262445	12	7	19	0.631578947368421
FBgn0262446	33	27	60	0.55
FBgn0262447	0	0	0	NA
FBgn0262448	0	0	0	NA
FBgn0262449	11	18	29	0.379310344827586
FBgn0262450	1	0	1	1
FBgn0262451	0	0	0	NA
FBgn0262452	2	1	3	0.666666666666667
FBgn0262453	0	0	0	NA
FBgn0262454	0	0	0	NA
FBgn0262455	0	0	0	NA
FBgn0262456	0	0	0	NA
FBgn0262457	0	0	0	NA
FBgn0262458	9	5	14	0.642857142857143
FBgn0262459	0	0	0	NA
FBgn0262460	1	3	4	0.25
FBgn0262461	0	0	0	NA
FBgn0262462	0	0	0	NA
FBgn0262463	0	0	0	NA
FBgn0262464	0	0	0	NA
FBgn0262467	23	13	36	0.638888888888889
FBgn0262473	256	268	524	0.488549618320611
FBgn0262475	591	544	1135	0.520704845814978
FBgn0262476	360	322	682	0.527859237536657
FBgn0262477	131	122	253	0.517786561264822
FBgn0262478	37	40	77	0.480519480519481
FBgn0262479	29	31	60	0.483333333333333
FBgn0262480	60	52	112	0.535714285714286
FBgn0262481	38	22	60	0.633333333333333
FBgn0262482	7	10	17	0.411764705882353
FBgn0262483	267	234	501	0.532934131736527
FBgn0262484	88	93	181	0.486187845303867
FBgn0262485	54	0	54	1
FBgn0262486	36	0	36	1
FBgn0262487	91	0	91	1
FBgn0262508	933	869	1802	0.517758046614872
FBgn0262509	478	437	915	0.522404371584699
FBgn0262510	0	0	0	NA
FBgn0262511	252	245	497	0.507042253521127
FBgn0262512	13	13	26	0.5
FBgn0262513	6	15	21	0.285714285714286
FBgn0262514	17	18	35	0.485714285714286
FBgn0262515	101	95	196	0.51530612244898
FBgn0262516	0	0	0	NA
FBgn0262517	48	56	104	0.461538461538462
FBgn0262518	94	134	228	0.412280701754386
FBgn0262519	98	112	210	0.466666666666667
FBgn0262524	37	42	79	0.468354430379747
FBgn0262527	60	70	130	0.461538461538462
FBgn0262528	62	44	106	0.584905660377358
FBgn0262529	49	32	81	0.604938271604938
FBgn0262530	51	31	82	0.621951219512195
FBgn0262531	70	58	128	0.546875
FBgn0262532	30	29	59	0.508474576271186
FBgn0262533	73	47	120	0.608333333333333
FBgn0262534	61	0	61	1
FBgn0262535	55	52	107	0.514018691588785
FBgn0262536	76	1	77	0.987012987012987
FBgn0262537	44	56	100	0.44
FBgn0262538	1	0	1	1
FBgn0262539	28	45	73	0.383561643835616
FBgn0262540	34	24	58	0.586206896551724
FBgn0262541	72	64	136	0.529411764705882
FBgn0262542	61	27	88	0.693181818181818
FBgn0262543	84	72	156	0.538461538461538
FBgn0262544	36	43	79	0.455696202531646
FBgn0262546	39	46	85	0.458823529411765
FBgn0262547	27	21	48	0.5625
FBgn0262559	95	115	210	0.452380952380952
FBgn0262560	80	90	170	0.470588235294118
FBgn0262562	571	606	1177	0.485131690739167
FBgn0262563	22	18	40	0.55
FBgn0262564	93	108	201	0.462686567164179
FBgn0262565	36	28	64	0.5625
FBgn0262566	12	11	23	0.521739130434783
FBgn0262567	6	6	12	0.5
FBgn0262568	83	82	165	0.503030303030303
FBgn0262569	14	7	21	0.666666666666667
FBgn0262570	253	255	508	0.498031496062992
FBgn0262571	58	50	108	0.537037037037037
FBgn0262572	47	68	115	0.408695652173913
FBgn0262574	11	14	25	0.44
FBgn0262575	0	0	0	NA
FBgn0262576	41	31	72	0.569444444444444
FBgn0262577	37	34	71	0.52112676056338
FBgn0262579	640	648	1288	0.496894409937888
FBgn0262580	53	49	102	0.519607843137255
FBgn0262581	62	63	125	0.496
FBgn0262582	499	489	988	0.505060728744939
FBgn0262583	83	62	145	0.572413793103448
FBgn0262587	73	61	134	0.544776119402985
FBgn0262588	77	72	149	0.516778523489933
FBgn0262592	99	81	180	0.55
FBgn0262593	661	670	1331	0.496619083395943
FBgn0262594	61	63	124	0.491935483870968
FBgn0262595	43	58	101	0.425742574257426
FBgn0262598	119	133	252	0.472222222222222
FBgn0262599	181	166	347	0.521613832853026
FBgn0262601	74	65	139	0.532374100719424
FBgn0262604	37	40	77	0.480519480519481
FBgn0262605	55	47	102	0.53921568627451
FBgn0262606	47	0	47	1
FBgn0262607	22	0	22	1
FBgn0262608	54	0	54	1
FBgn0262609	36	0	36	1
FBgn0262610	71	0	71	1
FBgn0262611	20	0	20	1
FBgn0262612	35	0	35	1
FBgn0262613	44	41	85	0.517647058823529
FBgn0262614	535	542	1077	0.496750232126277
FBgn0262616	18	24	42	0.428571428571429
FBgn0262617	326	292	618	0.527508090614887
FBgn0262619	126	138	264	0.477272727272727
FBgn0262620	20	18	38	0.526315789473684
FBgn0262621	19	20	39	0.487179487179487
FBgn0262622	45	52	97	0.463917525773196
FBgn0262623	45	36	81	0.555555555555556
FBgn0262624	164	162	326	0.503067484662577
FBgn0262631	38	43	81	0.469135802469136
FBgn0262636	106	100	206	0.514563106796116
FBgn0262647	253	274	527	0.480075901328273
FBgn0262656	115	1	116	0.991379310344828
FBgn0262679	22	24	46	0.478260869565217
FBgn0262680	9	4	13	0.692307692307692
FBgn0262681	3	6	9	0.333333333333333
FBgn0262682	1	0	1	1
FBgn0262683	76	74	150	0.506666666666667
FBgn0262685	200	0	200	1
FBgn0262686	42	0	42	1
FBgn0262687	33	0	33	1
FBgn0262688	39	33	72	0.541666666666667
FBgn0262689	0	0	0	NA
FBgn0262690	44	71	115	0.382608695652174
FBgn0262699	176	4	180	0.977777777777778
FBgn0262714	193	165	358	0.539106145251397
FBgn0262716	108	79	187	0.577540106951872
FBgn0262717	235	221	456	0.515350877192982
FBgn0262719	497	508	1005	0.49452736318408
FBgn0262721	20	23	43	0.465116279069767
FBgn0262722	35	19	54	0.648148148148148
FBgn0262728	107	109	216	0.49537037037037
FBgn0262730	469	3	472	0.99364406779661
FBgn0262731	15	14	29	0.517241379310345
FBgn0262732	51	57	108	0.472222222222222
FBgn0262733	258	262	520	0.496153846153846
FBgn0262734	195	5	200	0.975
FBgn0262736	64	77	141	0.453900709219858
FBgn0262737	327	264	591	0.553299492385787
FBgn0262738	566	2	568	0.996478873239437
FBgn0262739	382	412	794	0.481108312342569
FBgn0262740	415	0	415	1
FBgn0262741	283	303	586	0.482935153583618
FBgn0262743	209	219	428	0.488317757009346
FBgn0262782	101	116	217	0.465437788018433
FBgn0262786	21	29	50	0.42
FBgn0262787	80	89	169	0.473372781065089
FBgn0262788	27	17	44	0.613636363636364
FBgn0262789	52	55	107	0.485981308411215
FBgn0262790	0	0	0	NA
FBgn0262791	0	0	0	NA
FBgn0262794	46	43	89	0.51685393258427
FBgn0262795	0	0	0	NA
FBgn0262801	29	27	56	0.517857142857143
FBgn0262806	26	28	54	0.481481481481481
FBgn0262807	0	0	0	NA
FBgn0262808	59	61	120	0.491666666666667
FBgn0262810	32	0	32	1
FBgn0262811	13	0	13	1
FBgn0262812	60	42	102	0.588235294117647
FBgn0262813	56	47	103	0.543689320388349
FBgn0262814	59	55	114	0.517543859649123
FBgn0262815	30	40	70	0.428571428571429
FBgn0262816	336	354	690	0.48695652173913
FBgn0262817	42	44	86	0.488372093023256
FBgn0262819	0	0	0	NA
FBgn0262820	75	45	120	0.625
FBgn0262821	67	84	151	0.443708609271523
FBgn0262822	66	0	66	1
FBgn0262823	0	0	0	NA
FBgn0262824	0	0	0	NA
FBgn0262825	23	33	56	0.410714285714286
FBgn0262827	20	0	20	1
FBgn0262828	76	1	77	0.987012987012987
FBgn0262836	0	0	0	NA
FBgn0262837	0	0	0	NA
FBgn0262838	30	19	49	0.612244897959184
FBgn0262839	49	56	105	0.466666666666667
FBgn0262840	14	4	18	0.777777777777778
FBgn0262842	14	25	39	0.358974358974359
FBgn0262843	36	41	77	0.467532467532468
FBgn0262844	50	43	93	0.537634408602151
FBgn0262845	44	27	71	0.619718309859155
FBgn0262846	0	0	0	NA
FBgn0262847	0	0	0	NA
FBgn0262848	0	0	0	NA
FBgn0262849	0	0	0	NA
FBgn0262850	4	0	4	1
FBgn0262851	0	0	0	NA
FBgn0262852	0	0	0	NA
FBgn0262853	0	0	0	NA
FBgn0262854	41	26	67	0.611940298507463
FBgn0262855	28	28	56	0.5
FBgn0262856	14	10	24	0.583333333333333
FBgn0262857	0	0	0	NA
FBgn0262858	17	24	41	0.414634146341463
FBgn0262866	196	2	198	0.98989898989899
FBgn0262867	184	199	383	0.480417754569191
FBgn0262869	352	401	753	0.467463479415671
FBgn0262870	745	654	1399	0.532523230879199
FBgn0262871	200	207	407	0.491400491400491
FBgn0262872	575	586	1161	0.49526270456503
FBgn0262873	40	41	81	0.493827160493827
FBgn0262874	51	0	51	1
FBgn0262875	82	79	161	0.509316770186335
FBgn0262876	118	119	237	0.49789029535865
FBgn0262877	16	13	29	0.551724137931034
FBgn0262878	47	33	80	0.5875
FBgn0262879	77	73	150	0.513333333333333
FBgn0262880	63	57	120	0.525
FBgn0262881	42	34	76	0.552631578947368
FBgn0262882	43	56	99	0.434343434343434
FBgn0262883	41	43	84	0.488095238095238
FBgn0262885	26	12	38	0.684210526315789
FBgn0262886	40	39	79	0.506329113924051
FBgn0262887	32	26	58	0.551724137931034
FBgn0262888	4	1	5	0.8
FBgn0262889	90	82	172	0.523255813953488
FBgn0262890	74	95	169	0.437869822485207
FBgn0262891	62	49	111	0.558558558558559
FBgn0262892	4	2	6	0.666666666666667
FBgn0262893	37	39	76	0.486842105263158
FBgn0262894	36	48	84	0.428571428571429
FBgn0262895	29	39	68	0.426470588235294
FBgn0262896	36	26	62	0.580645161290323
FBgn0262897	54	40	94	0.574468085106383
FBgn0262898	70	76	146	0.479452054794521
FBgn0262899	38	38	76	0.5
FBgn0262900	69	0	69	1
FBgn0262901	95	82	177	0.536723163841808
FBgn0262902	35	36	71	0.492957746478873
FBgn0262903	97	92	189	0.513227513227513
FBgn0262904	72	89	161	0.447204968944099
FBgn0262905	48	0	48	1
FBgn0262937	0	0	0	NA
FBgn0262943	34	45	79	0.430379746835443
FBgn0262944	71	75	146	0.486301369863014
FBgn0262945	30	0	30	1
FBgn0262948	38	50	88	0.431818181818182
FBgn0262951	101	111	212	0.476415094339623
FBgn0262952	7568	30	7598	0.996051592524348
FBgn0262954	58	57	115	0.504347826086956
FBgn0262955	260	229	489	0.531697341513292
FBgn0262960	55	59	114	0.482456140350877
FBgn0262961	58	38	96	0.604166666666667
FBgn0262962	42	47	89	0.471910112359551
FBgn0262963	30	27	57	0.526315789473684
FBgn0262964	54	44	98	0.551020408163265
FBgn0262965	50	51	101	0.495049504950495
FBgn0262966	44	35	79	0.556962025316456
FBgn0262967	18	0	18	1
FBgn0262968	13	0	13	1
FBgn0262969	78	80	158	0.493670886075949
FBgn0262970	45	32	77	0.584415584415584
FBgn0262971	26	16	42	0.619047619047619
FBgn0262972	356	421	777	0.458172458172458
FBgn0262974	41	22	63	0.650793650793651
FBgn0262975	620	604	1224	0.506535947712418
FBgn0262976	106	0	106	1
FBgn0262979	53	0	53	1
FBgn0262980	40	1	41	0.975609756097561
FBgn0262981	48	0	48	1
FBgn0262982	23	29	52	0.442307692307692
FBgn0262983	73	71	144	0.506944444444444
FBgn0262984	38	48	86	0.441860465116279
FBgn0262985	35	37	72	0.486111111111111
FBgn0262986	27	25	52	0.519230769230769
FBgn0262987	41	22	63	0.650793650793651
FBgn0262988	16	15	31	0.516129032258065
FBgn0262989	82	1	83	0.987951807228916
FBgn0262990	30	0	30	1
FBgn0262991	210	0	210	1
FBgn0262992	20	26	46	0.434782608695652
FBgn0262993	35	28	63	0.555555555555556
FBgn0262994	35	24	59	0.593220338983051
FBgn0262995	45	53	98	0.459183673469388
FBgn0262996	54	67	121	0.446280991735537
FBgn0262998	103	76	179	0.575418994413408
FBgn0262999	37	48	85	0.435294117647059
FBgn0263000	6	8	14	0.428571428571429
FBgn0263001	18	12	30	0.6
FBgn0263002	0	0	0	NA
FBgn0263004	17	17	34	0.5
FBgn0263005	248	1	249	0.995983935742972
FBgn0263006	282	272	554	0.509025270758123
FBgn0263018	1	0	1	1
FBgn0263019	535	511	1046	0.511472275334608
FBgn0263020	85	86	171	0.497076023391813
FBgn0263021	64	63	127	0.503937007874016
FBgn0263022	27	25	52	0.519230769230769
FBgn0263023	0	0	0	NA
FBgn0263024	43	33	76	0.565789473684211
FBgn0263025	57	64	121	0.471074380165289
FBgn0263026	58	50	108	0.537037037037037
FBgn0263027	94	90	184	0.510869565217391
FBgn0263029	16	9	25	0.64
FBgn0263030	2	4	6	0.333333333333333
FBgn0263031	0	0	0	NA
FBgn0263032	0	0	0	NA
FBgn0263033	0	0	0	NA
FBgn0263034	34	43	77	0.441558441558442
FBgn0263035	10	13	23	0.434782608695652
FBgn0263036	0	0	0	NA
FBgn0263037	106	112	218	0.486238532110092
FBgn0263038	259	275	534	0.48501872659176
FBgn0263040	71	89	160	0.44375
FBgn0263041	50	51	101	0.495049504950495
FBgn0263042	84	83	167	0.502994011976048
FBgn0263046	0	0	0	NA
FBgn0263047	15	20	35	0.428571428571429
FBgn0263048	226	223	449	0.503340757238307
FBgn0263049	127	94	221	0.574660633484163
FBgn0263050	0	0	0	NA
FBgn0263051	0	0	0	NA
FBgn0263072	438	1	439	0.997722095671982
FBgn0263076	163	198	361	0.451523545706371
FBgn0263077	798	776	1574	0.506988564167726
FBgn0263078	104	108	212	0.490566037735849
FBgn0263079	153	164	317	0.482649842271293
FBgn0263080	49	56	105	0.466666666666667
FBgn0263081	32	27	59	0.542372881355932
FBgn0263082	52	52	104	0.5
FBgn0263083	21	27	48	0.4375
FBgn0263084	50	43	93	0.537634408602151
FBgn0263085	52	52	104	0.5
FBgn0263086	45	37	82	0.548780487804878
FBgn0263087	2	2	4	0.5
FBgn0263088	33	42	75	0.44
FBgn0263089	86	66	152	0.565789473684211
FBgn0263090	55	50	105	0.523809523809524
FBgn0263091	41	35	76	0.539473684210526
FBgn0263092	31	36	67	0.462686567164179
FBgn0263093	0	0	0	NA
FBgn0263094	9	10	19	0.473684210526316
FBgn0263095	59	53	112	0.526785714285714
FBgn0263096	28	28	56	0.5
FBgn0263102	523	495	1018	0.513752455795678
FBgn0263106	74	67	141	0.524822695035461
FBgn0263107	0	0	0	NA
FBgn0263108	292	266	558	0.523297491039427
FBgn0263109	240	200	440	0.545454545454545
FBgn0263110	665	692	1357	0.490051584377303
FBgn0263111	942	4	946	0.995771670190275
FBgn0263112	117	80	197	0.593908629441624
FBgn0263113	262	257	519	0.504816955684008
FBgn0263114	15	11	26	0.576923076923077
FBgn0263116	285	323	608	0.46875
FBgn0263117	315	258	573	0.549738219895288
FBgn0263118	71	74	145	0.489655172413793
FBgn0263120	196	224	420	0.466666666666667
FBgn0263121	0	0	0	NA
FBgn0263130	107	105	212	0.504716981132076
FBgn0263131	660	633	1293	0.510440835266821
FBgn0263132	1025	5	1030	0.995145631067961
FBgn0263133	123	98	221	0.556561085972851
FBgn0263143	0	0	0	NA
FBgn0263144	120	134	254	0.47244094488189
FBgn0263197	398	406	804	0.495024875621891
FBgn0263198	141	155	296	0.476351351351351
FBgn0263199	183	190	373	0.490616621983914
FBgn0263200	25	38	63	0.396825396825397
FBgn0263201	20	16	36	0.555555555555556
FBgn0263206	18	11	29	0.620689655172414
FBgn0263207	0	0	0	NA
FBgn0263208	0	0	0	NA
FBgn0263209	0	0	0	NA
FBgn0263210	0	0	0	NA
FBgn0263211	0	0	0	NA
FBgn0263212	0	0	0	NA
FBgn0263213	0	0	0	NA
FBgn0263214	0	0	0	NA
FBgn0263215	0	0	0	NA
FBgn0263216	45	0	45	1
FBgn0263217	41	35	76	0.539473684210526
FBgn0263219	614	575	1189	0.516400336417157
FBgn0263220	711	7	718	0.99025069637883
FBgn0263231	98	92	190	0.515789473684211
FBgn0263232	72	74	146	0.493150684931507
FBgn0263233	44	32	76	0.578947368421053
FBgn0263234	87	80	167	0.520958083832335
FBgn0263235	92	107	199	0.462311557788945
FBgn0263236	343	363	706	0.485835694050992
FBgn0263237	88	0	88	1
FBgn0263239	201	176	377	0.53315649867374
FBgn0263240	26	13	39	0.666666666666667
FBgn0263241	133	143	276	0.481884057971014
FBgn0263246	76	70	146	0.520547945205479
FBgn0263247	53	38	91	0.582417582417582
FBgn0263248	57	45	102	0.558823529411765
FBgn0263249	0	0	0	NA
FBgn0263250	58	54	112	0.517857142857143
FBgn0263251	0	0	0	NA
FBgn0263256	340	328	668	0.508982035928144
FBgn0263257	821	16	837	0.980884109916368
FBgn0263258	474	1	475	0.997894736842105
FBgn0263260	57	67	124	0.459677419354839
FBgn0263270	48	43	91	0.527472527472527
FBgn0263271	0	0	0	NA
FBgn0263278	139	117	256	0.54296875
FBgn0263289	844	824	1668	0.50599520383693
FBgn0263290	53	55	108	0.490740740740741
FBgn0263314	65	98	163	0.398773006134969
FBgn0263316	234	308	542	0.431734317343173
FBgn0263320	80	69	149	0.536912751677852
FBgn0263321	126	94	220	0.572727272727273
FBgn0263322	22	33	55	0.4
FBgn0263323	56	51	107	0.523364485981308
FBgn0263324	38	37	75	0.506666666666667
FBgn0263325	107	127	234	0.457264957264957
FBgn0263326	31	40	71	0.436619718309859
FBgn0263327	26	37	63	0.412698412698413
FBgn0263328	14	17	31	0.451612903225806
FBgn0263329	42	31	73	0.575342465753425
FBgn0263330	23	27	50	0.46
FBgn0263331	31	18	49	0.63265306122449
FBgn0263332	16	21	37	0.432432432432432
FBgn0263333	49	67	116	0.422413793103448
FBgn0263334	39	42	81	0.481481481481481
FBgn0263335	48	51	99	0.484848484848485
FBgn0263336	54	66	120	0.45
FBgn0263337	0	3	3	0
FBgn0263338	53	57	110	0.481818181818182
FBgn0263339	66	80	146	0.452054794520548
FBgn0263340	27	38	65	0.415384615384615
FBgn0263341	65	67	132	0.492424242424242
FBgn0263342	0	0	0	NA
FBgn0263343	52	55	107	0.485981308411215
FBgn0263344	0	0	0	NA
FBgn0263345	55	51	106	0.518867924528302
FBgn0263346	253	287	540	0.468518518518519
FBgn0263351	41	57	98	0.418367346938776
FBgn0263352	416	348	764	0.544502617801047
FBgn0263353	29	32	61	0.475409836065574
FBgn0263354	251	272	523	0.479923518164436
FBgn0263355	315	233	548	0.574817518248175
FBgn0263376	143	118	261	0.547892720306513
FBgn0263377	1	0	1	1
FBgn0263378	0	0	0	NA
FBgn0263379	118	120	238	0.495798319327731
FBgn0263380	58	61	119	0.487394957983193
FBgn0263381	15	8	23	0.652173913043478
FBgn0263382	60	49	109	0.55045871559633
FBgn0263383	41	34	75	0.546666666666667
FBgn0263384	28	14	42	0.666666666666667
FBgn0263385	1	2	3	0.333333333333333
FBgn0263386	47	59	106	0.443396226415094
FBgn0263387	0	0	0	NA
FBgn0263388	48	52	100	0.48
FBgn0263389	20	28	48	0.416666666666667
FBgn0263390	228	218	446	0.511210762331839
FBgn0263391	765	773	1538	0.49739921976593
FBgn0263392	643	691	1334	0.482008995502249
FBgn0263395	406	378	784	0.517857142857143
FBgn0263396	158	174	332	0.475903614457831
FBgn0263397	554	488	1042	0.531669865642994
FBgn0263398	134	127	261	0.513409961685824
FBgn0263399	66	67	133	0.496240601503759
FBgn0263400	107	130	237	0.451476793248945
FBgn0263401	47	31	78	0.602564102564103
FBgn0263402	68	60	128	0.53125
FBgn0263403	65	50	115	0.565217391304348
FBgn0263404	31	23	54	0.574074074074074
FBgn0263405	53	53	106	0.5
FBgn0263406	61	72	133	0.458646616541353
FBgn0263407	67	72	139	0.482014388489209
FBgn0263408	78	56	134	0.582089552238806
FBgn0263409	0	0	0	NA
FBgn0263410	65	69	134	0.485074626865672
FBgn0263411	37	46	83	0.44578313253012
FBgn0263412	55	61	116	0.474137931034483
FBgn0263413	124	117	241	0.514522821576763
FBgn0263414	42	45	87	0.482758620689655
FBgn0263415	49	0	49	1
FBgn0263441	122	110	232	0.525862068965517
FBgn0263442	0	0	0	NA
FBgn0263443	0	0	0	NA
FBgn0263444	0	0	0	NA
FBgn0263445	3	3	6	0.5
FBgn0263446	4	2	6	0.666666666666667
FBgn0263447	8	15	23	0.347826086956522
FBgn0263448	0	0	0	NA
FBgn0263449	27	32	59	0.457627118644068
FBgn0263451	2	0	2	1
FBgn0263452	38	41	79	0.481012658227848
FBgn0263453	27	26	53	0.509433962264151
FBgn0263454	0	0	0	NA
FBgn0263455	0	0	0	NA
FBgn0263456	398	387	785	0.507006369426752
FBgn0263457	73	0	73	1
FBgn0263458	0	0	0	NA
FBgn0263459	22	19	41	0.536585365853659
FBgn0263460	0	0	0	NA
FBgn0263461	6	19	25	0.24
FBgn0263462	0	4	4	0
FBgn0263463	8	12	20	0.4
FBgn0263464	23	16	39	0.58974358974359
FBgn0263465	0	0	0	NA
FBgn0263466	20	18	38	0.526315789473684
FBgn0263467	0	0	0	NA
FBgn0263468	0	2	2	0
FBgn0263469	22	14	36	0.611111111111111
FBgn0263470	0	2	2	0
FBgn0263471	1	2	3	0.333333333333333
FBgn0263472	4	0	4	1
FBgn0263473	19	18	37	0.513513513513513
FBgn0263474	0	0	0	NA
FBgn0263475	4	0	4	1
FBgn0263476	11	8	19	0.578947368421053
FBgn0263477	0	0	0	NA
FBgn0263478	0	0	0	NA
FBgn0263479	10	3	13	0.769230769230769
FBgn0263480	2	1	3	0.666666666666667
FBgn0263481	1	5	6	0.166666666666667
FBgn0263482	0	0	0	NA
FBgn0263483	7	13	20	0.35
FBgn0263484	0	0	0	NA
FBgn0263485	8	3	11	0.727272727272727
FBgn0263486	2	1	3	0.666666666666667
FBgn0263487	0	0	0	NA
FBgn0263488	2	2	4	0.5
FBgn0263489	0	0	0	NA
FBgn0263490	342	392	734	0.465940054495913
FBgn0263492	109	148	257	0.424124513618677
FBgn0263493	0	0	0	NA
FBgn0263494	0	0	0	NA
FBgn0263495	50	50	100	0.5
FBgn0263496	24	24	48	0.5
FBgn0263497	29	14	43	0.674418604651163
FBgn0263498	35	33	68	0.514705882352941
FBgn0263499	18	32	50	0.36
FBgn0263500	26	22	48	0.541666666666667
FBgn0263501	73	65	138	0.528985507246377
FBgn0263502	50	0	50	1
FBgn0263503	54	1	55	0.981818181818182
FBgn0263504	151	2	153	0.986928104575163
FBgn0263505	41	0	41	1
FBgn0263506	34	0	34	1
FBgn0263507	29	0	29	1
FBgn0263509	39	0	39	1
FBgn0263510	58	50	108	0.537037037037037
FBgn0263511	173	3	176	0.982954545454545
FBgn0263512	193	1	194	0.994845360824742
FBgn0263513	31	32	63	0.492063492063492
FBgn0263514	11	0	11	1
FBgn0263515	0	0	0	NA
FBgn0263516	0	0	0	NA
FBgn0263517	0	0	0	NA
FBgn0263518	0	0	0	NA
FBgn0263519	12	0	12	1
FBgn0263520	3	0	3	1
FBgn0263521	33	22	55	0.6
FBgn0263522	16	24	40	0.4
FBgn0263523	7	12	19	0.368421052631579
FBgn0263525	0	0	0	NA
FBgn0263526	0	0	0	NA
FBgn0263527	0	0	0	NA
FBgn0263528	0	0	0	NA
FBgn0263529	0	0	0	NA
FBgn0263530	0	0	0	NA
FBgn0263531	11	0	11	1
FBgn0263532	14	0	14	1
FBgn0263533	0	0	0	NA
FBgn0263534	17	1	18	0.944444444444444
FBgn0263536	15	19	34	0.441176470588235
FBgn0263537	0	0	0	NA
FBgn0263538	1	0	1	1
FBgn0263539	16	20	36	0.444444444444444
FBgn0263541	0	0	0	NA
FBgn0263542	10	0	10	1
FBgn0263543	0	0	0	NA
FBgn0263544	0	0	0	NA
FBgn0263545	0	0	0	NA
FBgn0263546	4	6	10	0.4
FBgn0263547	35	26	61	0.573770491803279
FBgn0263548	11	0	11	1
FBgn0263550	0	0	0	NA
FBgn0263551	0	0	0	NA
FBgn0263552	0	0	0	NA
FBgn0263553	0	0	0	NA
FBgn0263554	0	0	0	NA
FBgn0263555	0	2	2	0
FBgn0263556	0	0	0	NA
FBgn0263557	4	3	7	0.571428571428571
FBgn0263558	0	0	0	NA
FBgn0263559	0	0	0	NA
FBgn0263560	0	0	0	NA
FBgn0263561	24	25	49	0.489795918367347
FBgn0263562	0	0	0	NA
FBgn0263563	0	0	0	NA
FBgn0263564	0	0	0	NA
FBgn0263565	13	7	20	0.65
FBgn0263566	0	0	0	NA
FBgn0263567	0	0	0	NA
FBgn0263568	20	22	42	0.476190476190476
FBgn0263569	18	10	28	0.642857142857143
FBgn0263570	0	0	0	NA
FBgn0263571	0	0	0	NA
FBgn0263572	3	6	9	0.333333333333333
FBgn0263573	12	8	20	0.6
FBgn0263575	0	0	0	NA
FBgn0263576	0	0	0	NA
FBgn0263577	0	0	0	NA
FBgn0263578	0	0	0	NA
FBgn0263579	3	1	4	0.75
FBgn0263581	109	109	218	0.5
FBgn0263582	31	38	69	0.449275362318841
FBgn0263583	61	68	129	0.472868217054264
FBgn0263584	1	0	1	1
FBgn0263585	33	39	72	0.458333333333333
FBgn0263586	50	44	94	0.531914893617021
FBgn0263587	81	78	159	0.509433962264151
FBgn0263588	79	74	153	0.516339869281046
FBgn0263589	27	0	27	1
FBgn0263590	24	0	24	1
FBgn0263593	166	188	354	0.468926553672316
FBgn0263594	7	11	18	0.388888888888889
FBgn0263595	123	136	259	0.474903474903475
FBgn0263596	0	5	5	0
FBgn0263597	16	11	27	0.592592592592593
FBgn0263598	175	219	394	0.444162436548223
FBgn0263599	275	278	553	0.497287522603978
FBgn0263600	132	118	250	0.528
FBgn0263601	155	183	338	0.458579881656805
FBgn0263602	100	103	203	0.492610837438424
FBgn0263603	126	163	289	0.43598615916955
FBgn0263605	132	106	238	0.554621848739496
FBgn0263606	59	44	103	0.572815533980582
FBgn0263607	192	190	382	0.50261780104712
FBgn0263608	84	77	161	0.521739130434783
FBgn0263611	15	3	18	0.833333333333333
FBgn0263612	66	76	142	0.464788732394366
FBgn0263613	50	32	82	0.609756097560976
FBgn0263615	54	67	121	0.446280991735537
FBgn0263616	24	23	47	0.51063829787234
FBgn0263617	296	300	596	0.496644295302013
FBgn0263618	106	95	201	0.527363184079602
FBgn0263619	9	7	16	0.5625
FBgn0263620	31	17	48	0.645833333333333
FBgn0263621	11	11	22	0.5
FBgn0263622	45	45	90	0.5
FBgn0263623	43	40	83	0.518072289156627
FBgn0263624	4	4	8	0.5
FBgn0263625	42	44	86	0.488372093023256
FBgn0263626	24	31	55	0.436363636363636
FBgn0263627	15	0	15	1
FBgn0263628	15	0	15	1
FBgn0263629	0	0	0	NA
FBgn0263630	0	0	0	NA
FBgn0263631	0	0	0	NA
FBgn0263632	0	0	0	NA
FBgn0263633	0	0	0	NA
FBgn0263647	98	97	195	0.502564102564103
FBgn0263648	50	58	108	0.462962962962963
FBgn0263649	116	104	220	0.527272727272727
FBgn0263650	62	46	108	0.574074074074074
FBgn0263651	64	60	124	0.516129032258065
FBgn0263652	58	50	108	0.537037037037037
FBgn0263653	19	25	44	0.431818181818182
FBgn0263654	0	0	0	NA
FBgn0263655	29	23	52	0.557692307692308
FBgn0263656	46	37	83	0.55421686746988
FBgn0263657	35	50	85	0.411764705882353
FBgn0263658	54	44	98	0.551020408163265
FBgn0263659	625	661	1286	0.486003110419907
FBgn0263660	16	26	42	0.380952380952381
FBgn0263661	84	85	169	0.497041420118343
FBgn0263662	117	99	216	0.541666666666667
FBgn0263663	132	140	272	0.485294117647059
FBgn0263664	41	39	80	0.5125
FBgn0263665	141	2	143	0.986013986013986
FBgn0263667	188	201	389	0.483290488431877
FBgn0263697	54	48	102	0.529411764705882
FBgn0263705	792	3	795	0.99622641509434
FBgn0263706	644	2	646	0.996904024767802
FBgn0263707	50	49	99	0.505050505050505
FBgn0263708	108	120	228	0.473684210526316
FBgn0263709	43	51	94	0.457446808510638
FBgn0263738	88	117	205	0.429268292682927
FBgn0263740	28	29	57	0.491228070175439
FBgn0263741	52	55	107	0.485981308411215
FBgn0263742	36	45	81	0.444444444444444
FBgn0263743	88	69	157	0.560509554140127
FBgn0263744	31	37	68	0.455882352941176
FBgn0263745	121	116	237	0.510548523206751
FBgn0263746	100	82	182	0.549450549450549
FBgn0263747	272	7	279	0.974910394265233
FBgn0263748	68	1	69	0.985507246376812
FBgn0263750	20	25	45	0.444444444444444
FBgn0263755	0	0	0	NA
FBgn0263757	0	0	0	NA
FBgn0263760	67	72	139	0.482014388489209
FBgn0263761	16	33	49	0.326530612244898
FBgn0263762	61	59	120	0.508333333333333
FBgn0263763	45	62	107	0.420560747663551
FBgn0263764	196	175	371	0.528301886792453
FBgn0263765	72	66	138	0.521739130434783
FBgn0263766	1	4	5	0.2
FBgn0263767	69	84	153	0.450980392156863
FBgn0263768	16	19	35	0.457142857142857
FBgn0263769	32	0	32	1
FBgn0263770	97	47	144	0.673611111111111
FBgn0263771	42	37	79	0.531645569620253
FBgn0263772	337	2	339	0.994100294985251
FBgn0263773	140	124	264	0.53030303030303
FBgn0263774	244	265	509	0.479371316306483
FBgn0263776	260	257	517	0.502901353965184
FBgn0263777	48	53	101	0.475247524752475
FBgn0263778	75	3	78	0.961538461538462
FBgn0263780	32	42	74	0.432432432432432
FBgn0263782	212	269	481	0.440748440748441
FBgn0263802	82	84	166	0.493975903614458
FBgn0263829	114	0	114	1
FBgn0263830	18	0	18	1
FBgn0263831	181	195	376	0.481382978723404
FBgn0263832	102	106	208	0.490384615384615
FBgn0263834	0	0	0	NA
FBgn0263835	0	0	0	NA
FBgn0263838	28	31	59	0.474576271186441
FBgn0263839	17	14	31	0.548387096774194
FBgn0263841	43	57	100	0.43
FBgn0263842	11	14	25	0.44
FBgn0263843	10	14	24	0.416666666666667
FBgn0263844	43	64	107	0.401869158878505
FBgn0263845	46	36	82	0.560975609756098
FBgn0263846	398	377	775	0.513548387096774
FBgn0263847	0	0	0	NA
FBgn0263848	55	63	118	0.466101694915254
FBgn0263849	83	81	164	0.50609756097561
FBgn0263850	74	71	145	0.510344827586207
FBgn0263851	0	0	0	NA
FBgn0263852	28	39	67	0.417910447761194
FBgn0263855	112	131	243	0.460905349794239
FBgn0263863	66	56	122	0.540983606557377
FBgn0263864	86	83	169	0.50887573964497
FBgn0263866	78	74	152	0.513157894736842
FBgn0263867	57	48	105	0.542857142857143
FBgn0263868	28	27	55	0.509090909090909
FBgn0263869	61	58	119	0.512605042016807
FBgn0263870	16	20	36	0.444444444444444
FBgn0263871	10	11	21	0.476190476190476
FBgn0263872	59	47	106	0.556603773584906
FBgn0263873	847	890	1737	0.48762233736327
FBgn0263874	43	35	78	0.551282051282051
FBgn0263911	18	10	28	0.642857142857143
FBgn0263916	68	78	146	0.465753424657534
FBgn0263929	451	416	867	0.520184544405998
FBgn0263930	264	294	558	0.473118279569892
FBgn0263933	104	103	207	0.502415458937198
FBgn0263934	283	265	548	0.516423357664234
FBgn0263967	6	8	14	0.428571428571429
FBgn0263968	472	3	475	0.993684210526316
FBgn0263970	98	69	167	0.586826347305389
FBgn0263971	29	26	55	0.527272727272727
FBgn0263973	506	524	1030	0.49126213592233
FBgn0263974	329	336	665	0.494736842105263
FBgn0263975	0	0	0	NA
FBgn0263976	0	0	0	NA
FBgn0263977	39	35	74	0.527027027027027
FBgn0263979	30	32	62	0.483870967741935
FBgn0263980	839	854	1693	0.495569994093325
FBgn0263981	9	11	20	0.45
FBgn0263982	0	0	0	NA
FBgn0263983	0	0	0	NA
FBgn0263985	13	13	26	0.5
FBgn0263986	88	88	176	0.5
FBgn0263987	268	0	268	1
FBgn0263988	12	13	25	0.48
FBgn0263992	3	2	5	0.6
FBgn0263993	416	2	418	0.995215311004785
FBgn0263994	412	3	415	0.992771084337349
FBgn0263995	686	759	1445	0.474740484429066
FBgn0263996	0	0	0	NA
FBgn0263997	98	1	99	0.98989898989899
FBgn0263998	334	363	697	0.479196556671449
FBgn0263999	126	149	275	0.458181818181818
FBgn0264000	574	581	1155	0.496969696969697
FBgn0264001	596	612	1208	0.493377483443709
FBgn0264002	78	65	143	0.545454545454545
FBgn0264005	173	161	334	0.517964071856287
FBgn0264006	787	791	1578	0.49873257287706
FBgn0264075	67	79	146	0.458904109589041
FBgn0264077	85	3	88	0.965909090909091
FBgn0264078	439	1	440	0.997727272727273
FBgn0264081	126	126	252	0.5
FBgn0264083	7	5	12	0.583333333333333
FBgn0264084	257	247	504	0.509920634920635
FBgn0264085	97	79	176	0.551136363636364
FBgn0264086	114	109	223	0.511210762331839
FBgn0264087	649	706	1355	0.478966789667897
FBgn0264089	569	701	1270	0.448031496062992
FBgn0264090	134	0	134	1
FBgn0264253	55	94	149	0.369127516778524
FBgn0264260	47	45	92	0.510869565217391
FBgn0264261	140	140	280	0.5
FBgn0264262	28	33	61	0.459016393442623
FBgn0264263	45	47	92	0.489130434782609
FBgn0264264	135	105	240	0.5625
FBgn0264265	53	41	94	0.563829787234043
FBgn0264266	26	19	45	0.577777777777778
FBgn0264267	9	7	16	0.5625
FBgn0264268	29	0	29	1
FBgn0264269	20	14	34	0.588235294117647
FBgn0264270	447	11	458	0.975982532751092
FBgn0264271	56	69	125	0.448
FBgn0264272	326	315	641	0.508580343213729
FBgn0264273	386	414	800	0.4825
FBgn0264291	37	40	77	0.480519480519481
FBgn0264294	32	35	67	0.477611940298507
FBgn0264295	41	39	80	0.5125
FBgn0264296	44	59	103	0.427184466019417
FBgn0264297	0	0	0	NA
FBgn0264298	0	0	0	NA
FBgn0264299	0	0	0	NA
FBgn0264301	0	0	0	NA
FBgn0264302	0	0	0	NA
FBgn0264303	0	0	0	NA
FBgn0264305	154	203	357	0.431372549019608
FBgn0264307	363	359	722	0.502770083102493
FBgn0264308	280	302	582	0.481099656357388
FBgn0264309	0	0	0	NA
FBgn0264310	9	7	16	0.5625
FBgn0264324	377	370	747	0.504685408299866
FBgn0264325	67	48	115	0.582608695652174
FBgn0264326	420	394	814	0.515970515970516
FBgn0264327	0	0	0	NA
FBgn0264328	6	7	13	0.461538461538462
FBgn0264329	32	43	75	0.426666666666667
FBgn0264330	25	39	64	0.390625
FBgn0264336	19	25	44	0.431818181818182
FBgn0264337	22	28	50	0.44
FBgn0264338	59	56	115	0.51304347826087
FBgn0264339	524	498	1022	0.512720156555773
FBgn0264340	49	43	92	0.532608695652174
FBgn0264341	66	79	145	0.455172413793103
FBgn0264342	68	79	147	0.462585034013605
FBgn0264343	75	61	136	0.551470588235294
FBgn0264344	53	43	96	0.552083333333333
FBgn0264345	19	33	52	0.365384615384615
FBgn0264346	27	25	52	0.519230769230769
FBgn0264347	74	64	138	0.536231884057971
FBgn0264348	34	21	55	0.618181818181818
FBgn0264349	95	84	179	0.53072625698324
FBgn0264350	13	13	26	0.5
FBgn0264351	78	64	142	0.549295774647887
FBgn0264352	97	107	204	0.475490196078431
FBgn0264353	11	6	17	0.647058823529412
FBgn0264357	860	882	1742	0.493685419058553
FBgn0264358	46	45	91	0.505494505494505
FBgn0264359	19	12	31	0.612903225806452
FBgn0264360	0	0	0	NA
FBgn0264361	20	23	43	0.465116279069767
FBgn0264362	53	40	93	0.56989247311828
FBgn0264363	20	37	57	0.350877192982456
FBgn0264364	0	0	0	NA
FBgn0264365	24	34	58	0.413793103448276
FBgn0264366	19	22	41	0.463414634146341
FBgn0264367	25	13	38	0.657894736842105
FBgn0264368	35	17	52	0.673076923076923
FBgn0264369	56	46	102	0.549019607843137
FBgn0264370	40	40	80	0.5
FBgn0264371	118	141	259	0.455598455598456
FBgn0264372	0	0	0	NA
FBgn0264373	50	56	106	0.471698113207547
FBgn0264374	33	36	69	0.478260869565217
FBgn0264375	67	51	118	0.567796610169492
FBgn0264376	158	127	285	0.554385964912281
FBgn0264377	50	62	112	0.446428571428571
FBgn0264378	45	58	103	0.436893203883495
FBgn0264379	46	40	86	0.534883720930233
FBgn0264380	29	0	29	1
FBgn0264381	32	0	32	1
FBgn0264382	41	0	41	1
FBgn0264383	28	2	30	0.933333333333333
FBgn0264384	134	0	134	1
FBgn0264385	122	0	122	1
FBgn0264386	381	2	383	0.994778067885117
FBgn0264389	19	0	19	1
FBgn0264390	54	0	54	1
FBgn0264391	24	22	46	0.521739130434783
FBgn0264392	60	55	115	0.521739130434783
FBgn0264393	43	0	43	1
FBgn0264394	108	0	108	1
FBgn0264395	12	0	12	1
FBgn0264426	37	58	95	0.389473684210526
FBgn0264427	0	0	0	NA
FBgn0264428	43	41	84	0.511904761904762
FBgn0264429	74	74	148	0.5
FBgn0264430	20	44	64	0.3125
FBgn0264431	45	42	87	0.517241379310345
FBgn0264432	82	70	152	0.539473684210526
FBgn0264433	40	35	75	0.533333333333333
FBgn0264434	9	21	30	0.3
FBgn0264435	54	64	118	0.457627118644068
FBgn0264436	69	56	125	0.552
FBgn0264437	112	107	219	0.511415525114155
FBgn0264438	55	51	106	0.518867924528302
FBgn0264439	49	35	84	0.583333333333333
FBgn0264440	19	11	30	0.633333333333333
FBgn0264441	35	25	60	0.583333333333333
FBgn0264442	320	314	634	0.504731861198738
FBgn0264443	264	220	484	0.545454545454545
FBgn0264444	62	0	62	1
FBgn0264445	2	0	2	1
FBgn0264446	2	0	2	1
FBgn0264447	30	25	55	0.545454545454545
FBgn0264448	28	19	47	0.595744680851064
FBgn0264449	486	2	488	0.995901639344262
FBgn0264460	0	0	0	NA
FBgn0264462	76	90	166	0.457831325301205
FBgn0264464	0	0	0	NA
FBgn0264466	45	44	89	0.50561797752809
FBgn0264467	29	21	50	0.58
FBgn0264468	0	0	0	NA
FBgn0264469	0	0	0	NA
FBgn0264470	14	9	23	0.608695652173913
FBgn0264471	20	26	46	0.434782608695652
FBgn0264472	40	39	79	0.506329113924051
FBgn0264473	71	65	136	0.522058823529412
FBgn0264474	69	60	129	0.534883720930233
FBgn0264475	54	46	100	0.54
FBgn0264476	76	41	117	0.64957264957265
FBgn0264477	0	0	0	NA
FBgn0264478	0	0	0	NA
FBgn0264479	37	56	93	0.397849462365591
FBgn0264480	4	2	6	0.666666666666667
FBgn0264481	22	18	40	0.55
FBgn0264482	30	18	48	0.625
FBgn0264483	4	2	6	0.666666666666667
FBgn0264484	30	33	63	0.476190476190476
FBgn0264485	41	31	72	0.569444444444444
FBgn0264486	200	190	390	0.512820512820513
FBgn0264487	21	29	50	0.42
FBgn0264488	209	258	467	0.447537473233405
FBgn0264489	555	576	1131	0.490716180371353
FBgn0264490	707	666	1373	0.514930808448653
FBgn0264491	316	319	635	0.497637795275591
FBgn0264492	128	114	242	0.528925619834711
FBgn0264493	173	176	349	0.495702005730659
FBgn0264494	332	384	716	0.463687150837989
FBgn0264495	116	115	231	0.502164502164502
FBgn0264496	11	11	22	0.5
FBgn0264500	0	0	0	NA
FBgn0264501	25	20	45	0.555555555555556
FBgn0264502	606	2	608	0.996710526315789
FBgn0264503	420	4	424	0.990566037735849
FBgn0264504	0	0	0	NA
FBgn0264505	5	3	8	0.625
FBgn0264506	50	53	103	0.485436893203884
FBgn0264507	1	0	1	1
FBgn0264508	24	25	49	0.489795918367347
FBgn0264509	0	0	0	NA
FBgn0264510	93	94	187	0.497326203208556
FBgn0264511	67	58	125	0.536
FBgn0264512	3	5	8	0.375
FBgn0264513	206	229	435	0.473563218390805
FBgn0264514	37	48	85	0.435294117647059
FBgn0264515	60	60	120	0.5
FBgn0264516	32	40	72	0.444444444444444
FBgn0264517	39	48	87	0.448275862068966
FBgn0264518	57	65	122	0.467213114754098
FBgn0264539	10	15	25	0.4
FBgn0264540	70	56	126	0.555555555555556
FBgn0264541	59	50	109	0.541284403669725
FBgn0264542	540	4	544	0.992647058823529
FBgn0264543	13	10	23	0.565217391304348
FBgn0264544	0	0	0	NA
FBgn0264545	0	0	0	NA
FBgn0264546	0	0	0	NA
FBgn0264547	18	17	35	0.514285714285714
FBgn0264548	32	45	77	0.415584415584416
FBgn0264549	77	89	166	0.463855421686747
FBgn0264550	20	25	45	0.444444444444444
FBgn0264551	0	0	0	NA
FBgn0264552	9	5	14	0.642857142857143
FBgn0264553	40	38	78	0.512820512820513
FBgn0264554	7	2	9	0.777777777777778
FBgn0264556	158	159	317	0.498422712933754
FBgn0264560	297	273	570	0.521052631578947
FBgn0264561	73	63	136	0.536764705882353
FBgn0264562	434	6	440	0.986363636363636
FBgn0264563	22	18	40	0.55
FBgn0264564	13	6	19	0.684210526315789
FBgn0264565	46	35	81	0.567901234567901
FBgn0264566	41	66	107	0.383177570093458
FBgn0264567	22	26	48	0.458333333333333
FBgn0264568	45	52	97	0.463917525773196
FBgn0264569	18	12	30	0.6
FBgn0264570	5	14	19	0.263157894736842
FBgn0264571	10	9	19	0.526315789473684
FBgn0264572	0	0	0	NA
FBgn0264573	25	37	62	0.403225806451613
FBgn0264574	776	813	1589	0.488357457520453
FBgn0264598	565	4	569	0.992970123022847
FBgn0264599	92	94	186	0.494623655913978
FBgn0264600	8	7	15	0.533333333333333
FBgn0264601	29	25	54	0.537037037037037
FBgn0264602	85	82	167	0.508982035928144
FBgn0264603	41	36	77	0.532467532467532
FBgn0264604	64	63	127	0.503937007874016
FBgn0264605	0	0	0	NA
FBgn0264606	779	769	1548	0.503229974160207
FBgn0264607	76	68	144	0.527777777777778
FBgn0264616	0	0	0	NA
FBgn0264617	16	8	24	0.666666666666667
FBgn0264618	0	0	0	NA
FBgn0264672	89	106	195	0.456410256410256
FBgn0264674	39	0	39	1
FBgn0264675	59	0	59	1
FBgn0264676	151	0	151	1
FBgn0264677	31	0	31	1
FBgn0264678	78	0	78	1
FBgn0264679	39	41	80	0.4875
FBgn0264691	89	0	89	1
FBgn0264693	390	412	802	0.486284289276808
FBgn0264694	23	17	40	0.575
FBgn0264695	525	551	1076	0.487918215613383
FBgn0264696	0	0	0	NA
FBgn0264697	49	39	88	0.556818181818182
FBgn0264698	32	12	44	0.727272727272727
FBgn0264699	57	38	95	0.6
FBgn0264700	57	53	110	0.518181818181818
FBgn0264701	37	58	95	0.389473684210526
FBgn0264702	37	36	73	0.506849315068493
FBgn0264703	77	64	141	0.546099290780142
FBgn0264704	24	29	53	0.452830188679245
FBgn0264705	84	68	152	0.552631578947368
FBgn0264706	29	35	64	0.453125
FBgn0264707	474	407	881	0.538024971623156
FBgn0264708	41	40	81	0.506172839506173
FBgn0264709	18	22	40	0.45
FBgn0264710	0	0	0	NA
FBgn0264711	147	124	271	0.542435424354244
FBgn0264712	72	60	132	0.545454545454545
FBgn0264713	1	0	1	1
FBgn0264714	33	44	77	0.428571428571429
FBgn0264715	59	69	128	0.4609375
FBgn0264716	44	22	66	0.666666666666667
FBgn0264717	16	10	26	0.615384615384615
FBgn0264719	45	63	108	0.416666666666667
FBgn0264720	7	13	20	0.35
FBgn0264721	55	51	106	0.518867924528302
FBgn0264722	50	44	94	0.531914893617021
FBgn0264723	33	27	60	0.55
FBgn0264724	33	51	84	0.392857142857143
FBgn0264725	49	65	114	0.429824561403509
FBgn0264726	42	54	96	0.4375
FBgn0264727	0	0	0	NA
FBgn0264738	56	0	56	1
FBgn0264739	34	0	34	1
FBgn0264740	0	0	0	NA
FBgn0264741	0	0	0	NA
FBgn0264742	0	0	0	NA
FBgn0264743	0	0	0	NA
FBgn0264744	41	40	81	0.506172839506173
FBgn0264745	82	93	175	0.468571428571429
FBgn0264746	112	86	198	0.565656565656566
FBgn0264747	116	136	252	0.46031746031746
FBgn0264748	96	118	214	0.448598130841121
FBgn0264750	77	83	160	0.48125
FBgn0264751	88	85	173	0.508670520231214
FBgn0264753	613	629	1242	0.493558776167472
FBgn0264775	87	72	159	0.547169811320755
FBgn0264776	29	27	56	0.517857142857143
FBgn0264785	108	133	241	0.448132780082988
FBgn0264786	46	1	47	0.978723404255319
FBgn0264787	25	32	57	0.43859649122807
FBgn0264788	216	242	458	0.471615720524017
FBgn0264789	6	10	16	0.375
FBgn0264790	3	3	6	0.5
FBgn0264791	0	0	0	NA
FBgn0264792	54	56	110	0.490909090909091
FBgn0264793	48	48	96	0.5
FBgn0264794	30	25	55	0.545454545454545
FBgn0264810	73	84	157	0.464968152866242
FBgn0264815	489	513	1002	0.488023952095808
FBgn0264816	122	125	247	0.493927125506073
FBgn0264817	53	90	143	0.370629370629371
FBgn0264818	43	0	43	1
FBgn0264819	3	0	3	1
FBgn0264820	15	13	28	0.535714285714286
FBgn0264821	70	66	136	0.514705882352941
FBgn0264822	23	19	42	0.547619047619048
FBgn0264823	11	14	25	0.44
FBgn0264824	71	65	136	0.522058823529412
FBgn0264825	56	74	130	0.430769230769231
FBgn0264826	50	52	102	0.490196078431373
FBgn0264827	0	0	0	NA
FBgn0264828	61	71	132	0.462121212121212
FBgn0264829	45	59	104	0.432692307692308
FBgn0264830	15	13	28	0.535714285714286
FBgn0264831	89	85	174	0.511494252873563
FBgn0264832	7	18	25	0.28
FBgn0264833	51	40	91	0.56043956043956
FBgn0264834	19	22	41	0.463414634146341
FBgn0264835	36	29	65	0.553846153846154
FBgn0264836	3	1	4	0.75
FBgn0264837	0	0	0	NA
FBgn0264838	59	61	120	0.491666666666667
FBgn0264839	43	50	93	0.462365591397849
FBgn0264840	56	45	101	0.554455445544555
FBgn0264841	0	0	0	NA
FBgn0264842	69	70	139	0.496402877697842
FBgn0264843	8	7	15	0.533333333333333
FBgn0264844	7	4	11	0.636363636363636
FBgn0264845	274	263	537	0.51024208566108
FBgn0264848	38	46	84	0.452380952380952
FBgn0264855	171	168	339	0.504424778761062
FBgn0264857	304	337	641	0.474258970358814
FBgn0264862	36	1	37	0.972972972972973
FBgn0264863	2	0	2	1
FBgn0264864	53	47	100	0.53
FBgn0264865	29	34	63	0.46031746031746
FBgn0264866	0	1	1	0
FBgn0264867	91	84	175	0.52
FBgn0264868	72	64	136	0.529411764705882
FBgn0264869	0	0	0	NA
FBgn0264870	47	41	88	0.534090909090909
FBgn0264871	93	95	188	0.49468085106383
FBgn0264872	24	18	42	0.571428571428571
FBgn0264873	34	55	89	0.382022471910112
FBgn0264874	16	18	34	0.470588235294118
FBgn0264875	46	23	69	0.666666666666667
FBgn0264876	0	0	0	NA
FBgn0264877	35	34	69	0.507246376811594
FBgn0264878	45	44	89	0.50561797752809
FBgn0264879	52	43	95	0.547368421052632
FBgn0264880	0	0	0	NA
FBgn0264882	9	19	28	0.321428571428571
FBgn0264883	28	50	78	0.358974358974359
FBgn0264884	11	21	32	0.34375
FBgn0264885	50	69	119	0.420168067226891
FBgn0264886	29	33	62	0.467741935483871
FBgn0264887	40	40	80	0.5
FBgn0264888	25	24	49	0.510204081632653
FBgn0264889	45	46	91	0.494505494505495
FBgn0264890	59	46	105	0.561904761904762
FBgn0264891	10	14	24	0.416666666666667
FBgn0264892	14	11	25	0.56
FBgn0264893	0	0	0	NA
FBgn0264894	678	676	1354	0.500738552437223
FBgn0264895	516	460	976	0.528688524590164
FBgn0264896	3	0	3	1
FBgn0264897	26	21	47	0.553191489361702
FBgn0264898	33	40	73	0.452054794520548
FBgn0264899	22	29	51	0.431372549019608
FBgn0264900	19	34	53	0.358490566037736
FBgn0264901	3	3	6	0.5
FBgn0264902	16	19	35	0.457142857142857
FBgn0264903	22	18	40	0.55
FBgn0264904	9	8	17	0.529411764705882
FBgn0264905	86	75	161	0.53416149068323
FBgn0264906	0	0	0	NA
FBgn0264907	138	145	283	0.487632508833922
FBgn0264908	562	584	1146	0.490401396160558
FBgn0264909	13	8	21	0.619047619047619
FBgn0264911	70	61	131	0.534351145038168
FBgn0264912	2	3	5	0.4
FBgn0264914	35	42	77	0.454545454545455
FBgn0264915	0	0	0	NA
FBgn0264916	0	0	0	NA
FBgn0264922	34	37	71	0.47887323943662
FBgn0264939	1	0	1	1
FBgn0264940	84	0	84	1
FBgn0264941	75	1	76	0.986842105263158
FBgn0264942	73	0	73	1
FBgn0264943	34	42	76	0.447368421052632
FBgn0264944	36	34	70	0.514285714285714
FBgn0264945	4	7	11	0.363636363636364
FBgn0264946	0	0	0	NA
FBgn0264947	2	7	9	0.222222222222222
FBgn0264948	3	0	3	1
FBgn0264949	0	0	0	NA
FBgn0264950	17	20	37	0.459459459459459
FBgn0264951	11	19	30	0.366666666666667
FBgn0264952	18	15	33	0.545454545454545
FBgn0264953	968	982	1950	0.496410256410256
FBgn0264954	66	1	67	0.985074626865672
FBgn0264955	0	0	0	NA
FBgn0264956	71	76	147	0.482993197278912
FBgn0264957	20	18	38	0.526315789473684
FBgn0264958	7	5	12	0.583333333333333
FBgn0264959	238	228	466	0.510729613733906
FBgn0264960	33	1	34	0.970588235294118
FBgn0264961	29	25	54	0.537037037037037
FBgn0264962	324	331	655	0.494656488549618
FBgn0264975	540	3	543	0.994475138121547
FBgn0264978	204	204	408	0.5
FBgn0264979	135	163	298	0.453020134228188
FBgn0264980	40	33	73	0.547945205479452
FBgn0264982	20	18	38	0.526315789473684
FBgn0264983	0	0	0	NA
FBgn0264984	22	21	43	0.511627906976744
FBgn0264985	33	27	60	0.55
FBgn0264986	31	32	63	0.492063492063492
FBgn0264987	8	19	27	0.296296296296296
FBgn0264988	38	24	62	0.612903225806452
FBgn0264989	0	0	0	NA
FBgn0264990	0	0	0	NA
FBgn0264991	4	8	12	0.333333333333333
FBgn0264992	36	31	67	0.537313432835821
FBgn0264993	0	0	0	NA
FBgn0264994	81	85	166	0.487951807228916
FBgn0264995	28	18	46	0.608695652173913
FBgn0264996	0	0	0	NA
FBgn0264997	53	40	93	0.56989247311828
FBgn0264998	29	23	52	0.557692307692308
FBgn0264999	93	109	202	0.46039603960396
FBgn0265000	36	29	65	0.553846153846154
FBgn0265001	151	126	277	0.545126353790614
FBgn0265002	736	692	1428	0.515406162464986
FBgn0265003	245	265	510	0.480392156862745
FBgn0265011	227	219	446	0.508968609865471
FBgn0265017	207	210	417	0.496402877697842
FBgn0265038	0	0	0	NA
FBgn0265039	0	0	0	NA
FBgn0265040	58	55	113	0.513274336283186
FBgn0265041	34	37	71	0.47887323943662
FBgn0265042	189	205	394	0.479695431472081
FBgn0265043	1	1	2	0.5
FBgn0265044	63	71	134	0.470149253731343
FBgn0265045	2005	2080	4085	0.490820073439412
FBgn0265046	53	34	87	0.609195402298851
FBgn0265047	0	0	0	NA
FBgn0265048	200	206	406	0.492610837438424
FBgn0265049	29	24	53	0.547169811320755
FBgn0265050	26	26	52	0.5
FBgn0265051	44	55	99	0.444444444444444
FBgn0265052	200	199	399	0.50125313283208
FBgn0265053	0	0	0	NA
FBgn0265058	0	0	0	NA
FBgn0265059	74	73	147	0.503401360544218
FBgn0265060	23	35	58	0.396551724137931
FBgn0265061	30	27	57	0.526315789473684
FBgn0265062	58	80	138	0.420289855072464
FBgn0265063	45	56	101	0.445544554455446
FBgn0265064	7	8	15	0.466666666666667
FBgn0265065	50	52	102	0.490196078431373
FBgn0265066	12	11	23	0.521739130434783
FBgn0265067	122	91	213	0.572769953051643
FBgn0265068	5	1	6	0.833333333333333
FBgn0265069	43	27	70	0.614285714285714
FBgn0265070	23	9	32	0.71875
FBgn0265071	4	7	11	0.363636363636364
FBgn0265072	9	13	22	0.409090909090909
FBgn0265073	36	41	77	0.467532467532468
FBgn0265074	65	27	92	0.706521739130435
FBgn0265075	2	4	6	0.333333333333333
FBgn0265076	60	57	117	0.512820512820513
FBgn0265077	79	80	159	0.49685534591195
FBgn0265078	59	53	112	0.526785714285714
FBgn0265079	147	132	279	0.526881720430108
FBgn0265080	56	52	108	0.518518518518518
FBgn0265081	12	12	24	0.5
FBgn0265082	181	213	394	0.459390862944162
FBgn0265083	0	0	0	NA
FBgn0265084	35	29	64	0.546875
FBgn0265085	36	47	83	0.433734939759036
FBgn0265086	65	54	119	0.546218487394958
FBgn0265087	32	42	74	0.432432432432432
FBgn0265088	18	18	36	0.5
FBgn0265089	120	102	222	0.540540540540541
FBgn0265095	6	10	16	0.375
FBgn0265096	46	44	90	0.511111111111111
FBgn0265097	17	24	41	0.414634146341463
FBgn0265098	20	25	45	0.444444444444444
FBgn0265099	48	56	104	0.461538461538462
FBgn0265101	11	13	24	0.458333333333333
FBgn0265102	229	240	469	0.488272921108742
FBgn0265103	12	18	30	0.4
FBgn0265104	122	131	253	0.482213438735178
FBgn0265105	51	46	97	0.525773195876289
FBgn0265106	179	144	323	0.554179566563467
FBgn0265107	6	4	10	0.6
FBgn0265137	46	46	92	0.5
FBgn0265138	103	91	194	0.530927835051546
FBgn0265139	21	0	21	1
FBgn0265140	182	177	359	0.506963788300836
FBgn0265141	78	60	138	0.565217391304348
FBgn0265142	15	13	28	0.535714285714286
FBgn0265143	14	14	28	0.5
FBgn0265144	12	16	28	0.428571428571429
FBgn0265145	53	59	112	0.473214285714286
FBgn0265146	42	49	91	0.461538461538462
FBgn0265147	58	56	114	0.508771929824561
FBgn0265148	9	5	14	0.642857142857143
FBgn0265149	21	12	33	0.636363636363636
FBgn0265150	0	0	0	NA
FBgn0265151	8	5	13	0.615384615384615
FBgn0265152	12	22	34	0.352941176470588
FBgn0265153	24	29	53	0.452830188679245
FBgn0265154	27	39	66	0.409090909090909
FBgn0265155	7	6	13	0.538461538461538
FBgn0265156	28	25	53	0.528301886792453
FBgn0265157	25	31	56	0.446428571428571
FBgn0265158	6	8	14	0.428571428571429
FBgn0265159	0	0	0	NA
FBgn0265160	47	42	89	0.528089887640449
FBgn0265161	52	62	114	0.456140350877193
FBgn0265162	39	48	87	0.448275862068966
FBgn0265163	38	22	60	0.633333333333333
FBgn0265164	4	7	11	0.363636363636364
FBgn0265165	18	18	36	0.5
FBgn0265166	3	3	6	0.5
FBgn0265167	41	67	108	0.37962962962963
FBgn0265168	13	27	40	0.325
FBgn0265169	0	0	0	NA
FBgn0265174	76	65	141	0.539007092198582
FBgn0265176	33	27	60	0.55
FBgn0265177	20	28	48	0.416666666666667
FBgn0265178	0	0	0	NA
FBgn0265180	114	124	238	0.478991596638655
FBgn0265182	78	93	171	0.456140350877193
FBgn0265184	54	53	107	0.504672897196262
FBgn0265185	76	70	146	0.520547945205479
FBgn0265186	117	120	237	0.493670886075949
FBgn0265187	215	214	429	0.501165501165501
FBgn0265188	28	23	51	0.549019607843137
FBgn0265189	19	25	44	0.431818181818182
FBgn0265190	68	60	128	0.53125
FBgn0265191	294	284	578	0.508650519031142
FBgn0265192	50	52	102	0.490196078431373
FBgn0265193	34	38	72	0.472222222222222
FBgn0265194	788	781	1569	0.502230720203952
FBgn0265196	38	34	72	0.527777777777778
FBgn0265197	29	24	53	0.547169811320755
FBgn0265198	46	49	95	0.484210526315789
FBgn0265199	34	15	49	0.693877551020408
FBgn0265200	34	40	74	0.459459459459459
FBgn0265201	7	9	16	0.4375
FBgn0265202	39	50	89	0.438202247191011
FBgn0265203	19	19	38	0.5
FBgn0265204	56	60	116	0.482758620689655
FBgn0265205	20	34	54	0.37037037037037
FBgn0265252	2	0	2	1
FBgn0265253	11	17	28	0.392857142857143
FBgn0265254	30	38	68	0.441176470588235
FBgn0265255	22	18	40	0.55
FBgn0265256	36	28	64	0.5625
FBgn0265257	70	51	121	0.578512396694215
FBgn0265262	72	86	158	0.455696202531646
FBgn0265263	70	65	135	0.518518518518518
FBgn0265264	220	228	448	0.491071428571429
FBgn0265265	36	0	36	1
FBgn0265266	35	25	60	0.583333333333333
FBgn0265267	88	4	92	0.956521739130435
FBgn0265268	155	147	302	0.513245033112583
FBgn0265269	53	64	117	0.452991452991453
FBgn0265270	92	79	171	0.538011695906433
FBgn0265271	69	76	145	0.475862068965517
FBgn0265272	48	68	116	0.413793103448276
FBgn0265274	100	99	199	0.50251256281407
FBgn0265276	184	170	354	0.519774011299435
FBgn0265295	3	2	5	0.6
FBgn0265296	792	781	1573	0.503496503496504
FBgn0265297	127	132	259	0.49034749034749
FBgn0265298	69	82	151	0.456953642384106
FBgn0265299	30	27	57	0.526315789473684
FBgn0265300	21	34	55	0.381818181818182
FBgn0265301	28	39	67	0.417910447761194
FBgn0265302	0	0	0	NA
FBgn0265303	31	29	60	0.516666666666667
FBgn0265304	27	25	52	0.519230769230769
FBgn0265305	22	29	51	0.431372549019608
FBgn0265306	33	30	63	0.523809523809524
FBgn0265307	41	47	88	0.465909090909091
FBgn0265308	21	20	41	0.51219512195122
FBgn0265309	75	83	158	0.474683544303797
FBgn0265310	32	26	58	0.551724137931034
FBgn0265311	85	79	164	0.518292682926829
FBgn0265312	7	4	11	0.636363636363636
FBgn0265313	26	21	47	0.553191489361702
FBgn0265314	8	8	16	0.5
FBgn0265315	29	31	60	0.483333333333333
FBgn0265316	116	129	245	0.473469387755102
FBgn0265317	28	24	52	0.538461538461538
FBgn0265318	15	13	28	0.535714285714286
FBgn0265338	58	80	138	0.420289855072464
FBgn0265339	12	21	33	0.363636363636364
FBgn0265340	8	10	18	0.444444444444444
FBgn0265341	54	54	108	0.5
FBgn0265342	0	0	0	NA
FBgn0265343	0	1	1	0
FBgn0265344	24	22	46	0.521739130434783
FBgn0265345	71	62	133	0.533834586466165
FBgn0265346	3	1	4	0.75
FBgn0265347	16	19	35	0.457142857142857
FBgn0265348	64	65	129	0.496124031007752
FBgn0265349	36	12	48	0.75
FBgn0265351	17	31	48	0.354166666666667
FBgn0265356	537	552	1089	0.493112947658402
FBgn0265362	5	0	5	1
FBgn0265363	0	0	0	NA
FBgn0265364	79	76	155	0.509677419354839
FBgn0265365	41	59	100	0.41
FBgn0265366	36	45	81	0.444444444444444
FBgn0265367	42	46	88	0.477272727272727
FBgn0265368	71	59	130	0.546153846153846
FBgn0265369	36	36	72	0.5
FBgn0265370	38	30	68	0.558823529411765
FBgn0265371	39	36	75	0.52
FBgn0265372	85	70	155	0.548387096774194
FBgn0265373	146	143	289	0.505190311418685
FBgn0265374	45	31	76	0.592105263157895
FBgn0265375	37	45	82	0.451219512195122
FBgn0265376	60	69	129	0.465116279069767
FBgn0265377	0	0	0	NA
FBgn0265378	60	54	114	0.526315789473684
FBgn0265379	87	70	157	0.554140127388535
FBgn0265380	16	20	36	0.444444444444444
FBgn0265381	64	49	113	0.566371681415929
FBgn0265382	28	30	58	0.482758620689655
FBgn0265383	33	24	57	0.578947368421053
FBgn0265413	185	0	185	1
FBgn0265414	72	77	149	0.483221476510067
FBgn0265416	610	5	615	0.991869918699187
FBgn0265417	43	0	43	1
FBgn0265418	12	27	39	0.307692307692308
FBgn0265419	33	32	65	0.507692307692308
FBgn0265420	12	3	15	0.8
FBgn0265421	16	14	30	0.533333333333333
FBgn0265422	38	27	65	0.584615384615385
FBgn0265423	0	0	0	NA
FBgn0265424	7	10	17	0.411764705882353
FBgn0265425	24	25	49	0.489795918367347
FBgn0265426	28	28	56	0.5
FBgn0265427	26	28	54	0.481481481481481
FBgn0265428	22	0	22	1
FBgn0265429	129	120	249	0.518072289156627
FBgn0265434	231	220	451	0.51219512195122
FBgn0265443	86	93	179	0.480446927374302
FBgn0265444	142	152	294	0.482993197278912
FBgn0265445	38	44	82	0.463414634146341
FBgn0265446	59	61	120	0.491666666666667
FBgn0265447	158	160	318	0.49685534591195
FBgn0265448	60	63	123	0.48780487804878
FBgn0265449	58	82	140	0.414285714285714
FBgn0265450	35	26	61	0.573770491803279
FBgn0265451	0	0	0	NA
FBgn0265452	36	21	57	0.631578947368421
FBgn0265453	14	0	14	1
FBgn0265454	12	1	13	0.923076923076923
FBgn0265455	64	60	124	0.516129032258065
FBgn0265457	91	0	91	1
FBgn0265458	18	0	18	1
FBgn0265464	129	0	129	1
FBgn0265467	63	50	113	0.557522123893805
FBgn0265468	59	49	108	0.546296296296296
FBgn0265469	0	0	0	NA
FBgn0265470	14	22	36	0.388888888888889
FBgn0265487	784	756	1540	0.509090909090909
FBgn0265496	141	149	290	0.486206896551724
FBgn0265497	117	110	227	0.515418502202643
FBgn0265498	7	12	19	0.368421052631579
FBgn0265499	13	8	21	0.619047619047619
FBgn0265500	52	47	99	0.525252525252525
FBgn0265508	190	218	408	0.465686274509804
FBgn0265509	32	20	52	0.615384615384615
FBgn0265510	12	11	23	0.521739130434783
FBgn0265511	55	79	134	0.41044776119403
FBgn0265512	86	77	163	0.52760736196319
FBgn0265523	639	9	648	0.986111111111111
FBgn0265524	0	0	0	NA
FBgn0265525	82	65	147	0.557823129251701
FBgn0265526	43	57	100	0.43
FBgn0265527	208	189	397	0.523929471032746
FBgn0265529	35	32	67	0.522388059701492
FBgn0265530	82	72	154	0.532467532467532
FBgn0265531	0	0	0	NA
FBgn0265532	2	0	2	1
FBgn0265533	7	0	7	1
FBgn0265534	43	0	43	1
FBgn0265535	33	0	33	1
FBgn0265536	9	11	20	0.45
FBgn0265537	51	53	104	0.490384615384615
FBgn0265538	36	40	76	0.473684210526316
FBgn0265539	27	50	77	0.350649350649351
FBgn0265540	16	16	32	0.5
FBgn0265541	29	25	54	0.537037037037037
FBgn0265542	33	28	61	0.540983606557377
FBgn0265543	56	40	96	0.583333333333333
FBgn0265544	10	6	16	0.625
FBgn0265545	30	22	52	0.576923076923077
FBgn0265546	12	23	35	0.342857142857143
FBgn0265547	55	64	119	0.46218487394958
FBgn0265548	54	51	105	0.514285714285714
FBgn0265549	36	29	65	0.553846153846154
FBgn0265550	33	38	71	0.464788732394366
FBgn0265551	72	68	140	0.514285714285714
FBgn0265574	17	28	45	0.377777777777778
FBgn0265575	194	0	194	1
FBgn0265576	76	80	156	0.487179487179487
FBgn0265577	23	16	39	0.58974358974359
FBgn0265578	90	105	195	0.461538461538462
FBgn0265579	19	19	38	0.5
FBgn0265580	56	73	129	0.434108527131783
FBgn0265581	8	4	12	0.666666666666667
FBgn0265582	55	39	94	0.585106382978723
FBgn0265583	0	0	0	NA
FBgn0265584	35	53	88	0.397727272727273
FBgn0265585	66	60	126	0.523809523809524
FBgn0265586	13	15	28	0.464285714285714
FBgn0265587	67	70	137	0.489051094890511
FBgn0265588	124	129	253	0.490118577075099
FBgn0265589	0	0	0	NA
FBgn0265590	5	13	18	0.277777777777778
FBgn0265591	41	52	93	0.440860215053763
FBgn0265592	70	44	114	0.614035087719298
FBgn0265593	62	49	111	0.558558558558559
FBgn0265594	29	38	67	0.432835820895522
FBgn0265595	474	4	478	0.99163179916318
FBgn0265596	32	0	32	1
FBgn0265597	749	9	758	0.988126649076517
FBgn0265598	220	1	221	0.995475113122172
FBgn0265605	97	120	217	0.447004608294931
FBgn0265606	39	44	83	0.469879518072289
FBgn0265607	0	0	0	NA
FBgn0265608	47	0	47	1
FBgn0265609	0	0	0	NA
FBgn0265610	65	0	65	1
FBgn0265611	5	0	5	1
FBgn0265612	62	0	62	1
FBgn0265613	9	0	9	1
FBgn0265614	75	69	144	0.520833333333333
FBgn0265623	443	456	899	0.492769744160178
FBgn0265625	204	203	407	0.501228501228501
FBgn0265626	0	0	0	NA
FBgn0265627	0	0	0	NA
FBgn0265629	55	0	55	1
FBgn0265630	374	2	376	0.99468085106383
FBgn0265631	31	27	58	0.53448275862069
FBgn0265632	50	43	93	0.537634408602151
FBgn0265633	17	24	41	0.414634146341463
FBgn0265634	41	48	89	0.460674157303371
FBgn0265635	65	74	139	0.467625899280576
FBgn0265636	48	71	119	0.403361344537815
FBgn0265637	35	31	66	0.53030303030303
FBgn0265638	73	78	151	0.483443708609272
FBgn0265639	57	61	118	0.483050847457627
FBgn0265640	35	41	76	0.460526315789474
FBgn0265641	51	37	88	0.579545454545455
FBgn0265642	65	75	140	0.464285714285714
FBgn0265643	49	43	92	0.532608695652174
FBgn0265644	84	77	161	0.521739130434783
FBgn0265645	74	52	126	0.587301587301587
FBgn0265646	43	40	83	0.518072289156627
FBgn0265648	21	30	51	0.411764705882353
FBgn0265649	3	7	10	0.3
FBgn0265650	74	43	117	0.632478632478632
FBgn0265651	39	25	64	0.609375
FBgn0265652	0	0	0	NA
FBgn0265653	28	26	54	0.518518518518518
FBgn0265654	42	41	83	0.506024096385542
FBgn0265655	49	59	108	0.453703703703704
FBgn0265656	31	37	68	0.455882352941176
FBgn0265657	9	10	19	0.473684210526316
FBgn0265658	43	39	82	0.524390243902439
FBgn0265659	58	54	112	0.517857142857143
FBgn0265660	37	33	70	0.528571428571429
FBgn0265661	109	112	221	0.493212669683258
FBgn0265662	31	0	31	1
FBgn0265663	64	0	64	1
FBgn0265664	68	0	68	1
FBgn0265665	63	62	125	0.504
FBgn0265666	10	5	15	0.666666666666667
FBgn0265667	25	26	51	0.490196078431373
FBgn0265668	55	53	108	0.509259259259259
FBgn0265669	57	65	122	0.467213114754098
FBgn0265670	40	38	78	0.512820512820513
FBgn0265671	25	40	65	0.384615384615385
FBgn0265672	27	32	59	0.457627118644068
FBgn0265673	3	6	9	0.333333333333333
FBgn0265674	21	19	40	0.525
FBgn0265675	49	51	100	0.49
FBgn0265676	26	20	46	0.565217391304348
FBgn0265677	0	2	2	0
FBgn0265678	31	48	79	0.392405063291139
FBgn0265679	52	58	110	0.472727272727273
FBgn0265680	31	26	57	0.543859649122807
FBgn0265681	59	56	115	0.51304347826087
FBgn0265682	72	62	134	0.537313432835821
FBgn0265683	36	30	66	0.545454545454545
FBgn0265684	43	38	81	0.530864197530864
FBgn0265685	56	38	94	0.595744680851064
FBgn0265686	33	22	55	0.6
FBgn0265687	105	93	198	0.53030303030303
FBgn0265688	77	65	142	0.542253521126761
FBgn0265689	55	36	91	0.604395604395604
FBgn0265690	54	49	103	0.524271844660194
FBgn0265691	192	1	193	0.994818652849741
FBgn0265692	24	0	24	1
FBgn0265693	43	0	43	1
FBgn0265694	92	1	93	0.989247311827957
FBgn0265695	63	0	63	1
FBgn0265696	100	129	229	0.436681222707424
FBgn0265697	49	56	105	0.466666666666667
FBgn0265698	58	45	103	0.563106796116505
FBgn0265699	263	258	521	0.504798464491363
FBgn0265700	66	0	66	1
FBgn0265701	10	0	10	1
FBgn0265702	19	25	44	0.431818181818182
FBgn0265703	18	27	45	0.4
FBgn0265704	0	0	0	NA
FBgn0265705	4	0	4	1
FBgn0265706	9	17	26	0.346153846153846
FBgn0265707	15	15	30	0.5
FBgn0265708	15	18	33	0.454545454545455
FBgn0265709	13	16	29	0.448275862068966
FBgn0265710	107	1	108	0.990740740740741
FBgn0265711	22	15	37	0.594594594594595
FBgn0265712	37	34	71	0.52112676056338
FBgn0265713	99	97	196	0.505102040816326
FBgn0265714	42	60	102	0.411764705882353
FBgn0265715	14	20	34	0.411764705882353
FBgn0265716	27	25	52	0.519230769230769
FBgn0265717	43	0	43	1
FBgn0265718	93	83	176	0.528409090909091
FBgn0265719	45	67	112	0.401785714285714
FBgn0265720	55	54	109	0.504587155963303
FBgn0265721	35	48	83	0.421686746987952
FBgn0265722	47	42	89	0.528089887640449
FBgn0265723	63	70	133	0.473684210526316
FBgn0265724	38	47	85	0.447058823529412
FBgn0265725	28	0	28	1
FBgn0265726	635	1	636	0.998427672955975
FBgn0265727	26	0	26	1
FBgn0265728	149	146	295	0.505084745762712
FBgn0265729	62	84	146	0.424657534246575
FBgn0265730	69	79	148	0.466216216216216
FBgn0265731	90	55	145	0.620689655172414
FBgn0265732	57	53	110	0.518181818181818
FBgn0265733	13	13	26	0.5
FBgn0265734	39	29	68	0.573529411764706
FBgn0265735	29	24	53	0.547169811320755
FBgn0265736	51	50	101	0.504950495049505
FBgn0265737	72	58	130	0.553846153846154
FBgn0265738	66	61	127	0.519685039370079
FBgn0265739	33	42	75	0.44
FBgn0265740	82	99	181	0.453038674033149
FBgn0265741	74	57	131	0.564885496183206
FBgn0265742	38	34	72	0.527777777777778
FBgn0265743	34	38	72	0.472222222222222
FBgn0265744	37	37	74	0.5
FBgn0265745	44	40	84	0.523809523809524
FBgn0265746	84	84	168	0.5
FBgn0265747	39	34	73	0.534246575342466
FBgn0265748	44	43	87	0.505747126436782
FBgn0265749	33	0	33	1
FBgn0265750	0	0	0	NA
FBgn0265751	30	44	74	0.405405405405405
FBgn0265752	54	44	98	0.551020408163265
FBgn0265753	61	61	122	0.5
FBgn0265754	21	33	54	0.388888888888889
FBgn0265755	43	37	80	0.5375
FBgn0265756	21	27	48	0.4375
FBgn0265757	40	47	87	0.459770114942529
FBgn0265758	15	13	28	0.535714285714286
FBgn0265759	78	66	144	0.541666666666667
FBgn0265760	2	1	3	0.666666666666667
FBgn0265761	55	0	55	1
FBgn0265762	52	48	100	0.52
FBgn0265763	24	29	53	0.452830188679245
FBgn0265764	38	36	74	0.513513513513513
FBgn0265765	88	107	195	0.451282051282051
FBgn0265766	80	114	194	0.412371134020619
FBgn0265767	98	2	100	0.98
FBgn0265778	384	359	743	0.516823687752355
FBgn0265784	255	0	255	1
FBgn0265785	35	35	70	0.5
FBgn0265786	39	54	93	0.419354838709677
FBgn0265787	34	39	73	0.465753424657534
FBgn0265788	85	97	182	0.467032967032967
FBgn0265789	27	35	62	0.435483870967742
FBgn0265790	46	43	89	0.51685393258427
FBgn0265791	29	53	82	0.353658536585366
FBgn0265792	79	83	162	0.487654320987654
FBgn0265793	55	51	106	0.518867924528302
FBgn0265794	25	27	52	0.480769230769231
FBgn0265795	42	35	77	0.545454545454545
FBgn0265796	19	9	28	0.678571428571429
FBgn0265797	39	39	78	0.5
FBgn0265798	109	86	195	0.558974358974359
FBgn0265799	19	27	46	0.41304347826087
FBgn0265800	18	18	36	0.5
FBgn0265801	23	38	61	0.377049180327869
FBgn0265802	89	80	169	0.526627218934911
FBgn0265803	39	35	74	0.527027027027027
FBgn0265804	130	115	245	0.530612244897959
FBgn0265805	21	17	38	0.552631578947368
FBgn0265806	37	41	78	0.474358974358974
FBgn0265807	69	64	133	0.518796992481203
FBgn0265808	21	17	38	0.552631578947368
FBgn0265809	47	20	67	0.701492537313433
FBgn0265810	0	0	0	NA
FBgn0265811	12	13	25	0.48
FBgn0265812	50	49	99	0.505050505050505
FBgn0265813	194	187	381	0.509186351706037
FBgn0265814	439	410	849	0.517078916372203
FBgn0265815	24	15	39	0.615384615384615
FBgn0265816	31	33	64	0.484375
FBgn0265817	52	52	104	0.5
FBgn0265818	36	29	65	0.553846153846154
FBgn0265819	51	44	95	0.536842105263158
FBgn0265820	51	61	112	0.455357142857143
FBgn0265821	55	59	114	0.482456140350877
FBgn0265822	30	37	67	0.447761194029851
FBgn0265823	198	202	400	0.495
FBgn0265824	46	45	91	0.505494505494505
FBgn0265825	33	38	71	0.464788732394366
FBgn0265826	32	44	76	0.421052631578947
FBgn0265827	47	44	91	0.516483516483517
FBgn0265828	48	55	103	0.466019417475728
FBgn0265829	57	57	114	0.5
FBgn0265830	69	1	70	0.985714285714286
FBgn0265831	48	0	48	1
FBgn0265832	47	0	47	1
FBgn0265833	60	47	107	0.560747663551402
FBgn0265834	58	66	124	0.467741935483871
FBgn0265835	28	25	53	0.528301886792453
FBgn0265836	50	39	89	0.561797752808989
FBgn0265837	19	29	48	0.395833333333333
FBgn0265838	34	32	66	0.515151515151515
FBgn0265839	42	31	73	0.575342465753425
FBgn0265840	46	37	83	0.55421686746988
FBgn0265841	27	45	72	0.375
FBgn0265842	70	54	124	0.564516129032258
FBgn0265843	53	59	112	0.473214285714286
FBgn0265844	46	47	93	0.494623655913978
FBgn0265845	14	9	23	0.608695652173913
FBgn0265846	26	21	47	0.553191489361702
FBgn0265847	46	30	76	0.605263157894737
FBgn0265849	29	26	55	0.527272727272727
FBgn0265850	48	45	93	0.516129032258065
FBgn0265851	33	34	67	0.492537313432836
FBgn0265852	60	46	106	0.566037735849057
FBgn0265853	31	24	55	0.563636363636364
FBgn0265854	66	63	129	0.511627906976744
FBgn0265855	10	24	34	0.294117647058824
FBgn0265856	24	25	49	0.489795918367347
FBgn0265857	6	5	11	0.545454545454545
FBgn0265858	41	27	68	0.602941176470588
FBgn0265859	47	32	79	0.594936708860759
FBgn0265860	14	10	24	0.583333333333333
FBgn0265861	21	25	46	0.456521739130435
FBgn0265862	79	82	161	0.490683229813665
FBgn0265863	43	48	91	0.472527472527473
FBgn0265864	0	0	0	NA
FBgn0265865	76	0	76	1
FBgn0265866	39	1	40	0.975
FBgn0265868	120	1	121	0.991735537190083
FBgn0265869	36	0	36	1
FBgn0265870	44	35	79	0.556962025316456
FBgn0265871	69	51	120	0.575
FBgn0265872	0	0	0	NA
FBgn0265873	160	0	160	1
FBgn0265874	39	1	40	0.975
FBgn0265875	45	1	46	0.978260869565217
FBgn0265876	86	84	170	0.505882352941176
FBgn0265877	130	94	224	0.580357142857143
FBgn0265878	101	99	200	0.505
FBgn0265879	47	55	102	0.46078431372549
FBgn0265880	61	55	116	0.525862068965517
FBgn0265881	54	63	117	0.461538461538462
FBgn0265882	21	19	40	0.525
FBgn0265883	44	40	84	0.523809523809524
FBgn0265884	26	29	55	0.472727272727273
FBgn0265885	52	47	99	0.525252525252525
FBgn0265886	33	46	79	0.417721518987342
FBgn0265887	13	15	28	0.464285714285714
FBgn0265888	25	28	53	0.471698113207547
FBgn0265889	30	29	59	0.508474576271186
FBgn0265890	37	48	85	0.435294117647059
FBgn0265891	0	0	0	NA
FBgn0265892	0	0	0	NA
FBgn0265893	14	24	38	0.368421052631579
FBgn0265894	0	0	0	NA
FBgn0265895	0	0	0	NA
FBgn0265896	16	10	26	0.615384615384615
FBgn0265897	37	30	67	0.552238805970149
FBgn0265898	29	22	51	0.568627450980392
FBgn0265899	11	15	26	0.423076923076923
FBgn0265900	7	6	13	0.538461538461538
FBgn0265901	0	0	0	NA
FBgn0265902	50	0	50	1
FBgn0265903	42	0	42	1
FBgn0265904	11	22	33	0.333333333333333
FBgn0265905	7	10	17	0.411764705882353
FBgn0265906	19	32	51	0.372549019607843
FBgn0265907	18	17	35	0.514285714285714
FBgn0265908	35	35	70	0.5
FBgn0265909	50	43	93	0.537634408602151
FBgn0265910	39	42	81	0.481481481481481
FBgn0265911	48	33	81	0.592592592592593
FBgn0265912	34	47	81	0.419753086419753
FBgn0265913	57	47	104	0.548076923076923
FBgn0265914	21	18	39	0.538461538461538
FBgn0265915	15	17	32	0.46875
FBgn0265916	15	0	15	1
FBgn0265917	47	48	95	0.494736842105263
FBgn0265918	62	1	63	0.984126984126984
FBgn0265919	60	0	60	1
FBgn0265920	71	69	140	0.507142857142857
FBgn0265921	56	0	56	1
FBgn0265922	63	1	64	0.984375
FBgn0265923	65	0	65	1
FBgn0265924	0	0	0	NA
FBgn0265925	0	0	0	NA
FBgn0265926	27	25	52	0.519230769230769
FBgn0265927	0	0	0	NA
FBgn0265928	122	113	235	0.519148936170213
FBgn0265929	55	51	106	0.518867924528302
FBgn0265930	0	0	0	NA
FBgn0265931	49	50	99	0.494949494949495
FBgn0265932	17	15	32	0.53125
FBgn0265933	0	0	0	NA
FBgn0265934	38	39	77	0.493506493506494
FBgn0265935	121	141	262	0.461832061068702
FBgn0265937	0	0	0	NA
FBgn0265938	75	55	130	0.576923076923077
FBgn0265939	40	58	98	0.408163265306122
FBgn0265940	34	32	66	0.515151515151515
FBgn0265941	72	120	192	0.375
FBgn0265942	38	61	99	0.383838383838384
FBgn0265943	31	22	53	0.584905660377358
FBgn0265944	26	27	53	0.490566037735849
FBgn0265945	114	109	223	0.511210762331839
FBgn0265946	35	21	56	0.625
FBgn0265947	44	54	98	0.448979591836735
FBgn0265948	45	27	72	0.625
FBgn0265949	29	44	73	0.397260273972603
FBgn0265950	156	177	333	0.468468468468468
FBgn0265951	42	31	73	0.575342465753425
FBgn0265952	83	93	176	0.471590909090909
FBgn0265953	18	27	45	0.4
FBgn0265954	19	18	37	0.513513513513513
FBgn0265955	0	0	0	NA
FBgn0265956	35	47	82	0.426829268292683
FBgn0265957	56	44	100	0.56
FBgn0265958	82	85	167	0.491017964071856
FBgn0265959	64	63	127	0.503937007874016
FBgn0265960	13	29	42	0.30952380952381
FBgn0265961	48	45	93	0.516129032258065
FBgn0265962	35	19	54	0.648148148148148
FBgn0265963	72	74	146	0.493150684931507
FBgn0265964	25	0	25	1
FBgn0265965	0	0	0	NA
FBgn0265966	31	0	31	1
FBgn0265967	303	1	304	0.996710526315789
FBgn0265968	0	0	0	NA
FBgn0265974	440	455	895	0.491620111731844
FBgn0265976	48	36	84	0.571428571428571
FBgn0265977	123	103	226	0.544247787610619
FBgn0265978	51	56	107	0.476635514018692
FBgn0265979	39	34	73	0.534246575342466
FBgn0265980	78	89	167	0.467065868263473
FBgn0265981	28	30	58	0.482758620689655
FBgn0265982	23	16	39	0.58974358974359
FBgn0265983	22	24	46	0.478260869565217
FBgn0265984	20	25	45	0.444444444444444
FBgn0265985	63	66	129	0.488372093023256
FBgn0265986	41	0	41	1
FBgn0265987	8	0	8	1
FBgn0265988	789	805	1594	0.494981179422836
FBgn0265991	726	679	1405	0.516725978647687
FBgn0265992	68	61	129	0.527131782945736
FBgn0265993	32	46	78	0.41025641025641
FBgn0265994	30	41	71	0.422535211267606
FBgn0265995	45	42	87	0.517241379310345
FBgn0265996	63	62	125	0.504
FBgn0265997	12	13	25	0.48
FBgn0265998	678	709	1387	0.488824801730353
FBgn0265999	17	24	41	0.414634146341463
FBgn0266000	177	11	188	0.941489361702128
FBgn0266001	65	74	139	0.467625899280576
FBgn0266002	35	43	78	0.448717948717949
FBgn0266003	115	118	233	0.493562231759657
FBgn0266004	82	71	153	0.535947712418301
FBgn0266005	252	7	259	0.972972972972973
FBgn0266007	31	29	60	0.516666666666667
FBgn0266008	49	55	104	0.471153846153846
FBgn0266009	65	94	159	0.408805031446541
FBgn0266010	40	48	88	0.454545454545455
FBgn0266011	23	30	53	0.433962264150943
FBgn0266019	641	6	647	0.990726429675425
FBgn0266020	25	18	43	0.581395348837209
FBgn0266021	78	77	155	0.503225806451613
FBgn0266022	21	28	49	0.428571428571429
FBgn0266023	31	32	63	0.492063492063492
FBgn0266024	63	55	118	0.533898305084746
FBgn0266025	66	83	149	0.442953020134228
FBgn0266026	44	39	83	0.530120481927711
FBgn0266027	47	54	101	0.465346534653465
FBgn0266028	4	3	7	0.571428571428571
FBgn0266029	43	41	84	0.511904761904762
FBgn0266030	51	46	97	0.525773195876289
FBgn0266031	20	13	33	0.606060606060606
FBgn0266032	35	40	75	0.466666666666667
FBgn0266033	9	11	20	0.45
FBgn0266034	55	55	110	0.5
FBgn0266035	41	35	76	0.539473684210526
FBgn0266036	236	179	415	0.568674698795181
FBgn0266037	34	53	87	0.390804597701149
FBgn0266038	10	7	17	0.588235294117647
FBgn0266039	17	9	26	0.653846153846154
FBgn0266040	25	36	61	0.409836065573771
FBgn0266041	13	16	29	0.448275862068966
FBgn0266042	14	39	53	0.264150943396226
FBgn0266043	33	25	58	0.568965517241379
FBgn0266044	15	13	28	0.535714285714286
FBgn0266045	90	109	199	0.452261306532663
FBgn0266046	59	58	117	0.504273504273504
FBgn0266047	15	14	29	0.517241379310345
FBgn0266048	22	29	51	0.431372549019608
FBgn0266049	23	22	45	0.511111111111111
FBgn0266050	29	0	29	1
FBgn0266051	0	0	0	NA
FBgn0266052	18	0	18	1
FBgn0266053	8	9	17	0.470588235294118
FBgn0266064	137	142	279	0.491039426523298
FBgn0266065	0	0	0	NA
FBgn0266066	15	15	30	0.5
FBgn0266067	0	0	0	NA
FBgn0266068	40	54	94	0.425531914893617
FBgn0266069	26	23	49	0.530612244897959
FBgn0266070	45	38	83	0.542168674698795
FBgn0266071	35	36	71	0.492957746478873
FBgn0266072	2	0	2	1
FBgn0266073	55	52	107	0.514018691588785
FBgn0266074	88	90	178	0.49438202247191
FBgn0266076	0	0	0	NA
FBgn0266083	353	371	724	0.487569060773481
FBgn0266084	601	595	1196	0.502508361204013
FBgn0266086	1	0	1	1
FBgn0266087	14	14	28	0.5
FBgn0266088	19	15	34	0.558823529411765
FBgn0266094	34	0	34	1
FBgn0266095	26	0	26	1
FBgn0266096	55	0	55	1
FBgn0266097	42	0	42	1
FBgn0266098	84	0	84	1
FBgn0266099	260	230	490	0.530612244897959
FBgn0266100	420	419	839	0.500595947556615
FBgn0266101	322	334	656	0.490853658536585
FBgn0266102	0	0	0	NA
FBgn0266111	238	231	469	0.507462686567164
FBgn0266114	0	0	0	NA
FBgn0266115	76	0	76	1
FBgn0266116	116	112	228	0.508771929824561
FBgn0266117	0	0	0	NA
FBgn0266124	37	43	80	0.4625
FBgn0266129	177	214	391	0.452685421994885
FBgn0266136	1	5	6	0.166666666666667
FBgn0266137	443	407	850	0.521176470588235
FBgn0266138	16	20	36	0.444444444444444
FBgn0266139	32	37	69	0.463768115942029
FBgn0266140	96	131	227	0.422907488986784
FBgn0266141	1	0	1	1
FBgn0266142	67	50	117	0.572649572649573
FBgn0266143	14	18	32	0.4375
FBgn0266144	1	3	4	0.25
FBgn0266145	73	51	124	0.588709677419355
FBgn0266146	53	61	114	0.464912280701754
FBgn0266147	41	39	80	0.5125
FBgn0266148	40	29	69	0.579710144927536
FBgn0266149	34	40	74	0.459459459459459
FBgn0266150	62	58	120	0.516666666666667
FBgn0266151	54	43	97	0.556701030927835
FBgn0266152	48	47	95	0.505263157894737
FBgn0266153	39	44	83	0.469879518072289
FBgn0266154	23	23	46	0.5
FBgn0266155	41	48	89	0.460674157303371
FBgn0266156	47	62	109	0.431192660550459
FBgn0266157	42	33	75	0.56
FBgn0266158	42	54	96	0.4375
FBgn0266159	0	0	0	NA
FBgn0266160	12	9	21	0.571428571428571
FBgn0266161	18	19	37	0.486486486486487
FBgn0266162	4	6	10	0.4
FBgn0266163	22	27	49	0.448979591836735
FBgn0266164	16	14	30	0.533333333333333
FBgn0266165	47	35	82	0.573170731707317
FBgn0266166	0	0	0	NA
FBgn0266167	29	12	41	0.707317073170732
FBgn0266168	57	57	114	0.5
FBgn0266169	46	49	95	0.484210526315789
FBgn0266170	0	0	0	NA
FBgn0266171	0	0	0	NA
FBgn0266172	11	3	14	0.785714285714286
FBgn0266173	0	0	0	NA
FBgn0266174	0	0	0	NA
FBgn0266175	0	0	0	NA
FBgn0266176	0	0	0	NA
FBgn0266177	0	0	0	NA
FBgn0266178	5	6	11	0.454545454545455
FBgn0266179	88	0	88	1
FBgn0266180	42	1	43	0.976744186046512
FBgn0266181	0	0	0	NA
FBgn0266182	18	1	19	0.947368421052632
FBgn0266183	12	0	12	1
FBgn0266186	9	12	21	0.428571428571429
FBgn0266195	0	0	0	NA
FBgn0266196	0	0	0	NA
FBgn0266197	73	0	73	1
FBgn0266198	34	1	35	0.971428571428571
FBgn0266199	21	1	22	0.954545454545455
FBgn0266200	63	0	63	1
FBgn0266201	0	0	0	NA
FBgn0266202	9	8	17	0.529411764705882
FBgn0266203	0	0	0	NA
FBgn0266204	47	32	79	0.594936708860759
FBgn0266205	53	54	107	0.495327102803738
FBgn0266206	81	85	166	0.487951807228916
FBgn0266207	24	38	62	0.387096774193548
FBgn0266208	41	32	73	0.561643835616438
FBgn0266209	28	22	50	0.56
FBgn0266210	55	57	112	0.491071428571429
FBgn0266211	117	113	230	0.508695652173913
FBgn0266212	24	27	51	0.470588235294118
FBgn0266213	16	21	37	0.432432432432432
FBgn0266214	142	151	293	0.484641638225256
FBgn0266215	0	0	0	NA
FBgn0266216	40	32	72	0.555555555555556
FBgn0266217	74	66	140	0.528571428571429
FBgn0266218	28	40	68	0.411764705882353
FBgn0266219	76	61	137	0.554744525547445
FBgn0266220	69	59	128	0.5390625
FBgn0266221	56	58	114	0.491228070175439
FBgn0266222	116	123	239	0.485355648535565
FBgn0266223	60	78	138	0.434782608695652
FBgn0266224	13	12	25	0.52
FBgn0266225	12	10	22	0.545454545454545
FBgn0266226	19	22	41	0.463414634146341
FBgn0266227	25	10	35	0.714285714285714
FBgn0266228	17	9	26	0.653846153846154
FBgn0266229	7	9	16	0.4375
FBgn0266230	14	15	29	0.482758620689655
FBgn0266231	31	34	65	0.476923076923077
FBgn0266232	35	35	70	0.5
FBgn0266233	14	19	33	0.424242424242424
FBgn0266234	4	2	6	0.666666666666667
FBgn0266235	44	57	101	0.435643564356436
FBgn0266236	33	34	67	0.492537313432836
FBgn0266237	19	24	43	0.441860465116279
FBgn0266238	63	64	127	0.496062992125984
FBgn0266239	15	16	31	0.483870967741935
FBgn0266240	65	48	113	0.575221238938053
FBgn0266241	63	41	104	0.605769230769231
FBgn0266242	32	35	67	0.477611940298507
FBgn0266243	9	51	60	0.15
FBgn0266244	40	39	79	0.506329113924051
FBgn0266245	87	94	181	0.480662983425414
FBgn0266246	84	88	172	0.488372093023256
FBgn0266247	30	37	67	0.447761194029851
FBgn0266248	62	54	116	0.53448275862069
FBgn0266249	44	93	137	0.321167883211679
FBgn0266250	63	62	125	0.504
FBgn0266251	138	144	282	0.48936170212766
FBgn0266252	105	88	193	0.544041450777202
FBgn0266253	19	25	44	0.431818181818182
FBgn0266254	120	103	223	0.538116591928251
FBgn0266255	61	71	132	0.462121212121212
FBgn0266256	90	83	173	0.520231213872832
FBgn0266257	68	58	126	0.53968253968254
FBgn0266258	101	67	168	0.601190476190476
FBgn0266259	117	100	217	0.539170506912442
FBgn0266260	151	112	263	0.574144486692015
FBgn0266261	58	55	113	0.513274336283186
FBgn0266262	46	0	46	1
FBgn0266263	0	0	0	NA
FBgn0266264	0	0	0	NA
FBgn0266268	85	69	154	0.551948051948052
FBgn0266275	20	1	21	0.952380952380952
FBgn0266276	0	0	0	NA
FBgn0266277	4	0	4	1
FBgn0266278	29	0	29	1
FBgn0266279	67	0	67	1
FBgn0266280	20	0	20	1
FBgn0266281	52	0	52	1
FBgn0266282	153	129	282	0.542553191489362
FBgn0266284	67	0	67	1
FBgn0266302	22	23	45	0.488888888888889
FBgn0266303	13	13	26	0.5
FBgn0266304	0	0	0	NA
FBgn0266305	39	43	82	0.475609756097561
FBgn0266306	34	43	77	0.441558441558442
FBgn0266307	0	0	0	NA
FBgn0266308	43	37	80	0.5375
FBgn0266309	1	1	2	0.5
FBgn0266310	14	18	32	0.4375
FBgn0266311	0	0	0	NA
FBgn0266312	41	48	89	0.460674157303371
FBgn0266313	78	84	162	0.481481481481481
FBgn0266314	20	20	40	0.5
FBgn0266315	59	66	125	0.472
FBgn0266316	40	46	86	0.465116279069767
FBgn0266317	0	0	0	NA
FBgn0266318	20	16	36	0.555555555555556
FBgn0266319	79	53	132	0.598484848484849
FBgn0266320	9	5	14	0.642857142857143
FBgn0266321	0	0	0	NA
FBgn0266322	3	4	7	0.428571428571429
FBgn0266323	20	15	35	0.571428571428571
FBgn0266324	0	0	0	NA
FBgn0266325	0	0	0	NA
FBgn0266326	5	4	9	0.555555555555556
FBgn0266327	124	114	238	0.521008403361345
FBgn0266328	31	25	56	0.553571428571429
FBgn0266329	40	60	100	0.4
FBgn0266330	0	0	0	NA
FBgn0266331	0	0	0	NA
FBgn0266346	254	258	512	0.49609375
FBgn0266347	284	201	485	0.585567010309278
FBgn0266348	116	0	116	1
FBgn0266349	4	0	4	1
FBgn0266350	45	0	45	1
FBgn0266351	0	0	0	NA
FBgn0266352	0	0	0	NA
FBgn0266354	502	1	503	0.998011928429423
FBgn0266355	78	0	78	1
FBgn0266356	195	186	381	0.511811023622047
FBgn0266357	30	30	60	0.5
FBgn0266358	38	44	82	0.463414634146341
FBgn0266359	0	1	1	0
FBgn0266360	9	14	23	0.391304347826087
FBgn0266361	25	0	25	1
FBgn0266362	0	0	0	NA
FBgn0266363	19	19	38	0.5
FBgn0266364	13	11	24	0.541666666666667
FBgn0266365	0	0	0	NA
FBgn0266366	20	21	41	0.48780487804878
FBgn0266369	178	166	344	0.517441860465116
FBgn0266371	0	0	0	NA
FBgn0266372	2	3	5	0.4
FBgn0266376	128	3	131	0.977099236641221
FBgn0266377	602	590	1192	0.50503355704698
FBgn0266378	48	50	98	0.489795918367347
FBgn0266379	17	20	37	0.459459459459459
FBgn0266380	46	42	88	0.522727272727273
FBgn0266381	59	73	132	0.446969696969697
FBgn0266382	42	25	67	0.626865671641791
FBgn0266383	78	77	155	0.503225806451613
FBgn0266384	0	0	0	NA
FBgn0266388	8	6	14	0.571428571428571
FBgn0266389	3	9	12	0.25
FBgn0266390	73	45	118	0.61864406779661
FBgn0266391	0	0	0	NA
FBgn0266392	42	63	105	0.4
FBgn0266393	0	0	0	NA
FBgn0266394	23	32	55	0.418181818181818
FBgn0266395	21	19	40	0.525
FBgn0266396	53	57	110	0.481818181818182
FBgn0266397	29	44	73	0.397260273972603
FBgn0266398	8	11	19	0.421052631578947
FBgn0266399	17	25	42	0.404761904761905
FBgn0266400	0	0	0	NA
FBgn0266401	0	0	0	NA
FBgn0266402	0	0	0	NA
FBgn0266403	68	47	115	0.591304347826087
FBgn0266404	0	0	0	NA
FBgn0266405	62	50	112	0.553571428571429
FBgn0266406	0	0	0	NA
FBgn0266407	40	29	69	0.579710144927536
FBgn0266408	108	84	192	0.5625
FBgn0266409	58	70	128	0.453125
FBgn0266410	176	196	372	0.473118279569892
FBgn0266411	457	442	899	0.508342602892102
FBgn0266412	30	40	70	0.428571428571429
FBgn0266413	0	0	0	NA
FBgn0266414	45	39	84	0.535714285714286
FBgn0266415	33	31	64	0.515625
FBgn0266416	5	3	8	0.625
FBgn0266417	117	139	256	0.45703125
FBgn0266418	509	499	1008	0.504960317460317
FBgn0266419	48	0	48	1
FBgn0266420	81	73	154	0.525974025974026
FBgn0266421	2	0	2	1
FBgn0266428	0	0	0	NA
FBgn0266429	388	5	393	0.987277353689567
FBgn0266430	14	0	14	1
FBgn0266431	67	0	67	1
FBgn0266432	219	244	463	0.473002159827214
FBgn0266433	73	72	145	0.503448275862069
FBgn0266434	0	0	0	NA
FBgn0266435	0	0	0	NA
FBgn0266436	58	49	107	0.542056074766355
FBgn0266437	227	216	443	0.512415349887133
FBgn0266438	0	0	0	NA
FBgn0266439	0	0	0	NA
FBgn0266441	89	88	177	0.502824858757062
FBgn0266442	92	122	214	0.429906542056075
FBgn0266443	33	58	91	0.362637362637363
FBgn0266445	0	0	0	NA
FBgn0266446	172	147	319	0.539184952978056
FBgn0266448	48	51	99	0.484848484848485
FBgn0266449	113	95	208	0.543269230769231
FBgn0266450	76	89	165	0.460606060606061
FBgn0266451	1	1	2	0.5
FBgn0266452	119	114	233	0.510729613733906
FBgn0266454	38	39	77	0.493506493506494
FBgn0266455	11	12	23	0.478260869565217
FBgn0266456	22	20	42	0.523809523809524
FBgn0266457	77	0	77	1
FBgn0266459	0	0	0	NA
FBgn0266464	199	247	446	0.446188340807175
FBgn0266465	127	100	227	0.559471365638767
FBgn0266486	0	0	0	NA
FBgn0266487	0	0	0	NA
FBgn0266488	0	0	0	NA
FBgn0266489	0	0	0	NA
FBgn0266490	0	0	0	NA
FBgn0266491	0	0	0	NA
FBgn0266492	2	0	2	1
FBgn0266518	32	25	57	0.56140350877193
FBgn0266521	300	311	611	0.490998363338789
FBgn0266525	0	0	0	NA
FBgn0266534	78	85	163	0.478527607361963
FBgn0266535	44	44	88	0.5
FBgn0266536	51	38	89	0.573033707865168
FBgn0266537	65	76	141	0.460992907801418
FBgn0266538	0	0	0	NA
FBgn0266539	0	0	0	NA
FBgn0266540	0	0	0	NA
FBgn0266549	52	0	52	1
FBgn0266557	309	331	640	0.4828125
FBgn0266564	35	29	64	0.546875
FBgn0266565	27	27	54	0.5
FBgn0266566	199	236	435	0.457471264367816
FBgn0266568	63	0	63	1
FBgn0266569	30	1	31	0.967741935483871
FBgn0266570	69	0	69	1
FBgn0266572	130	2	132	0.984848484848485
FBgn0266573	29	35	64	0.453125
FBgn0266574	33	27	60	0.55
FBgn0266577	54	60	114	0.473684210526316
FBgn0266578	0	0	0	NA
FBgn0266579	518	550	1068	0.48501872659176
FBgn0266580	254	257	511	0.49706457925636
FBgn0266581	149	152	301	0.495016611295681
FBgn0266582	75	59	134	0.559701492537313
FBgn0266585	14	17	31	0.451612903225806
FBgn0266586	27	36	63	0.428571428571429
FBgn0266587	33	37	70	0.471428571428571
FBgn0266588	26	21	47	0.553191489361702
FBgn0266589	64	56	120	0.533333333333333
FBgn0266590	59	72	131	0.450381679389313
FBgn0266591	0	0	0	NA
FBgn0266592	40	27	67	0.597014925373134
FBgn0266593	23	15	38	0.605263157894737
FBgn0266594	26	34	60	0.433333333333333
FBgn0266595	67	60	127	0.52755905511811
FBgn0266596	22	26	48	0.458333333333333
FBgn0266598	2	8	10	0.2
FBgn0266599	44	54	98	0.448979591836735
FBgn0266615	8	4	12	0.666666666666667
FBgn0266616	6	12	18	0.333333333333333
FBgn0266617	0	0	0	NA
FBgn0266618	23	22	45	0.511111111111111
FBgn0266619	8	12	20	0.4
FBgn0266620	96	81	177	0.542372881355932
FBgn0266621	20	37	57	0.350877192982456
FBgn0266622	10	12	22	0.454545454545455
FBgn0266623	0	0	0	NA
FBgn0266624	113	110	223	0.506726457399103
FBgn0266625	2	3	5	0.4
FBgn0266626	3	1	4	0.75
FBgn0266627	14	25	39	0.358974358974359
FBgn0266628	12	4	16	0.75
FBgn0266629	35	29	64	0.546875
FBgn0266630	361	388	749	0.481975967957276
FBgn0266631	42	62	104	0.403846153846154
FBgn0266632	0	0	0	NA
FBgn0266633	66	57	123	0.536585365853659
FBgn0266634	11	6	17	0.647058823529412
FBgn0266635	1	0	1	1
FBgn0266636	0	0	0	NA
FBgn0266637	12	9	21	0.571428571428571
FBgn0266638	0	0	0	NA
FBgn0266639	50	38	88	0.568181818181818
FBgn0266640	67	76	143	0.468531468531469
FBgn0266641	86	94	180	0.477777777777778
FBgn0266642	0	0	0	NA
FBgn0266643	50	71	121	0.413223140495868
FBgn0266644	0	0	0	NA
FBgn0266645	0	0	0	NA
FBgn0266646	58	63	121	0.479338842975207
FBgn0266647	5	1	6	0.833333333333333
FBgn0266648	32	23	55	0.581818181818182
FBgn0266649	104	102	206	0.504854368932039
FBgn0266650	48	50	98	0.489795918367347
FBgn0266651	67	55	122	0.549180327868853
FBgn0266652	24	29	53	0.452830188679245
FBgn0266653	0	0	0	NA
FBgn0266654	0	0	0	NA
FBgn0266655	0	0	0	NA
FBgn0266656	0	0	0	NA
FBgn0266657	9	5	14	0.642857142857143
FBgn0266666	30	30	60	0.5
FBgn0266667	99	98	197	0.50253807106599
FBgn0266668	152	121	273	0.556776556776557
FBgn0266669	95	84	179	0.53072625698324
FBgn0266670	74	79	153	0.483660130718954
FBgn0266671	158	151	309	0.511326860841424
FBgn0266672	21	22	43	0.488372093023256
FBgn0266673	183	173	356	0.514044943820225
FBgn0266674	240	217	457	0.525164113785558
FBgn0266675	1	0	1	1
FBgn0266676	103	113	216	0.476851851851852
FBgn0266677	2	6	8	0.25
FBgn0266678	0	0	0	NA
FBgn0266679	49	60	109	0.44954128440367
FBgn0266680	106	84	190	0.557894736842105
FBgn0266681	12	15	27	0.444444444444444
FBgn0266682	28	35	63	0.444444444444444
FBgn0266683	38	39	77	0.493506493506494
FBgn0266684	52	51	103	0.504854368932039
FBgn0266685	5	2	7	0.714285714285714
FBgn0266686	0	0	0	NA
FBgn0266687	35	49	84	0.416666666666667
FBgn0266688	16	20	36	0.444444444444444
FBgn0266689	75	89	164	0.457317073170732
FBgn0266690	14	4	18	0.777777777777778
FBgn0266691	2	4	6	0.333333333333333
FBgn0266692	0	0	0	NA
FBgn0266693	75	81	156	0.480769230769231
FBgn0266694	0	0	0	NA
FBgn0266696	1853	1883	3736	0.495985010706638
FBgn0266697	15	21	36	0.416666666666667
FBgn0266698	33	38	71	0.464788732394366
FBgn0266699	37	23	60	0.616666666666667
FBgn0266700	0	2	2	0
FBgn0266701	63	83	146	0.431506849315068
FBgn0266702	12	12	24	0.5
FBgn0266703	51	68	119	0.428571428571429
FBgn0266705	2	5	7	0.285714285714286
FBgn0266706	40	32	72	0.555555555555556
FBgn0266707	0	0	0	NA
FBgn0266708	46	44	90	0.511111111111111
FBgn0266709	74	72	146	0.506849315068493
FBgn0266710	29	0	29	1
FBgn0266711	13	18	31	0.419354838709677
FBgn0266717	193	189	382	0.505235602094241
FBgn0266719	326	321	647	0.50386398763524
FBgn0266720	13	21	34	0.382352941176471
FBgn0266721	67	73	140	0.478571428571429
FBgn0266722	0	0	0	NA
FBgn0266723	43	24	67	0.641791044776119
FBgn0266724	38	39	77	0.493506493506494
FBgn0266725	8	15	23	0.347826086956522
FBgn0266726	4	6	10	0.4
FBgn0266727	0	0	0	NA
FBgn0266728	0	0	0	NA
FBgn0266729	0	0	0	NA
FBgn0266730	40	44	84	0.476190476190476
FBgn0266731	0	0	0	NA
FBgn0266732	13	14	27	0.481481481481481
FBgn0266733	0	0	0	NA
FBgn0266734	43	43	86	0.5
FBgn0266735	7	4	11	0.636363636363636
FBgn0266736	15	14	29	0.517241379310345
FBgn0266737	28	26	54	0.518518518518518
FBgn0266738	10	19	29	0.344827586206897
FBgn0266739	12	16	28	0.428571428571429
FBgn0266740	4	7	11	0.363636363636364
FBgn0266741	20	16	36	0.555555555555556
FBgn0266742	23	28	51	0.450980392156863
FBgn0266743	42	39	81	0.518518518518518
FBgn0266744	0	0	0	NA
FBgn0266745	0	1	1	0
FBgn0266747	12	6	18	0.666666666666667
FBgn0266748	42	37	79	0.531645569620253
FBgn0266749	61	55	116	0.525862068965517
FBgn0266750	385	378	763	0.504587155963303
FBgn0266751	83	68	151	0.549668874172185
FBgn0266752	0	0	0	NA
FBgn0266753	151	145	296	0.510135135135135
FBgn0266756	900	894	1794	0.501672240802676
FBgn0266757	347	322	669	0.518684603886398
FBgn0266758	398	389	787	0.50571791613723
FBgn0266762	15	3	18	0.833333333333333
FBgn0266763	60	69	129	0.465116279069767
FBgn0266764	15	28	43	0.348837209302326
FBgn0266766	303	326	629	0.481717011128776
FBgn0266768	0	0	0	NA
FBgn0266769	29	29	58	0.5
FBgn0266771	40	52	92	0.434782608695652
FBgn0266772	24	34	58	0.413793103448276
FBgn0266773	72	64	136	0.529411764705882
FBgn0266774	65	64	129	0.503875968992248
FBgn0266775	62	70	132	0.46969696969697
FBgn0266776	21	17	38	0.552631578947368
FBgn0266777	31	52	83	0.373493975903614
FBgn0266778	25	27	52	0.480769230769231
FBgn0266780	71	77	148	0.47972972972973
FBgn0266781	43	39	82	0.524390243902439
FBgn0266782	39	38	77	0.506493506493506
FBgn0266783	31	28	59	0.525423728813559
FBgn0266784	4	6	10	0.4
FBgn0266785	38	37	75	0.506666666666667
FBgn0266786	36	42	78	0.461538461538462
FBgn0266787	0	0	0	NA
FBgn0266788	25	24	49	0.510204081632653
FBgn0266789	24	30	54	0.444444444444444
FBgn0266790	22	28	50	0.44
FBgn0266791	53	50	103	0.514563106796116
FBgn0266795	8	17	25	0.32
FBgn0266796	61	55	116	0.525862068965517
FBgn0266797	39	60	99	0.393939393939394
FBgn0266798	13	13	26	0.5
FBgn0266799	48	40	88	0.545454545454545
FBgn0266800	102	65	167	0.610778443113772
FBgn0266801	57	50	107	0.532710280373832
FBgn0266802	0	0	0	NA
FBgn0266803	0	0	0	NA
FBgn0266804	102	95	197	0.517766497461929
FBgn0266805	333	357	690	0.482608695652174
FBgn0266806	0	0	0	NA
FBgn0266807	0	0	0	NA
FBgn0266808	22	21	43	0.511627906976744
FBgn0266809	0	0	0	NA
FBgn0266810	93	100	193	0.481865284974093
FBgn0266811	36	42	78	0.461538461538462
FBgn0266812	31	18	49	0.63265306122449
FBgn0266813	0	0	0	NA
FBgn0266814	87	76	163	0.533742331288344
FBgn0266815	37	37	74	0.5
FBgn0266816	74	84	158	0.468354430379747
FBgn0266817	48	33	81	0.592592592592593
FBgn0266818	121	96	217	0.557603686635945
FBgn0266819	80	142	222	0.36036036036036
FBgn0266820	22	19	41	0.536585365853659
FBgn0266821	96	100	196	0.489795918367347
FBgn0266822	372	385	757	0.491413474240423
FBgn0266823	19	27	46	0.41304347826087
FBgn0266824	46	40	86	0.534883720930233
FBgn0266825	40	35	75	0.533333333333333
FBgn0266826	39	28	67	0.582089552238806
FBgn0266827	41	47	88	0.465909090909091
FBgn0266828	67	64	131	0.511450381679389
FBgn0266829	25	25	50	0.5
FBgn0266830	34	38	72	0.472222222222222
FBgn0266831	29	28	57	0.508771929824561
FBgn0266832	6	6	12	0.5
FBgn0266833	39	38	77	0.506493506493506
FBgn0266834	22	14	36	0.611111111111111
FBgn0266835	25	14	39	0.641025641025641
FBgn0266836	40	20	60	0.666666666666667
FBgn0266837	30	30	60	0.5
FBgn0266838	0	0	0	NA
FBgn0266839	35	24	59	0.593220338983051
FBgn0266840	20	21	41	0.48780487804878
FBgn0266841	67	52	119	0.563025210084034
FBgn0266842	47	36	83	0.566265060240964
FBgn0266843	1	0	1	1
FBgn0266844	22	31	53	0.415094339622642
FBgn0266845	31	31	62	0.5
FBgn0266846	56	59	115	0.48695652173913
FBgn0266847	36	26	62	0.580645161290323
FBgn0266848	142	0	142	1
FBgn0266849	31	39	70	0.442857142857143
FBgn0266850	179	169	348	0.514367816091954
FBgn0266851	73	59	132	0.553030303030303
FBgn0266852	58	55	113	0.513274336283186
FBgn0266853	50	44	94	0.531914893617021
FBgn0266854	44	58	102	0.431372549019608
FBgn0266855	41	25	66	0.621212121212121
FBgn0266856	4	5	9	0.444444444444444
FBgn0266857	9	5	14	0.642857142857143
FBgn0266858	118	124	242	0.487603305785124
FBgn0266859	37	35	72	0.513888888888889
FBgn0266860	30	49	79	0.379746835443038
FBgn0266861	34	45	79	0.430379746835443
FBgn0266862	39	58	97	0.402061855670103
FBgn0266863	61	77	138	0.442028985507246
FBgn0266864	68	46	114	0.596491228070175
FBgn0266865	20	18	38	0.526315789473684
FBgn0266866	34	33	67	0.507462686567164
FBgn0266867	48	54	102	0.470588235294118
FBgn0266868	45	69	114	0.394736842105263
FBgn0266869	3	2	5	0.6
FBgn0266870	33	51	84	0.392857142857143
FBgn0266871	38	32	70	0.542857142857143
FBgn0266872	18	22	40	0.45
FBgn0266873	45	61	106	0.424528301886792
FBgn0266874	20	19	39	0.512820512820513
FBgn0266875	55	53	108	0.509259259259259
FBgn0266876	44	30	74	0.594594594594595
FBgn0266877	49	37	86	0.569767441860465
FBgn0266878	0	0	0	NA
FBgn0266879	0	0	0	NA
FBgn0266880	2	6	8	0.25
FBgn0266881	8	2	10	0.8
FBgn0266882	38	28	66	0.575757575757576
FBgn0266883	34	46	80	0.425
FBgn0266884	121	107	228	0.530701754385965
FBgn0266885	45	50	95	0.473684210526316
FBgn0266886	39	24	63	0.619047619047619
FBgn0266887	55	34	89	0.617977528089888
FBgn0266888	27	27	54	0.5
FBgn0266889	16	21	37	0.432432432432432
FBgn0266891	79	63	142	0.556338028169014
FBgn0266892	34	34	68	0.5
FBgn0266893	39	45	84	0.464285714285714
FBgn0266894	39	29	68	0.573529411764706
FBgn0266895	51	30	81	0.62962962962963
FBgn0266896	21	28	49	0.428571428571429
FBgn0266897	16	14	30	0.533333333333333
FBgn0266898	26	26	52	0.5
FBgn0266899	58	67	125	0.464
FBgn0266900	53	37	90	0.588888888888889
FBgn0266901	178	137	315	0.565079365079365
FBgn0266902	48	41	89	0.539325842696629
FBgn0266903	165	119	284	0.580985915492958
FBgn0266904	53	47	100	0.53
FBgn0266905	56	63	119	0.470588235294118
FBgn0266906	15	21	36	0.416666666666667
FBgn0266907	0	0	0	NA
FBgn0266909	32	31	63	0.507936507936508
FBgn0266910	28	17	45	0.622222222222222
FBgn0266911	24	29	53	0.452830188679245
FBgn0266912	45	44	89	0.50561797752809
FBgn0266913	19	20	39	0.487179487179487
FBgn0266914	44	46	90	0.488888888888889
FBgn0266915	48	49	97	0.494845360824742
FBgn0266916	149	104	253	0.588932806324111
FBgn0266917	103	88	191	0.539267015706806
FBgn0266918	134	109	243	0.551440329218107
FBgn0266925	97	73	170	0.570588235294118
FBgn0266926	73	72	145	0.503448275862069
FBgn0266927	23	25	48	0.479166666666667
FBgn0266928	70	72	142	0.492957746478873
FBgn0266929	13	17	30	0.433333333333333
FBgn0266930	10	6	16	0.625
FBgn0266931	22	19	41	0.536585365853659
FBgn0266932	12	9	21	0.571428571428571
FBgn0266933	0	0	0	NA
FBgn0266934	0	0	0	NA
FBgn0266935	45	23	68	0.661764705882353
FBgn0266936	59	57	116	0.508620689655172
FBgn0266937	101	122	223	0.452914798206278
FBgn0266938	63	51	114	0.552631578947368
FBgn0266939	21	33	54	0.388888888888889
FBgn0266940	73	73	146	0.5
FBgn0266941	10	11	21	0.476190476190476
FBgn0266942	55	51	106	0.518867924528302
FBgn0266943	6	14	20	0.3
FBgn0266944	3	1	4	0.75
FBgn0266945	1	0	1	1
FBgn0266946	9	6	15	0.6
FBgn0266947	33	27	60	0.55
FBgn0266948	12	22	34	0.352941176470588
FBgn0266949	0	0	0	NA
FBgn0266950	0	0	0	NA
FBgn0266951	4	4	8	0.5
FBgn0266952	14	13	27	0.518518518518518
FBgn0266953	78	49	127	0.614173228346457
FBgn0266954	43	43	86	0.5
FBgn0266955	43	29	72	0.597222222222222
FBgn0266956	13	25	38	0.342105263157895
FBgn0266957	46	41	87	0.528735632183908
FBgn0266958	18	8	26	0.692307692307692
FBgn0266959	82	79	161	0.509316770186335
FBgn0266960	23	22	45	0.511111111111111
FBgn0266961	51	51	102	0.5
FBgn0266962	58	73	131	0.442748091603053
FBgn0266963	101	82	183	0.551912568306011
FBgn0266964	31	35	66	0.46969696969697
FBgn0266965	12	10	22	0.545454545454545
FBgn0266966	25	22	47	0.531914893617021
FBgn0266967	17	11	28	0.607142857142857
FBgn0266968	42	40	82	0.51219512195122
FBgn0266969	18	18	36	0.5
FBgn0266970	35	44	79	0.443037974683544
FBgn0266971	25	26	51	0.490196078431373
FBgn0266972	47	59	106	0.443396226415094
FBgn0266973	27	25	52	0.519230769230769
FBgn0266974	24	33	57	0.421052631578947
FBgn0266975	40	34	74	0.540540540540541
FBgn0266976	27	28	55	0.490909090909091
FBgn0266977	4	7	11	0.363636363636364
FBgn0266978	37	44	81	0.45679012345679
FBgn0266979	34	25	59	0.576271186440678
FBgn0266980	32	46	78	0.41025641025641
FBgn0266981	16	10	26	0.615384615384615
FBgn0266982	26	12	38	0.684210526315789
FBgn0266983	34	28	62	0.548387096774194
FBgn0266984	73	54	127	0.574803149606299
FBgn0266985	16	10	26	0.615384615384615
FBgn0266986	45	52	97	0.463917525773196
FBgn0266987	0	0	0	NA
FBgn0266988	17	33	50	0.34
FBgn0266989	26	18	44	0.590909090909091
FBgn0266990	8	40	48	0.166666666666667
FBgn0266991	0	0	0	NA
FBgn0266992	0	0	0	NA
FBgn0266993	22	24	46	0.478260869565217
FBgn0266994	0	0	0	NA
FBgn0266995	7	6	13	0.538461538461538
FBgn0267001	1065	7	1072	0.993470149253731
FBgn0267002	585	544	1129	0.518157661647476
FBgn0267003	13	20	33	0.393939393939394
FBgn0267004	41	41	82	0.5
FBgn0267005	18	15	33	0.545454545454545
FBgn0267006	52	49	101	0.514851485148515
FBgn0267007	24	45	69	0.347826086956522
FBgn0267008	24	27	51	0.470588235294118
FBgn0267009	30	32	62	0.483870967741935
FBgn0267010	24	25	49	0.489795918367347
FBgn0267011	2	0	2	1
FBgn0267012	75	80	155	0.483870967741935
FBgn0267013	30	32	62	0.483870967741935
FBgn0267014	48	51	99	0.484848484848485
FBgn0267017	41	57	98	0.418367346938776
FBgn0267018	31	40	71	0.436619718309859
FBgn0267019	2	4	6	0.333333333333333
FBgn0267020	41	0	41	1
FBgn0267021	49	0	49	1
FBgn0267022	22	1	23	0.956521739130435
FBgn0267023	24	24	48	0.5
FBgn0267024	25	15	40	0.625
FBgn0267025	15	13	28	0.535714285714286
FBgn0267026	0	0	0	NA
FBgn0267027	1	0	1	1
FBgn0267028	41	42	83	0.493975903614458
FBgn0267029	24	1	25	0.96
FBgn0267030	0	0	0	NA
FBgn0267031	5	0	5	1
FBgn0267032	20	0	20	1
FBgn0267033	1238	14	1252	0.988817891373802
FBgn0267034	22	0	22	1
FBgn0267035	15	1	16	0.9375
FBgn0267036	8	0	8	1
FBgn0267037	2	0	2	1
FBgn0267038	18	0	18	1
FBgn0267039	57	0	57	1
FBgn0267040	182	0	182	1
FBgn0267041	4	0	4	1
FBgn0267042	6	0	6	1
FBgn0267043	0	0	0	NA
FBgn0267044	0	0	0	NA
FBgn0267045	0	0	0	NA
FBgn0267046	0	0	0	NA
FBgn0267047	0	0	0	NA
FBgn0267048	10	0	10	1
FBgn0267049	0	0	0	NA
FBgn0267050	0	0	0	NA
FBgn0267051	0	0	0	NA
FBgn0267052	1	0	1	1
FBgn0267053	0	0	0	NA
FBgn0267054	0	0	0	NA
FBgn0267055	2	0	2	1
FBgn0267056	78	0	78	1
FBgn0267057	4	0	4	1
FBgn0267058	34	0	34	1
FBgn0267059	34	0	34	1
FBgn0267060	0	0	0	NA
FBgn0267061	0	0	0	NA
FBgn0267062	81	0	81	1
FBgn0267063	16	0	16	1
FBgn0267064	32	0	32	1
FBgn0267065	4	0	4	1
FBgn0267066	22	0	22	1
FBgn0267067	24	0	24	1
FBgn0267068	0	0	0	NA
FBgn0267069	33	0	33	1
FBgn0267070	80	0	80	1
FBgn0267071	33	0	33	1
FBgn0267072	14	0	14	1
FBgn0267073	100	0	100	1
FBgn0267074	0	0	0	NA
FBgn0267075	57	0	57	1
FBgn0267076	95	0	95	1
FBgn0267077	114	1	115	0.991304347826087
FBgn0267078	70	0	70	1
FBgn0267079	43	0	43	1
FBgn0267080	48	0	48	1
FBgn0267081	18	0	18	1
FBgn0267082	33	1	34	0.970588235294118
FBgn0267083	53	0	53	1
FBgn0267084	0	0	0	NA
FBgn0267085	44	0	44	1
FBgn0267086	7	0	7	1
FBgn0267087	93	0	93	1
FBgn0267088	42	0	42	1
FBgn0267089	259	5	264	0.981060606060606
FBgn0267090	35	1	36	0.972222222222222
FBgn0267091	44	0	44	1
FBgn0267096	41	0	41	1
FBgn0267097	124	1	125	0.992
FBgn0267098	0	0	0	NA
FBgn0267099	19	2	21	0.904761904761905
FBgn0267100	26	0	26	1
FBgn0267101	22	1	23	0.956521739130435
FBgn0267102	34	1	35	0.971428571428571
FBgn0267103	60	0	60	1
FBgn0267104	32	16	48	0.666666666666667
FBgn0267105	0	0	0	NA
FBgn0267106	26	21	47	0.553191489361702
FBgn0267107	52	54	106	0.490566037735849
FBgn0267108	0	0	0	NA
FBgn0267109	0	0	0	NA
FBgn0267110	0	0	0	NA
FBgn0267111	125	129	254	0.492125984251969
FBgn0267112	31	27	58	0.53448275862069
FBgn0267113	80	78	158	0.506329113924051
FBgn0267114	16	11	27	0.592592592592593
FBgn0267115	0	0	0	NA
FBgn0267116	69	75	144	0.479166666666667
FBgn0267118	56	51	107	0.523364485981308
FBgn0267119	0	0	0	NA
FBgn0267120	25	19	44	0.568181818181818
FBgn0267121	26	29	55	0.472727272727273
FBgn0267122	52	69	121	0.429752066115702
FBgn0267123	66	85	151	0.437086092715232
FBgn0267124	42	35	77	0.545454545454545
FBgn0267125	48	35	83	0.578313253012048
FBgn0267126	4	7	11	0.363636363636364
FBgn0267127	117	94	211	0.554502369668246
FBgn0267128	45	44	89	0.50561797752809
FBgn0267129	17	28	45	0.377777777777778
FBgn0267130	0	0	0	NA
FBgn0267131	188	201	389	0.483290488431877
FBgn0267132	6	3	9	0.666666666666667
FBgn0267133	154	127	281	0.548042704626335
FBgn0267134	23	28	51	0.450980392156863
FBgn0267135	13	13	26	0.5
FBgn0267136	81	78	159	0.509433962264151
FBgn0267137	51	47	98	0.520408163265306
FBgn0267138	53	54	107	0.495327102803738
FBgn0267139	37	26	63	0.587301587301587
FBgn0267140	30	16	46	0.652173913043478
FBgn0267141	10	12	22	0.454545454545455
FBgn0267142	46	46	92	0.5
FBgn0267143	83	77	160	0.51875
FBgn0267144	57	49	106	0.537735849056604
FBgn0267145	26	23	49	0.530612244897959
FBgn0267146	28	28	56	0.5
FBgn0267147	10	11	21	0.476190476190476
FBgn0267148	37	25	62	0.596774193548387
FBgn0267149	4	4	8	0.5
FBgn0267150	42	29	71	0.591549295774648
FBgn0267151	13	8	21	0.619047619047619
FBgn0267152	0	0	0	NA
FBgn0267153	52	45	97	0.536082474226804
FBgn0267154	20	21	41	0.48780487804878
FBgn0267155	22	24	46	0.478260869565217
FBgn0267156	29	43	72	0.402777777777778
FBgn0267157	0	0	0	NA
FBgn0267158	0	0	0	NA
FBgn0267159	36	43	79	0.455696202531646
FBgn0267160	55	59	114	0.482456140350877
FBgn0267161	0	0	0	NA
FBgn0267162	27	0	27	1
FBgn0267163	51	1	52	0.980769230769231
FBgn0267164	33	0	33	1
FBgn0267165	65	0	65	1
FBgn0267166	48	1	49	0.979591836734694
FBgn0267167	4	0	4	1
FBgn0267168	52	0	52	1
FBgn0267169	23	0	23	1
FBgn0267170	12	0	12	1
FBgn0267171	14	1	15	0.933333333333333
FBgn0267172	26	0	26	1
FBgn0267173	83	0	83	1
FBgn0267174	22	0	22	1
FBgn0267175	52	0	52	1
FBgn0267176	33	1	34	0.970588235294118
FBgn0267177	9	0	9	1
FBgn0267178	0	0	0	NA
FBgn0267179	33	0	33	1
FBgn0267180	59	0	59	1
FBgn0267181	68	0	68	1
FBgn0267182	60	0	60	1
FBgn0267183	32	0	32	1
FBgn0267184	16	0	16	1
FBgn0267185	23	0	23	1
FBgn0267186	72	0	72	1
FBgn0267187	18	0	18	1
FBgn0267188	33	0	33	1
FBgn0267189	47	1	48	0.979166666666667
FBgn0267190	38	43	81	0.469135802469136
FBgn0267191	50	55	105	0.476190476190476
FBgn0267192	57	43	100	0.57
FBgn0267193	8	10	18	0.444444444444444
FBgn0267194	29	43	72	0.402777777777778
FBgn0267195	35	29	64	0.546875
FBgn0267196	12	8	20	0.6
FBgn0267197	27	18	45	0.6
FBgn0267198	0	0	0	NA
FBgn0267199	7	7	14	0.5
FBgn0267200	4	3	7	0.571428571428571
FBgn0267201	33	38	71	0.464788732394366
FBgn0267202	32	29	61	0.524590163934426
FBgn0267203	24	32	56	0.428571428571429
FBgn0267204	37	28	65	0.569230769230769
FBgn0267205	77	74	151	0.509933774834437
FBgn0267206	11	10	21	0.523809523809524
FBgn0267207	15	32	47	0.319148936170213
FBgn0267208	2	2	4	0.5
FBgn0267209	11	27	38	0.289473684210526
FBgn0267210	52	44	96	0.541666666666667
FBgn0267211	82	98	180	0.455555555555556
FBgn0267212	45	59	104	0.432692307692308
FBgn0267213	46	41	87	0.528735632183908
FBgn0267214	78	71	149	0.523489932885906
FBgn0267215	30	49	79	0.379746835443038
FBgn0267216	35	48	83	0.421686746987952
FBgn0267217	28	28	56	0.5
FBgn0267218	82	81	163	0.503067484662577
FBgn0267219	5	9	14	0.357142857142857
FBgn0267220	42	55	97	0.43298969072165
FBgn0267221	4	8	12	0.333333333333333
FBgn0267222	67	56	123	0.544715447154472
FBgn0267223	1	0	1	1
FBgn0267224	7	1	8	0.875
FBgn0267225	37	0	37	1
FBgn0267226	90	0	90	1
FBgn0267227	31	1	32	0.96875
FBgn0267228	10	0	10	1
FBgn0267229	162	150	312	0.519230769230769
FBgn0267230	34	21	55	0.618181818181818
FBgn0267231	0	0	0	NA
FBgn0267232	2	0	2	1
FBgn0267233	38	36	74	0.513513513513513
FBgn0267234	20	24	44	0.454545454545455
FBgn0267235	30	34	64	0.46875
FBgn0267236	19	41	60	0.316666666666667
FBgn0267237	11	7	18	0.611111111111111
FBgn0267238	43	37	80	0.5375
FBgn0267239	21	26	47	0.446808510638298
FBgn0267240	45	53	98	0.459183673469388
FBgn0267241	35	42	77	0.454545454545455
FBgn0267242	35	34	69	0.507246376811594
FBgn0267243	196	181	377	0.519893899204244
FBgn0267244	27	27	54	0.5
FBgn0267245	8	6	14	0.571428571428571
FBgn0267246	19	20	39	0.487179487179487
FBgn0267247	35	27	62	0.564516129032258
FBgn0267248	57	37	94	0.606382978723404
FBgn0267249	23	27	50	0.46
FBgn0267252	772	757	1529	0.50490516677567
FBgn0267253	306	1	307	0.996742671009772
FBgn0267254	57	50	107	0.532710280373832
FBgn0267255	16	14	30	0.533333333333333
FBgn0267256	27	44	71	0.380281690140845
FBgn0267257	109	109	218	0.5
FBgn0267258	33	47	80	0.4125
FBgn0267259	0	0	0	NA
FBgn0267260	1	0	1	1
FBgn0267261	50	58	108	0.462962962962963
FBgn0267262	26	30	56	0.464285714285714
FBgn0267263	31	35	66	0.46969696969697
FBgn0267264	174	177	351	0.495726495726496
FBgn0267265	3	5	8	0.375
FBgn0267266	70	60	130	0.538461538461538
FBgn0267267	40	29	69	0.579710144927536
FBgn0267268	35	38	73	0.479452054794521
FBgn0267269	124	144	268	0.462686567164179
FBgn0267270	87	74	161	0.540372670807453
FBgn0267271	40	24	64	0.625
FBgn0267272	17	1	18	0.944444444444444
FBgn0267273	33	1	34	0.970588235294118
FBgn0267274	32	2	34	0.941176470588235
FBgn0267275	47	0	47	1
FBgn0267276	19	28	47	0.404255319148936
FBgn0267277	11	12	23	0.478260869565217
FBgn0267278	0	0	0	NA
FBgn0267279	11	34	45	0.244444444444444
FBgn0267280	33	39	72	0.458333333333333
FBgn0267281	7	14	21	0.333333333333333
FBgn0267282	7	5	12	0.583333333333333
FBgn0267283	63	58	121	0.520661157024793
FBgn0267284	35	43	78	0.448717948717949
FBgn0267285	25	28	53	0.471698113207547
FBgn0267286	35	48	83	0.421686746987952
FBgn0267287	5	13	18	0.277777777777778
FBgn0267288	40	27	67	0.597014925373134
FBgn0267289	21	32	53	0.39622641509434
FBgn0267290	71	75	146	0.486301369863014
FBgn0267291	26	15	41	0.634146341463415
FBgn0267292	14	28	42	0.333333333333333
FBgn0267293	4	2	6	0.666666666666667
FBgn0267294	37	41	78	0.474358974358974
FBgn0267295	9	19	28	0.321428571428571
FBgn0267296	50	38	88	0.568181818181818
FBgn0267297	0	0	0	NA
FBgn0267298	4	6	10	0.4
FBgn0267299	6	0	6	1
FBgn0267300	1	0	1	1
FBgn0267301	47	53	100	0.47
FBgn0267302	8	2	10	0.8
FBgn0267303	40	50	90	0.444444444444444
FBgn0267304	18	31	49	0.36734693877551
FBgn0267305	41	36	77	0.532467532467532
FBgn0267306	33	21	54	0.611111111111111
FBgn0267307	56	41	97	0.577319587628866
FBgn0267308	0	0	0	NA
FBgn0267309	30	17	47	0.638297872340426
FBgn0267310	8	10	18	0.444444444444444
FBgn0267311	1	2	3	0.333333333333333
FBgn0267312	11	23	34	0.323529411764706
FBgn0267313	49	49	98	0.5
FBgn0267314	23	30	53	0.433962264150943
FBgn0267315	42	42	84	0.5
FBgn0267316	35	38	73	0.479452054794521
FBgn0267317	47	48	95	0.494736842105263
FBgn0267318	1	1	2	0.5
FBgn0267319	23	28	51	0.450980392156863
FBgn0267320	9	7	16	0.5625
FBgn0267321	22	16	38	0.578947368421053
FBgn0267322	1	5	6	0.166666666666667
FBgn0267323	52	49	101	0.514851485148515
FBgn0267326	204	165	369	0.552845528455285
FBgn0267327	49	52	101	0.485148514851485
FBgn0267330	70	79	149	0.469798657718121
FBgn0267336	320	302	622	0.514469453376206
FBgn0267337	167	161	328	0.509146341463415
FBgn0267339	71	84	155	0.458064516129032
FBgn0267347	11	14	25	0.44
FBgn0267348	483	476	959	0.503649635036496
FBgn0267350	423	2	425	0.995294117647059
FBgn0267351	187	162	349	0.535816618911175
FBgn0267363	26	25	51	0.509803921568627
FBgn0267365	78	66	144	0.541666666666667
FBgn0267366	57	71	128	0.4453125
FBgn0267376	112	104	216	0.518518518518518
FBgn0267378	64	64	128	0.5
FBgn0267383	23	22	45	0.511111111111111
FBgn0267384	13	0	13	1
FBgn0267385	48	55	103	0.466019417475728
FBgn0267390	250	227	477	0.524109014675052
FBgn0267398	11	16	27	0.407407407407407
FBgn0267399	0	1	1	0
FBgn0267400	43	28	71	0.605633802816901
FBgn0267408	193	180	373	0.517426273458445
FBgn0267411	0	0	0	NA
FBgn0267412	0	0	0	NA
FBgn0267413	0	0	0	NA
FBgn0267417	0	0	0	NA
FBgn0267418	0	0	0	NA
FBgn0267419	0	0	0	NA
FBgn0267420	0	0	0	NA
FBgn0267422	0	0	0	NA
FBgn0267423	0	0	0	NA
FBgn0267424	0	0	0	NA
FBgn0267425	2	1	3	0.666666666666667
FBgn0267426	0	0	0	NA
FBgn0267427	0	0	0	NA
FBgn0267428	25	20	45	0.555555555555556
FBgn0267429	39	33	72	0.541666666666667
FBgn0267430	51	55	106	0.481132075471698
FBgn0267431	47	66	113	0.415929203539823
FBgn0267432	2	0	2	1
FBgn0267433	1	1	2	0.5
FBgn0267435	212	205	417	0.508393285371703
FBgn0267438	56	44	100	0.56
FBgn0267439	6	13	19	0.315789473684211
FBgn0267440	15	16	31	0.483870967741935
FBgn0267441	14	15	29	0.482758620689655
FBgn0267442	61	2	63	0.968253968253968
FBgn0267443	23	20	43	0.534883720930233
FBgn0267444	0	0	0	NA
FBgn0267445	0	0	0	NA
FBgn0267446	0	0	0	NA
FBgn0267447	0	0	0	NA
FBgn0267448	10	3	13	0.769230769230769
FBgn0267449	0	0	0	NA
FBgn0267450	0	0	0	NA
FBgn0267451	0	0	0	NA
FBgn0267452	8	7	15	0.533333333333333
FBgn0267453	0	0	0	NA
FBgn0267454	51	38	89	0.573033707865168
FBgn0267455	13	16	29	0.448275862068966
FBgn0267456	0	0	0	NA
FBgn0267457	0	0	0	NA
FBgn0267458	0	0	0	NA
FBgn0267459	54	46	100	0.54
FBgn0267460	37	42	79	0.468354430379747
FBgn0267461	123	94	217	0.566820276497696
FBgn0267462	24	17	41	0.585365853658537
FBgn0267463	28	30	58	0.482758620689655
FBgn0267464	2	0	2	1
FBgn0267465	0	0	0	NA
FBgn0267468	0	0	0	NA
FBgn0267469	35	55	90	0.388888888888889
FBgn0267470	32	28	60	0.533333333333333
FBgn0267471	64	55	119	0.53781512605042
FBgn0267472	0	0	0	NA
FBgn0267473	93	76	169	0.550295857988166
FBgn0267474	68	68	136	0.5
FBgn0267475	57	67	124	0.459677419354839
FBgn0267476	47	59	106	0.443396226415094
FBgn0267477	4	0	4	1
FBgn0267478	0	0	0	NA
FBgn0267479	0	1	1	0
FBgn0267480	36	48	84	0.428571428571429
FBgn0267481	0	0	0	NA
FBgn0267482	13	9	22	0.590909090909091
FBgn0267483	24	13	37	0.648648648648649
FBgn0267484	9	15	24	0.375
FBgn0267485	1	0	1	1
FBgn0267486	140	136	276	0.507246376811594
FBgn0267487	404	403	807	0.500619578686493
FBgn0267488	490	532	1022	0.479452054794521
FBgn0267489	1	0	1	1
FBgn0267490	0	0	0	NA
FBgn0267491	0	0	0	NA
FBgn0267492	0	0	0	NA
FBgn0267493	0	0	0	NA
FBgn0267494	0	0	0	NA
FBgn0267495	140	1	141	0.99290780141844
FBgn0267496	0	0	0	NA
FBgn0267497	0	0	0	NA
FBgn0267498	0	0	0	NA
FBgn0267499	0	0	0	NA
FBgn0267500	0	0	0	NA
FBgn0267501	0	0	0	NA
FBgn0267502	0	0	0	NA
FBgn0267503	0	0	0	NA
FBgn0267504	0	0	0	NA
FBgn0267505	0	2	2	0
FBgn0267506	0	0	0	NA
FBgn0267507	0	3	3	0
FBgn0267508	20	0	20	1
FBgn0267509	4	0	4	1
FBgn0267510	1	0	1	1
FBgn0267511	0	0	0	NA
FBgn0267512	0	0	0	NA
FBgn0267513	8	0	8	1
FBgn0267514	0	0	0	NA
FBgn0267515	33	0	33	1
FBgn0267516	11	5	16	0.6875
FBgn0267517	6	1	7	0.857142857142857
FBgn0267518	0	0	0	NA
FBgn0267519	0	5	5	0
FBgn0267520	0	3	3	0
FBgn0267521	0	0	0	NA
FBgn0267522	0	0	0	NA
FBgn0267523	0	0	0	NA
FBgn0267524	0	0	0	NA
FBgn0267525	0	0	0	NA
FBgn0267526	42	53	95	0.442105263157895
FBgn0267527	4	8	12	0.333333333333333
FBgn0267528	19	23	42	0.452380952380952
FBgn0267529	0	0	0	NA
FBgn0267530	13	12	25	0.52
FBgn0267531	6	2	8	0.75
FBgn0267532	0	0	0	NA
FBgn0267533	0	0	0	NA
FBgn0267534	2	0	2	1
FBgn0267535	0	0	0	NA
FBgn0267536	87	74	161	0.540372670807453
FBgn0267537	93	79	172	0.540697674418605
FBgn0267538	9	19	28	0.321428571428571
FBgn0267539	95	111	206	0.461165048543689
FBgn0267540	2	6	8	0.25
FBgn0267541	51	62	113	0.451327433628319
FBgn0267542	45	27	72	0.625
FBgn0267543	0	0	0	NA
FBgn0267544	62	51	113	0.548672566371681
FBgn0267545	0	0	0	NA
FBgn0267546	3	1	4	0.75
FBgn0267547	60	58	118	0.508474576271186
FBgn0267548	25	32	57	0.43859649122807
FBgn0267549	1	1	2	0.5
FBgn0267550	17	28	45	0.377777777777778
FBgn0267551	0	0	0	NA
FBgn0267552	0	0	0	NA
FBgn0267553	0	0	0	NA
FBgn0267554	0	0	0	NA
FBgn0267555	0	0	0	NA
FBgn0267556	7	2	9	0.777777777777778
FBgn0267557	53	74	127	0.417322834645669
FBgn0267558	25	19	44	0.568181818181818
FBgn0267559	49	40	89	0.550561797752809
FBgn0267560	25	23	48	0.520833333333333
FBgn0267561	39	45	84	0.464285714285714
FBgn0267562	1	2	3	0.333333333333333
FBgn0267563	10	14	24	0.416666666666667
FBgn0267564	32	38	70	0.457142857142857
FBgn0267565	13	16	29	0.448275862068966
FBgn0267566	21	16	37	0.567567567567568
FBgn0267567	0	0	0	NA
FBgn0267568	14	14	28	0.5
FBgn0267569	21	20	41	0.51219512195122
FBgn0267570	146	180	326	0.447852760736196
FBgn0267571	96	120	216	0.444444444444444
FBgn0267572	178	183	361	0.493074792243767
FBgn0267573	137	130	267	0.51310861423221
FBgn0267574	22	26	48	0.458333333333333
FBgn0267575	34	33	67	0.507462686567164
FBgn0267576	117	122	239	0.489539748953975
FBgn0267577	0	0	0	NA
FBgn0267578	3	4	7	0.428571428571429
FBgn0267579	160	141	301	0.53156146179402
FBgn0267580	36	39	75	0.48
FBgn0267581	47	43	90	0.522222222222222
FBgn0267582	22	24	46	0.478260869565217
FBgn0267585	45	55	100	0.45
FBgn0267586	20	24	44	0.454545454545455
FBgn0267587	6	1	7	0.857142857142857
FBgn0267588	0	0	0	NA
FBgn0267589	0	0	0	NA
FBgn0267590	6	3	9	0.666666666666667
FBgn0267591	0	0	0	NA
FBgn0267592	0	0	0	NA
FBgn0267593	0	0	0	NA
FBgn0267594	0	0	0	NA
FBgn0267595	0	0	0	NA
FBgn0267596	0	0	0	NA
FBgn0267597	32	31	63	0.507936507936508
FBgn0267598	47	45	92	0.510869565217391
FBgn0267599	37	34	71	0.52112676056338
FBgn0267600	0	0	0	NA
FBgn0267601	0	0	0	NA
FBgn0267602	32	25	57	0.56140350877193
FBgn0267603	52	41	93	0.559139784946237
FBgn0267604	37	37	74	0.5
FBgn0267605	0	0	0	NA
FBgn0267606	1	0	1	1
FBgn0267607	0	0	0	NA
FBgn0267608	0	0	0	NA
FBgn0267609	0	0	0	NA
FBgn0267610	0	0	0	NA
FBgn0267611	96	123	219	0.438356164383562
FBgn0267612	1	4	5	0.2
FBgn0267613	4	8	12	0.333333333333333
FBgn0267614	0	0	0	NA
FBgn0267615	34	26	60	0.566666666666667
FBgn0267616	33	31	64	0.515625
FBgn0267617	14	13	27	0.518518518518518
FBgn0267618	44	42	86	0.511627906976744
FBgn0267619	74	58	132	0.560606060606061
FBgn0267620	14	9	23	0.608695652173913
FBgn0267621	10	22	32	0.3125
FBgn0267622	0	0	0	NA
FBgn0267623	23	18	41	0.560975609756098
FBgn0267624	46	37	83	0.55421686746988
FBgn0267625	16	19	35	0.457142857142857
FBgn0267626	12	14	26	0.461538461538462
FBgn0267627	20	16	36	0.555555555555556
FBgn0267628	0	0	0	NA
FBgn0267629	19	36	55	0.345454545454545
FBgn0267630	0	0	0	NA
FBgn0267631	0	0	0	NA
FBgn0267632	0	0	0	NA
FBgn0267633	49	43	92	0.532608695652174
FBgn0267634	13	15	28	0.464285714285714
FBgn0267635	34	46	80	0.425
FBgn0267636	0	0	0	NA
FBgn0267637	0	0	0	NA
FBgn0267638	43	45	88	0.488636363636364
FBgn0267639	41	45	86	0.476744186046512
FBgn0267640	75	76	151	0.496688741721854
FBgn0267641	45	46	91	0.494505494505495
FBgn0267642	0	0	0	NA
FBgn0267643	59	66	125	0.472
FBgn0267644	73	92	165	0.442424242424242
FBgn0267645	51	35	86	0.593023255813954
FBgn0267646	49	46	95	0.515789473684211
FBgn0267647	12	21	33	0.363636363636364
FBgn0267648	0	0	0	NA
FBgn0267649	0	0	0	NA
FBgn0267650	0	0	0	NA
FBgn0267651	0	0	0	NA
FBgn0267652	0	0	0	NA
FBgn0267653	59	66	125	0.472
FBgn0267655	28	30	58	0.482758620689655
FBgn0267656	14	19	33	0.424242424242424
FBgn0267657	0	0	0	NA
FBgn0267658	101	91	192	0.526041666666667
FBgn0267659	30	36	66	0.454545454545455
FBgn0267660	56	60	116	0.482758620689655
FBgn0267661	0	0	0	NA
FBgn0267662	39	57	96	0.40625
FBgn0267663	64	54	118	0.542372881355932
FBgn0267664	32	30	62	0.516129032258065
FBgn0267665	1197	1142	2339	0.511757161179991
FBgn0267666	285	278	563	0.506216696269982
FBgn0267667	142	119	261	0.544061302681992
FBgn0267668	541	575	1116	0.484767025089606
FBgn0267671	24	32	56	0.428571428571429
FBgn0267672	0	0	0	NA
FBgn0267673	27	41	68	0.397058823529412
FBgn0267674	32	18	50	0.64
FBgn0267675	35	27	62	0.564516129032258
FBgn0267676	9	13	22	0.409090909090909
FBgn0267677	45	60	105	0.428571428571429
FBgn0267678	33	24	57	0.578947368421053
FBgn0267679	74	61	135	0.548148148148148
FBgn0267680	71	83	154	0.461038961038961
FBgn0267681	73	73	146	0.5
FBgn0267682	4	1	5	0.8
FBgn0267683	31	27	58	0.53448275862069
FBgn0267684	0	0	0	NA
FBgn0267685	2	0	2	1
FBgn0267686	0	0	0	NA
FBgn0267687	0	0	0	NA
FBgn0267688	36	26	62	0.580645161290323
FBgn0267689	356	310	666	0.534534534534535
FBgn0267690	106	88	194	0.54639175257732
FBgn0267691	41	57	98	0.418367346938776
FBgn0267692	45	43	88	0.511363636363636
FBgn0267693	123	133	256	0.48046875
FBgn0267694	33	27	60	0.55
FBgn0267695	100	105	205	0.48780487804878
FBgn0267696	64	72	136	0.470588235294118
FBgn0267697	40	51	91	0.43956043956044
FBgn0267698	55	53	108	0.509259259259259
FBgn0267701	0	0	0	NA
FBgn0267702	112	96	208	0.538461538461538
FBgn0267703	73	81	154	0.474025974025974
FBgn0267704	346	18	364	0.950549450549451
FBgn0267705	0	0	0	NA
FBgn0267706	84	78	162	0.518518518518518
FBgn0267707	13	13	26	0.5
FBgn0267708	41	53	94	0.436170212765957
FBgn0267709	60	57	117	0.512820512820513
FBgn0267710	42	43	85	0.494117647058824
FBgn0267711	12	12	24	0.5
FBgn0267712	25	22	47	0.531914893617021
FBgn0267713	64	62	126	0.507936507936508
FBgn0267714	22	29	51	0.431372549019608
FBgn0267715	0	0	0	NA
FBgn0267716	14	15	29	0.482758620689655
FBgn0267717	2	0	2	1
FBgn0267719	31	40	71	0.436619718309859
FBgn0267720	62	69	131	0.473282442748092
FBgn0267721	3	4	7	0.428571428571429
FBgn0267722	30	11	41	0.731707317073171
FBgn0267723	23	11	34	0.676470588235294
FBgn0267724	9	16	25	0.36
FBgn0267725	0	0	0	NA
FBgn0267726	45	38	83	0.542168674698795
FBgn0267727	154	147	301	0.511627906976744
FBgn0267728	120	132	252	0.476190476190476
FBgn0267729	43	43	86	0.5
FBgn0267730	247	287	534	0.462546816479401
FBgn0267731	46	55	101	0.455445544554455
FBgn0267732	48	59	107	0.448598130841121
FBgn0267733	24	28	52	0.461538461538462
FBgn0267734	9	20	29	0.310344827586207
FBgn0267735	30	31	61	0.491803278688525
FBgn0267736	0	0	0	NA
FBgn0267737	0	1	1	0
FBgn0267738	36	30	66	0.545454545454545
FBgn0267739	22	17	39	0.564102564102564
FBgn0267740	3	2	5	0.6
FBgn0267741	29	0	29	1
FBgn0267742	30	31	61	0.491803278688525
FBgn0267743	0	0	0	NA
FBgn0267744	32	23	55	0.581818181818182
FBgn0267745	53	51	104	0.509615384615385
FBgn0267746	28	11	39	0.717948717948718
FBgn0267747	29	20	49	0.591836734693878
FBgn0267748	13	32	45	0.288888888888889
FBgn0267749	1	0	1	1
FBgn0267750	0	0	0	NA
FBgn0267751	23	31	54	0.425925925925926
FBgn0267752	42	48	90	0.466666666666667
FBgn0267753	90	61	151	0.596026490066225
FBgn0267754	24	25	49	0.489795918367347
FBgn0267755	49	51	100	0.49
FBgn0267756	1	6	7	0.142857142857143
FBgn0267757	60	58	118	0.508474576271186
FBgn0267758	89	75	164	0.542682926829268
FBgn0267759	39	32	71	0.549295774647887
FBgn0267760	45	34	79	0.569620253164557
FBgn0267761	1	0	1	1
FBgn0267762	13	9	22	0.590909090909091
FBgn0267763	52	46	98	0.530612244897959
FBgn0267764	55	56	111	0.495495495495495
FBgn0267765	14	9	23	0.608695652173913
FBgn0267766	0	0	0	NA
FBgn0267767	0	4	4	0
FBgn0267768	1	4	5	0.2
FBgn0267769	72	75	147	0.489795918367347
FBgn0267770	8	13	21	0.380952380952381
FBgn0267771	28	49	77	0.363636363636364
FBgn0267772	27	37	64	0.421875
FBgn0267773	10	9	19	0.526315789473684
FBgn0267774	9	8	17	0.529411764705882
FBgn0267775	42	37	79	0.531645569620253
FBgn0267776	0	0	0	NA
FBgn0267777	92	104	196	0.469387755102041
FBgn0267778	2	3	5	0.4
FBgn0267779	62	61	123	0.504065040650406
FBgn0267780	48	64	112	0.428571428571429
FBgn0267781	22	19	41	0.536585365853659
FBgn0267782	75	70	145	0.517241379310345
FBgn0267783	29	30	59	0.491525423728814
FBgn0267785	65	37	102	0.637254901960784
FBgn0267786	55	50	105	0.523809523809524
FBgn0267787	26	21	47	0.553191489361702
FBgn0267788	5	2	7	0.714285714285714
FBgn0267789	33	37	70	0.471428571428571
FBgn0267790	46	63	109	0.422018348623853
FBgn0267791	188	168	356	0.528089887640449
FBgn0267792	163	156	319	0.510971786833856
FBgn0267793	565	544	1109	0.509467989179441
FBgn0267794	155	157	312	0.496794871794872
FBgn0267795	338	377	715	0.472727272727273
FBgn0267796	510	470	980	0.520408163265306
FBgn0267797	0	1	1	0
FBgn0267798	21	15	36	0.583333333333333
FBgn0267799	29	13	42	0.69047619047619
FBgn0267800	3	4	7	0.428571428571429
FBgn0267801	0	0	0	NA
FBgn0267802	18	18	36	0.5
FBgn0267803	0	0	0	NA
FBgn0267804	0	0	0	NA
FBgn0267805	0	0	0	NA
FBgn0267806	35	23	58	0.603448275862069
FBgn0267807	27	13	40	0.675
FBgn0267808	0	0	0	NA
FBgn0267809	1	2	3	0.333333333333333
FBgn0267810	7	10	17	0.411764705882353
FBgn0267811	7	13	20	0.35
FBgn0267812	0	2	2	0
FBgn0267813	1	2	3	0.333333333333333
FBgn0267814	0	0	0	NA
FBgn0267815	0	0	0	NA
FBgn0267816	2	5	7	0.285714285714286
FBgn0267817	66	55	121	0.545454545454545
FBgn0267818	15	18	33	0.454545454545455
FBgn0267819	0	0	0	NA
FBgn0267820	34	39	73	0.465753424657534
FBgn0267821	68	82	150	0.453333333333333
FBgn0267823	55	86	141	0.390070921985816
FBgn0267824	75	70	145	0.517241379310345
FBgn0267826	0	0	0	NA
FBgn0267827	31	42	73	0.424657534246575
FBgn0267828	217	211	428	0.507009345794392
FBgn0267849	97	75	172	0.563953488372093
FBgn0267861	74	53	127	0.582677165354331
FBgn0267862	0	1	1	0
FBgn0267863	0	0	0	NA
FBgn0267864	0	0	0	NA
FBgn0267865	5	7	12	0.416666666666667
FBgn0267866	0	1	1	0
FBgn0267867	0	0	0	NA
FBgn0267868	2	0	2	1
FBgn0267869	0	0	0	NA
FBgn0267870	0	0	0	NA
FBgn0267871	0	0	0	NA
FBgn0267872	0	0	0	NA
FBgn0267873	0	0	0	NA
FBgn0267874	0	0	0	NA
FBgn0267875	0	0	0	NA
FBgn0267876	0	0	0	NA
FBgn0267877	0	0	0	NA
FBgn0267878	0	0	0	NA
FBgn0267879	0	0	0	NA
FBgn0267880	0	0	0	NA
FBgn0267881	0	0	0	NA
FBgn0267882	0	0	0	NA
FBgn0267883	0	0	0	NA
FBgn0267884	0	0	0	NA
FBgn0267885	0	0	0	NA
FBgn0267886	0	0	0	NA
FBgn0267887	0	0	0	NA
FBgn0267888	0	0	0	NA
FBgn0267889	0	0	0	NA
FBgn0267890	0	0	0	NA
FBgn0267891	0	0	0	NA
FBgn0267892	0	0	0	NA
FBgn0267893	0	0	0	NA
FBgn0267894	0	0	0	NA
FBgn0267895	0	0	0	NA
FBgn0267896	0	0	0	NA
FBgn0267897	0	0	0	NA
FBgn0267898	0	0	0	NA
FBgn0267899	0	0	0	NA
FBgn0267900	0	0	0	NA
FBgn0267901	0	0	0	NA
FBgn0267902	0	0	0	NA
FBgn0267903	0	0	0	NA
FBgn0267904	0	0	0	NA
FBgn0267905	0	0	0	NA
FBgn0267910	36	0	36	1
FBgn0267912	267	12	279	0.956989247311828
FBgn0267913	5	6	11	0.454545454545455
FBgn0267914	1	0	1	1
FBgn0267915	76	72	148	0.513513513513513
FBgn0267916	78	67	145	0.537931034482759
FBgn0267917	63	43	106	0.594339622641509
FBgn0267918	66	64	130	0.507692307692308
FBgn0267919	41	40	81	0.506172839506173
FBgn0267921	49	57	106	0.462264150943396
FBgn0267922	70	65	135	0.518518518518518
FBgn0267923	129	147	276	0.467391304347826
FBgn0267924	15	16	31	0.483870967741935
FBgn0267925	62	59	121	0.512396694214876
FBgn0267926	31	37	68	0.455882352941176
FBgn0267927	148	124	272	0.544117647058823
FBgn0267928	52	49	101	0.514851485148515
FBgn0267929	37	28	65	0.569230769230769
FBgn0267930	37	0	37	1
FBgn0267932	89	78	167	0.532934131736527
FBgn0267933	26	28	54	0.481481481481481
FBgn0267934	190	214	404	0.47029702970297
FBgn0267935	57	58	115	0.495652173913044
FBgn0267936	69	65	134	0.514925373134328
FBgn0267937	40	50	90	0.444444444444444
FBgn0267938	101	104	205	0.492682926829268
FBgn0267939	101	87	188	0.537234042553192
FBgn0267940	16	14	30	0.533333333333333
FBgn0267941	20	27	47	0.425531914893617
FBgn0267944	20	15	35	0.571428571428571
FBgn0267945	20	27	47	0.425531914893617
FBgn0267946	42	28	70	0.6
FBgn0267947	4	7	11	0.363636363636364
FBgn0267948	19	14	33	0.575757575757576
FBgn0267949	59	68	127	0.464566929133858
FBgn0267950	43	53	96	0.447916666666667
FBgn0267951	21	25	46	0.456521739130435
FBgn0267952	54	77	131	0.412213740458015
FBgn0267953	106	114	220	0.481818181818182
FBgn0267954	73	55	128	0.5703125
FBgn0267955	53	44	97	0.54639175257732
FBgn0267956	46	49	95	0.484210526315789
FBgn0267957	68	64	132	0.515151515151515
FBgn0267958	50	51	101	0.495049504950495
FBgn0267959	31	35	66	0.46969696969697
FBgn0267960	44	69	113	0.389380530973451
FBgn0267961	56	43	99	0.565656565656566
FBgn0267962	31	0	31	1
FBgn0267963	33	2	35	0.942857142857143
FBgn0267964	0	0	0	NA
FBgn0267965	62	0	62	1
FBgn0267966	37	33	70	0.528571428571429
FBgn0267967	22	0	22	1
FBgn0267969	84	0	84	1
FBgn0267970	39	0	39	1
FBgn0267972	60	62	122	0.491803278688525
FBgn0267975	302	281	583	0.518010291595197
FBgn0267976	0	0	0	NA
FBgn0267977	69	0	69	1
FBgn0267978	167	192	359	0.465181058495822
FBgn0267982	29	23	52	0.557692307692308
FBgn0267983	18	28	46	0.391304347826087
FBgn0267984	0	0	0	NA
FBgn0267985	22	22	44	0.5
FBgn0267986	68	63	131	0.519083969465649
FBgn0267987	43	38	81	0.530864197530864
FBgn0267988	13	17	30	0.433333333333333
FBgn0267989	17	20	37	0.459459459459459
FBgn0267990	0	0	0	NA
FBgn0267991	91	91	182	0.5
FBgn0267992	61	62	123	0.495934959349593
FBgn0267993	114	150	264	0.431818181818182
FBgn0267994	3	1	4	0.75
FBgn0267995	2	5	7	0.285714285714286
FBgn0267996	2	1	3	0.666666666666667
FBgn0268063	175	169	344	0.508720930232558
FBgn0270924	133	170	303	0.438943894389439
FBgn0270925	113	106	219	0.515981735159817
FBgn0270926	0	2	2	0
FBgn0270927	19	5	24	0.791666666666667
FBgn0270928	369	333	702	0.525641025641026
FBgn0275432	29	23	52	0.557692307692308
FBgn0275433	15	29	44	0.340909090909091
FBgn0275434	0	0	0	NA
FBgn0275436	79	65	144	0.548611111111111
FBgn0278597	70	80	150	0.466666666666667
FBgn0278598	99	90	189	0.523809523809524
FBgn0278599	0	0	0	NA
FBgn0278600	0	1	1	0
FBgn0278604	11	9	20	0.55
FBgn0278608	198	0	198	1
FBgn0283426	118	98	216	0.546296296296296
FBgn0283427	191	176	367	0.520435967302452
FBgn0283428	83	93	176	0.471590909090909
FBgn0283432	0	0	0	NA
FBgn0283433	0	0	0	NA
FBgn0283434	0	0	0	NA
FBgn0283435	0	0	0	NA
FBgn0283437	245	207	452	0.542035398230089
FBgn0283438	58	66	124	0.467741935483871
FBgn0283439	4	6	10	0.4
FBgn0283440	100	104	204	0.490196078431373
FBgn0283442	79	82	161	0.490683229813665
FBgn0283450	12	7	19	0.631578947368421
FBgn0283451	476	5	481	0.98960498960499
FBgn0283461	38	36	74	0.513513513513513
FBgn0283462	0	0	0	NA
FBgn0283467	76	64	140	0.542857142857143
FBgn0283468	152	128	280	0.542857142857143
FBgn0283469	139	1	140	0.992857142857143
FBgn0283471	145	1	146	0.993150684931507
FBgn0283472	258	291	549	0.469945355191257
FBgn0283473	12	0	12	1
FBgn0283476	849	9	858	0.989510489510489
FBgn0283477	133	113	246	0.540650406504065
FBgn0283478	107	92	199	0.537688442211055
FBgn0283479	58	53	111	0.522522522522523
FBgn0283480	141	138	279	0.505376344086022
FBgn0283494	8	6	14	0.571428571428571
FBgn0283499	598	577	1175	0.508936170212766
FBgn0283500	133	132	265	0.50188679245283
FBgn0283501	175	220	395	0.443037974683544
FBgn0283503	288	279	567	0.507936507936508
FBgn0283508	208	200	408	0.509803921568627
FBgn0283509	66	83	149	0.442953020134228
FBgn0283510	145	126	271	0.535055350553506
FBgn0283521	1228	1251	2479	0.495361032674466
FBgn0283525	71	84	155	0.458064516129032
FBgn0283531	349	415	764	0.456806282722513
FBgn0283535	13	14	27	0.481481481481481
FBgn0283536	1	4	5	0.2
FBgn0283545	60	0	60	1
FBgn0283546	0	0	0	NA
FBgn0283547	7	9	16	0.4375
FBgn0283548	0	0	0	NA
FBgn0283549	0	0	0	NA
FBgn0283550	10	9	19	0.526315789473684
FBgn0283551	29	28	57	0.508771929824561
FBgn0283553	0	0	0	NA
FBgn0283554	0	0	0	NA
FBgn0283555	0	0	0	NA
FBgn0283557	14	6	20	0.7
FBgn0283558	0	0	0	NA
FBgn0283559	4	0	4	1
FBgn0283560	0	0	0	NA
FBgn0283561	0	0	0	NA
FBgn0283562	0	0	0	NA
FBgn0283625	48	56	104	0.461538461538462
FBgn0283626	44	53	97	0.45360824742268
FBgn0283627	40	29	69	0.579710144927536
FBgn0283637	0	0	0	NA
FBgn0283638	0	0	0	NA
FBgn0283639	1	0	1	1
FBgn0283649	23	15	38	0.605263157894737
FBgn0283651	469	434	903	0.51937984496124
FBgn0283652	38	21	59	0.644067796610169
FBgn0283657	433	5	438	0.988584474885845
FBgn0283658	197	200	397	0.496221662468514
FBgn0283659	86	69	155	0.554838709677419
FBgn0283666	74	112	186	0.397849462365591
FBgn0283678	84	98	182	0.461538461538462
FBgn0283680	320	4	324	0.987654320987654
FBgn0283681	35	32	67	0.522388059701492
FBgn0283682	286	247	533	0.536585365853659
FBgn0283712	147	1	148	0.993243243243243
FBgn0283724	224	199	423	0.529550827423168
FBgn0283728	103	67	170	0.605882352941176
FBgn0283741	269	2	271	0.992619926199262
FBgn0284080	0	0	0	NA
FBgn0284081	0	0	0	NA
FBgn0284082	46	55	101	0.455445544554455
FBgn0284083	0	0	0	NA
FBgn0284084	131	134	265	0.494339622641509
FBgn0284220	90	107	197	0.456852791878173
FBgn0284221	391	447	838	0.466587112171838
FBgn0284222	0	0	0	NA
FBgn0284223	0	0	0	NA
FBgn0284224	0	0	0	NA
FBgn0284225	0	0	0	NA
FBgn0284226	0	0	0	NA
FBgn0284227	0	0	0	NA
FBgn0284228	0	0	0	NA
FBgn0284229	0	0	0	NA
FBgn0284230	0	0	0	NA
FBgn0284231	0	0	0	NA
FBgn0284232	0	0	0	NA
FBgn0284233	0	0	0	NA
FBgn0284234	0	0	0	NA
FBgn0284235	0	0	0	NA
FBgn0284236	0	0	0	NA
FBgn0284237	0	0	0	NA
FBgn0284238	27	30	57	0.473684210526316
FBgn0284243	86	130	216	0.398148148148148
FBgn0284244	213	187	400	0.5325
FBgn0284245	99	111	210	0.471428571428571
FBgn0284246	60	53	113	0.530973451327434
FBgn0284247	868	793	1661	0.522576760987357
FBgn0284248	55	51	106	0.518867924528302
FBgn0284249	40	30	70	0.571428571428571
FBgn0284250	409	381	790	0.517721518987342
FBgn0284251	147	151	298	0.493288590604027
FBgn0284252	179	172	351	0.50997150997151
FBgn0284253	282	332	614	0.45928338762215
FBgn0284254	17	18	35	0.485714285714286
FBgn0284255	49	40	89	0.550561797752809
FBgn0284256	227	229	456	0.49780701754386
FBgn0284257	250	195	445	0.561797752808989
FBgn0284408	1368	24	1392	0.982758620689655
FBgn0284409	19	19	38	0.5
FBgn0284410	21	26	47	0.446808510638298
FBgn0284411	47	43	90	0.522222222222222
FBgn0284412	2	1	3	0.666666666666667
FBgn0284413	48	33	81	0.592592592592593
FBgn0284414	57	78	135	0.422222222222222
FBgn0284415	56	62	118	0.474576271186441
FBgn0284416	44	46	90	0.488888888888889
FBgn0284417	32	28	60	0.533333333333333
FBgn0284418	23	22	45	0.511111111111111
FBgn0284419	20	23	43	0.465116279069767
FBgn0284420	34	23	57	0.596491228070175
FBgn0284421	67	53	120	0.558333333333333
FBgn0284435	67	0	67	1
FBgn0284436	69	86	155	0.445161290322581
FBgn0284442	194	2	196	0.989795918367347
FBgn0284444	1	0	1	1
FBgn0285879	305	1	306	0.996732026143791
FBgn0285892	222	208	430	0.516279069767442
FBgn0285896	257	299	556	0.462230215827338
FBgn0285910	84	0	84	1
FBgn0285911	114	125	239	0.476987447698745
FBgn0285912	97	83	180	0.538888888888889
FBgn0285913	135	135	270	0.5
FBgn0285917	402	389	791	0.508217446270544
FBgn0285925	233	273	506	0.460474308300395
FBgn0285926	411	4	415	0.990361445783133
FBgn0285937	16	23	39	0.41025641025641
FBgn0285938	95	87	182	0.521978021978022
FBgn0285940	16	16	32	0.5
FBgn0285941	0	0	0	NA
FBgn0285943	179	162	341	0.524926686217009
FBgn0285944	1035	9	1044	0.991379310344828
FBgn0285947	72	1	73	0.986301369863014
FBgn0285948	59	65	124	0.475806451612903
FBgn0285949	28	26	54	0.518518518518518
FBgn0285950	19	14	33	0.575757575757576
FBgn0285951	15	16	31	0.483870967741935
FBgn0285952	36	41	77	0.467532467532468
FBgn0285954	102	0	102	1
FBgn0285955	431	423	854	0.504683840749415
FBgn0285958	0	0	0	NA
FBgn0285959	0	0	0	NA
FBgn0285962	53	29	82	0.646341463414634
FBgn0285963	469	515	984	0.476626016260163
FBgn0285966	0	0	0	NA
FBgn0285969	5	2	7	0.714285714285714
FBgn0285970	1	0	1	1
FBgn0285971	78	88	166	0.469879518072289
FBgn0285975	0	0	0	NA
FBgn0285976	0	0	0	NA
FBgn0285991	67	64	131	0.511450381679389
FBgn0285992	6	0	6	1
FBgn0285993	0	0	0	NA
FBgn0285994	0	0	0	NA
FBgn0286004	1	0	1	1
FBgn0286005	0	0	0	NA
FBgn0286006	0	0	0	NA
FBgn0286007	0	0	0	NA
FBgn0286027	89	86	175	0.508571428571429
FBgn0286028	77	63	140	0.55
FBgn0286029	46	2	48	0.958333333333333
FBgn0286030	24	46	70	0.342857142857143
FBgn0286031	49	30	79	0.620253164556962
FBgn0286032	16	13	29	0.551724137931034
FBgn0286033	36	53	89	0.404494382022472
FBgn0286034	108	101	209	0.516746411483254
FBgn0286035	0	0	0	NA
FBgn0286036	0	0	0	NA
FBgn0286037	5	6	11	0.454545454545455
FBgn0286038	8	20	28	0.285714285714286
FBgn0286039	0	0	0	NA
FBgn0286040	29	0	29	1
FBgn0286041	2	5	7	0.285714285714286
FBgn0286042	21	31	52	0.403846153846154
FBgn0286051	117	134	251	0.466135458167331
FBgn0286070	275	274	549	0.500910746812386
FBgn0286071	464	420	884	0.524886877828054
FBgn0286075	122	110	232	0.525862068965517
FBgn0286198	308	261	569	0.541300527240773
FBgn0286199	124	126	250	0.496
FBgn0286203	289	272	561	0.515151515151515
FBgn0286204	143	126	269	0.531598513011152
FBgn0286213	30	22	52	0.576923076923077
FBgn0286222	133	1	134	0.992537313432836
FBgn0286506	3	0	3	1
FBgn0286507	19	22	41	0.463414634146341
FBgn0286508	0	0	0	NA
FBgn0286511	234	216	450	0.52
FBgn0286516	72	66	138	0.521739130434783
FBgn0286517	4	0	4	1
FBgn0286518	0	0	0	NA
FBgn0286519	0	0	0	NA
FBgn0286567	276	252	528	0.522727272727273
FBgn0286723	143	146	289	0.494809688581315
FBgn0286726	1	5	6	0.166666666666667
FBgn0286727	7	9	16	0.4375
FBgn0286728	41	27	68	0.602941176470588
FBgn0286729	0	0	0	NA
FBgn0286730	23	13	36	0.638888888888889
FBgn0286731	20	23	43	0.465116279069767
FBgn0286732	17	26	43	0.395348837209302
FBgn0286733	16	15	31	0.516129032258065
FBgn0286734	7	7	14	0.5
FBgn0286735	22	32	54	0.407407407407407
FBgn0286736	37	41	78	0.474358974358974
FBgn0286737	0	0	0	NA
FBgn0286738	0	0	0	NA
FBgn0286739	0	0	0	NA
FBgn0286740	0	0	0	NA
FBgn0286741	0	0	0	NA
FBgn0286758	0	0	0	NA
FBgn0286778	211	223	434	0.486175115207373
FBgn0286781	87	99	186	0.467741935483871
FBgn0286782	146	169	315	0.463492063492064
FBgn0286783	60	58	118	0.508474576271186
FBgn0286784	63	94	157	0.401273885350318
FBgn0286785	299	338	637	0.469387755102041
FBgn0286786	32	23	55	0.581818181818182
FBgn0286788	82	72	154	0.532467532467532
FBgn0286809	363	2	365	0.994520547945206
FBgn0286813	160	133	293	0.546075085324232
FBgn0286818	39	24	63	0.619047619047619
FBgn0286827	373	377	750	0.497333333333333
FBgn0286828	112	101	213	0.525821596244131
FBgn0286831	367	2	369	0.994579945799458
FBgn0286833	14	12	26	0.538461538461538
FBgn0286834	10	24	34	0.294117647058824
FBgn0286852	182	187	369	0.493224932249323
FBgn0286867	0	0	0	NA
FBgn0286868	0	0	0	NA
FBgn0286869	52	0	52	1
FBgn0286870	0	0	0	NA
FBgn0286871	11	14	25	0.44
FBgn0286872	70	77	147	0.476190476190476
FBgn0286873	25	27	52	0.480769230769231
FBgn0286874	12	11	23	0.521739130434783
FBgn0286875	38	38	76	0.5
FBgn0286876	36	24	60	0.6
FBgn0286877	87	0	87	1
FBgn0286878	15	0	15	1
FBgn0286879	0	0	0	NA
FBgn0286880	45	26	71	0.633802816901408
FBgn0286881	45	0	45	1
FBgn0286882	54	60	114	0.473684210526316
FBgn0286883	9	6	15	0.6
FBgn0286884	57	38	95	0.6
FBgn0286885	29	21	50	0.58
FBgn0286889	10	15	25	0.4
FBgn0286890	23	35	58	0.396551724137931
FBgn0286891	32	34	66	0.484848484848485
FBgn0286892	22	37	59	0.372881355932203
FBgn0286893	0	0	0	NA
FBgn0286898	95	83	178	0.533707865168539
FBgn0286913	61	82	143	0.426573426573427
FBgn0286914	55	50	105	0.523809523809524
FBgn0286915	0	0	0	NA
FBgn0286916	0	0	0	NA
FBgn0286917	0	0	0	NA
FBgn0286918	16	6	22	0.727272727272727
FBgn0286919	45	0	45	1
FBgn0286920	0	0	0	NA
FBgn0286921	0	8	8	0
FBgn0286925	126	95	221	0.570135746606335
FBgn0286926	14	13	27	0.518518518518518
FBgn0286927	35	24	59	0.593220338983051
FBgn0286928	40	2	42	0.952380952380952
FBgn0286929	0	0	0	NA
FBgn0286930	0	0	0	NA
FBgn0286931	0	0	0	NA
FBgn0286932	0	0	0	NA
FBgn0286933	75	89	164	0.457317073170732
FBgn0286937	17	11	28	0.607142857142857
FBgn0286938	69	60	129	0.534883720930233
FBgn0286939	0	0	0	NA
FBgn0286940	0	0	0	NA
FBgn0286941	0	0	0	NA
